2004                       OBSERVED DAILY SOLAR FLUX                       2004
Penticton            2800 MHz Series C (Multiplied by Ten)              2000 UT
===============================================================================
  Day   Jan   Feb   Mar   Apr   May   Jun   Jul   Aug   Sep   Oct   Nov   Dec
-------------------------------------------------------------------------------
    1  1160   973  1018  1128   942   900   813   834   899   880  1355  1110
    2  1165  1015   988  1081   975   904   807   845   939   880  1331  1056
    3  1161   994   904  1074   913   900   795   876   967   890  1359  1008
    4  1194  1014   975  1089   874   894   794   854   993   907  1360   974
    5  1230  1055  1067  1087   885   845   782   889  1032   908  1412   959

    6  1173  1067  1045  1014   864   884   789   910  1065   921  1288   932
    7  1188  1111  1061   981   852   885   793   946  1189   938  1296   897
    8  1201  1162  1078   935   872   860   818  1048  1245   906  1241   965
    9  1184  1178  1087   900   932   852   867  1139  1310   880  1409   874
   10  1192  1165  1126   877   930   825   933  1214  1300   890  1046   848

   11  1185  1142  1132   896   902   839  1044  1308  1164   869   949   898
   12  1183  1122  1075   913   988   880  1250  1472  1146   876   974   905
   13  1179  1078  1038   931  1008   952  1273# 1486  1177   871*  964   897
   14  1211  1037  1025   952  1096   999  1381  1492  1147   907  1003   893
   15  1191  1021  1014   967  1153  1094  1457  1388  1096   892  1056   893

   16  1203   987  1096   969  1183  1115  1465  1336  1083   917  1084   900
   17  1226  1019  1098   982  1111  1113  1492  1350  1045   919  1049   899
   18  1195   977  1154  1090  1078  1078  1551  1399  1027   962  1040   906
   19  1346   964  1122  1134  1088  1127  1702  1206  1052   991  1022   940
   20  1289   954  1136  1107  1046  1191  1752  1214  1005  1113   993   939

   21  1301   982  1112  1127  1069  1158  1722  1200   949  1121  1009  1010
   22  1218  1039  1164  1171  1024  1167  1729  1152   914  1225  1063   988
   23  1152  1043  1183  1153  1040  1125  1651  1095   902  1316  1069   964
   24  1075  1055  1197  1116  1052  1083  1472  1049   894  1402  1073   972
   25  1023  1185  1270  1071  1024  1029  1395* 1004   895  1396* 1094   930

   26   980  1208  1238   996  1033   989  1280   975   895  1367  1111   917
   27   937  1222  1276   951  1018   972  1181   905   898  1295  1103   969
   28   885  1158  1290   895  1024   894  1007   872   899  1334  1128  1052
   29   874  1100  1286   885  1012   851   997   861   898  1288  1114   985
   30   927        1267   894   996   818   887   899   882  1364  1106  1000

   31   944        1212         954         864   881        1392         985
-------------------------------------------------------------------------------
 Mean  1141  1070  1120  1012   998   974  1185  1100  1030  1059  1137   950
-------------------------------------------------------------------------------
#=17UT Reading       *=23UT Reading

