2003                       OBSERVED DAILY SOLAR FLUX                       2003
Penticton            2800 MHz Series C (Multiplied by Ten)              2000 UT
===============================================================================
  Day   Jan   Feb   Mar   Apr   May   Jun   Jul   Aug   Sep   Oct   Nov   Dec
-------------------------------------------------------------------------------
    1  1150  1258  1381  1530  1487  1123  1311  1073  1081  1368  2104  1433
    2  1183  1267  1473  1575  1430* 1214  1348  1114  1057  1248  1904  1393
    3  1376  1325  1491  1557  1477  1145  1322  1200  1105  1201  1669  1238
    4  1430  1348  1460  1486* 1420  1056  1400  1225  1122  1190  1684# 1158
    5  1481  1401  1485  1374  1288  1136  1419  1306  1080  1096  1140  1117

    6  1621  1495  1503  1259  1220  1256  1296  1287  1049  1121   978  1089
    7  1632  1473  1499  1156  1102  1332  1333  1370  1078  1119   910   920
    8  1737  1392  1483  1123  1009  1534  1313  1329   988  1133   927   937
    9  1829  1414  1527  1094   971  1583  1260  1300   959  1108   930   922
   10  1847  1362  1437  1037   927  1765  1228  1311   993  1118   946   892

   11  1888  1349  1415  1026   915  1929  1220  1292   967  1058   956   861
   12  1734  1316  1380  1021   939  1635  1215  1233   944   978   987   872
   13  1718  1306  1342  1024   961  1510  1265  1308   961   944  1021   878
   14  1640  1314  1389  1020   963  1335  1272  1297   947   924   989   924
   15  1499  1236  1307  1005   992  1287  1258  1314   973   959   978  1008

   16  1446  1185  1286   985  1026  1226  1331  1269   993   952  1044  1063
   17  1417  1121  1244* 1010  1024  1219  1387  1193  1059   988  1210  1175
   18  1374  1099  1184  1078  1090  1204  1397  1159  1092  1086  1443  1230
   19  1302  1163  1082  1121  1147  1229  1460  1167  1111  1204  1551  1225
   20  1380  1183   974  1185  1171  1169  1573  1118  1119  1351  1752  1301

   21  1336  1196   910  1258  1193  1150  1556  1192  1199  1515  1770  1334
   22  1295  1066   890  1324  1184  1102  1525  1209  1226  1535* 1762  1376
   23  1359  1040   930  1328  1179  1135  1441  1202  1249  1832* 1782  1420
   24  1298  1020   978  1283  1168  1145  1252  1164  1335  1906  1773  1389
   25  1289  1016  1088  1436  1211  1163  1116  1165  1326  2215  1707  1391

   26  1250  1094  1272  1437  1251  1189  1026  1208  1311  2434# 1709  1372
   27  1213  1176  1411  1541  1288  1239  1017  1257  1297  2572  1747  1266*
   28  1256  1249  1469  1522  1302  1239  1034  1187  1370  2744  1677  1190
   29  1244        1551  1551  1378  1273   999  1163  1351  2791* 1659  1145
   30  1212        1545  1535  1172  1282   987  1140  1330  2714  1528  1077

   31  1204        1601        1131        1021  1097        2489        1056
-------------------------------------------------------------------------------
 Mean  1440  1245  1322  1263  1162  1293  1277  1221  1122  1513  1408  1150
-------------------------------------------------------------------------------
* 1700UT or 1800UT Reading - Burst in progress at 2000UT
# 2300UT Reading with a burst in progress

