1992                       OBSERVED DAILY SOLAR FLUX                       1992
Penticton            2800 MHz Series C (Multiplied by Ten)              2000 UT
===============================================================================
  Day   Jan   Feb   Mar   Apr   May   Jun   Jul   Aug   Sep   Oct   Nov   Dec
-------------------------------------------------------------------------------
    1  2485  2838  2004  1861  1309   986  1298  1103   998  1179  1471  1314
    2  2602  2883  1814  1612  1358  1021  1366  1245  1045  1194  1410  1303
    3  2796  2709  1630  1597  1257  1069  1365  1313  1070  1201  1351  1255
    4  2747  2515  1597  1539  1347  1083  1367  1309  1047  1261  1428  1198
    5  2665  2463  1548  1544  1330  1150  1457  1305  1193  1302  1360  1163

    6  2541  2386  1555  1427  1306  1196  1504  1380  1392  1374  1329  1198
    7  2624  2406  1596  1415  1291  1157  1547  1415  1317  1361  1349  1201
    8  2617  2250  1820  1512  1426  1152  1515  1435  1289  1256  1322  1290
    9  2573  2356  1717  1397  1267  1186  1596  1373  1169  1213  1324  1340
   10  2328  2408  1693  1406  1244  1254  1700  1327  1169  1125  1364  1422

   11  2093  2242  1652  1433  1263  1290  1683  1304  1186  1105  1348  1644
   12  1886  2103  1637  1439  1251  1267  1720  1283  1173  1070  1274  1686
   13  1833  1980  1652  1463  1256  1236  1756  1289  1273  1087  1249  1733
   14  1786  2037  1647  1541  1265  1233  1755  1287  1217  1055  1261  1672
   15  1733  2028  1690  1493  1221  1208  1678  1305  1202   984  1269  1555

   16  1613  2000  1613  1577  1159  1191  1576  1366  1266  1006  1367  1507
   17  1556  2065  1591  1841  1129  1301  1359  1338  1194  1066  1523  1503
   18  1519  2064  1604  2030  1174  1160  1261  1296  1175  1123  1619L 1498
   19  1601  1957  1674  2057  1314  1153  1185  1348  1125  1245  1609  1470
   20  1683  2035  1685  2045  1370  1131  1235  1555  1063  1331  1588  1479

   21  1742  2171  1676  1951  1419  1174  1083  1249  1095  1406  1653K 1454
   22  1730  2345  1607  1827  1448  1161  1043  1216  1116  1507  1662  1421
   23  1731  2493  1663  1727  1420  1215   988  1107  1119  1418  1762  1438
   24  1784  2554  1757  1609  1335  1179  1001  1018  1120  1468  1738  1363
   25  2022  2534  1860  1538  1229  1233   984   981  1159  1612  1668  1362

   26  2090  2529  1786  1432  1189  1116  1011   925  1167  1699  1625  1313
   27  2207  2442  1807  1372  1146  1095  1003   938  1211  1711  1568  1250
   28  2377  2332  1860  1285  1109  1083   956   957  1162  1747  1487  1272
   29  2662  2178  1928  1305  1052  1107   981   953  1173  1638  1398  1251
   30  2803        1824  1279   990  1229   969   948  1159  1580* 1398  1257

   31  3023        1914         990        1032   972        1496        1297
-------------------------------------------------------------------------------
 Mean  2176  2321  1713  1585  1254  1167  1322  1221  1168  1317* 1452  1391
-------------------------------------------------------------------------------
* = 17UT mrasurement (burst in progress at 20UT)       1992 Yearly Mean =1507
K = wet snow on antenna--no value measured (2300 UT measurement)
L = value enhanced by burst

