2002                       OBSERVED DAILY SOLAR FLUX                       2002
Penticton            2800 MHz Series C (Multiplied by Ten)              2000 UT
===============================================================================
  Day   Jan   Feb   Mar   Apr   May   Jun   Jul   Aug   Sep   Oct   Nov   Dec
-------------------------------------------------------------------------------
    1  2322  2456  1877  2070  1624  1788  1474  1926  1805  1398  1622  1496
    2  2311  2406  1910  2060  1690  1749  1485  1803  1738  1358  1646  1461
    3  2203  2329  1827  2094  1791  1704  1474* 1678  1714  1459  1692  1459
    4  2182  2346  1749  2162  1895  1698  1463  1509  1713  1575  1774  1487
    5  2122  2206  1722  2174  1800  1590  1388  1419  1752  1551  1831  1487

    6  1966  2025  1778  2063  1908  1545  1335  1446  1781  1617  1845  1482
    7  1886  1917  1797  2079  1868  1583  1369  1362  1828  1638  1898  1511
    8  1992  1915  1768  2062  1866  1552  1309  1346  1916  1654  1890  1544
    9  2285  1994  2077# 2050  1900  1571  1363  1401  2060  1672  1906  1563
   10  2246  2165  1793  1943  1910  1516  1288  1484  2205  1719  1914  1614

   11  2289  2017  1823  1974  1880  1478  1364  1723  2161  1794  1847  1523
   12  2333  2083  1784  2119  1833  1417  1332  1839  2124  1804  1782  1531
   13  2407  2035  1843  2260  1720  1334  1349  1918  2061  1792  1824  1669
   14  2290  1961  1807  2103  1607  1314  1438  2081  2069  1812  1841  1859
   15  2183  1950  1759  2033  1592  1353  1595* 2103  1878  1768  1975  2030

   16  2161  1935  1846  1957  1584  1367  1715  2138  1826  1825  1992  2029
   17  2118  1966  1844  1935  1571  1429  1800  2267  1940  1789  1847  2125
   18  2105  1928  1781  1882  1630  1429  1807  2410  1768  1726  1789  1969
   19  2137  1894  1748  1797  1709  1458  1823  2370  1653  1795  1682  1929
   20  2222  1934  1878  1773  1713  1451  1848  2275  1644  1803  1591  1966

   21  2245  2011  1741  1734  1859  1396  1828  2199  1586  1825  1509  1839
   22  2287  1919  1716  1699  1811  1420  1897  2201  1600  1694  1491  1720
   23  2265  1882  1704  1753  1803  1428  1983  2245  1538  1636  1475  1589
   24  2308  1928  1753  1769  1891  1503  2084  1956  1579  1603  1462  1473
   25  2348  2106  1700  1673  1826  1447  2177  1786  1534  1729  1368  1319

   26  2565  2075  1657  1626  1831  1438  2415  1686  1499  1580  1423  1274
   27  2480  1986  1691  1569  1867  1386  2308  1614  1516  1571  1426  1165
   28  2598  2042  1762  1471  1864  1373  2388  1632  1486  1583  1397  1169
   29  2610        1813  1530  1848  1427  2340  1693  1381  1616  1413  1148
   30  2563        1887  1534  1801  1465  2272  1702+ 1397  1677  1462  1138

   31  2426        2044        1819        2085  1803        1702        1151
-------------------------------------------------------------------------------
 Mean  2273  2050  1803  1898  1784  1487  1735  1839  1758  1670  1687  1572
-------------------------------------------------------------------------------
# - Burst in progress, * - 1700UT reading, burst in progress at 2000UT.
+ - 1700UT reading, 2000UT not available.

