2008                       OBSERVED DAILY SOLAR FLUX                       2008
Penticton            2800 MHz Series C (Multiplied by Ten)              2000 UT
===============================================================================
  Day   Jan   Feb   Mar   Apr   May   Jun   Jul   Aug   Sep   Oct   Nov   Dec
-------------------------------------------------------------------------------
    1   794   711   686   778   685   666   656   661   658   658   667   681
    2   796   718   692   759   681   671   659   662   660   663   691   689
    3   793     *   684   764   673   663   655   655   662   672   695   692
    4   790   713   683   730   683   652   654   662   659   666   680   696
    5   797   705   693   710   676   664   651   665   652   674   677   688

    6   792   716   703   694   672   659   661   670   658   672   686   691
    7   777   708   705   691   665   656   655   661   666   667   678   690
    8   755   709   698   698   664   649   655   655   671   677   683   685
    9   765   722   695   680   673   660   660   655   671   687   684   687
   10   757   726   703   679   674   662   654   656   672   689   693   708

   11   760   721   702   671   680   657   657   657   669   708   714   702
   12   757   721   694   682   680   671   649   652   663   701   709   710
   13   753   705   695   693   683   665   652   653   664   709   691   697
   14   756   706   699   685   690   671   656   659   668   704   683   688
   15   737   697   695   692   711   665   657   653   675   709   682   689

   16   729   703   703   695   716   653   646   662   694   719   677   694
   17   737   711   698   692   712   659   650   665   671   700   677   688
   18   711   712   696   702   716   654   653   662   672   692   698   684
   19   708   717   690   710   689   649   664   673   679   696   694   692
   20   702   709   684   708   686   652   659   659   678   692   696   691

   21   716   718   682   709   691   648   662   671   679   688   685     *
   22   703   724   696   713   693   654   658   676   691   677   690   677
   23   706   716   720   707   678   653   655   679   694   672   690   686
   24   713   707   794   704   685   658   654   671   684   675   679   694
   25   710   714   886   698   683   659   658   666   682   675   677   693

   26   725   707   816   690   680   654   661   669   677   669   683   692
   27   720   707   848   681   679   661   663   666   673   670   682   694
   28   713   700   829   685   678   659   663   661   670   671   670   698
   29   716   698   826   686   681   666   660   668   668   667   682   698
   30   727         805   670   671   667   665   671   662   668   684   685

   31   720         792         669         655   667         681         693
-------------------------------------------------------------------------------
 Mean   743   711   729   702   684   659   657   663   671   683   686   692
-------------------------------------------------------------------------------
 *  =  No data available

