1995                       OBSERVED DAILY SOLAR FLUX                       1995
Penticton            2800 MHz Series C (Multiplied by Ten)              2000 UT
===============================================================================
  Day   Jan   Feb   Mar   Apr   May   Jun   Jul   Aug   Sep   Oct   Nov   Dec
-------------------------------------------------------------------------------
    1   754   871   900   754   686   705   788   726   737   726   745   727
    2   773   860   903   763   688   733   777   735   733   725   733   733
    3   768   827   910   752   690   747   781   733   736   710   726   733
    4   769   860   891   731   706   791   808   730   744   708   732   728
    5   763   811   842   721   729   817   802   751   746   698   751   736
                                                                          
    6   744   843   835   718   764   794   809   751   718   710   748   740
    7   747   838   840   706   776   825   806   737   702   729   746*  741
    8   737   855   808   718   780   842   815   736   691   743   763   741
    9   738   837   769   726   778   864   802   734   687   761   772   739
   10   733   815   791   745   778   844   773   730   680   823   781   735
                                                                          
   11   753   811   761   777   768   825   761   729   680   895   774   734
   12   762   811   762   819   808   807   743   719   686   922   762   723
   13   749   857   775   828   805   768   725   708   692   879   731   726
   14   773   824   790   883   799   757   744   701   695   872   750   698
   15   806   849   811   914   859   733   744   714   701   830   766   702
                                                                          
   16   828   856   842   890   938   708   735   705   696   856   759   699
   17   835   890   834   889   952   699   723   698   698   846   751   693
   18   866   888   918   899   913   695   720   719   716   815   751   686
   19   902   946   842   918   863   713   705   716   736   805   740   692
   20   925   908   891   864   808   719   697   713   755   825   732   696
                                                                          
   21   965   890   900   847   751   723   685   710   739   810   728   700
   22   955   852   935   839   708   731   688   703   745   805   728   712
   23   960   846   942   767   687   719   685   743   750   767   727   723
   24   971   834   950   725   671   711   693   771   737   743   722   722
   25   896   833   923   704   671   708   697   771   740   740   718   725
                                                                          
   26   857   862   903   693   663   709   694   773   735   739   727   741
   27   885   876   890   682   658   723   704   799   723   740   708   740
   28   827   907   837   677   666   745   704   816   727   738   735   760
   29   846         809   680   668   775   698   781   737   738   723   764
   30   865         797   672   675   781   697   774   728   733   743   753
                                                                          
   31   867         768         689         708   756         733         751
-------------------------------------------------------------------------------
 Mean   827   856   851   777   755   757   739   738   720   779   742   726
-------------------------------------------------------------------------------
                                                       1995 Yearly Mean = 
* = Average reading from 1800 and 2200UT.  2000UT reading not available.

