2010                       OBSERVED DAILY SOLAR FLUX                       2010
Penticton            2800 MHz Series C (Multiplied by Ten)              2000 UT
===============================================================================
  Day   Jan   Feb   Mar   Apr   May   Jun   Jul   Aug   Sep   Oct   Nov   Dec
-------------------------------------------------------------------------------
    1   752   753   779   792   778   727   730   797   763   867   791   865
    2   780   752   794   762   795   740   734   791   770   850   789   865
    3   764   744   804   774   803   746   724   806   772   800   785   868
    4   730   739   813   787   817   719   716   808   822   761   792   874
    5   768   778   795   793   832   703   727   827   821   754   830   879

    6   773   875   783   775   791   680   727   820   797   742   886   885
    7   781   903   766   763   790   685   741   905   762   751   850   871
    8   774   937   763   757   788   719   756   826   745   749   837   872
    9   817   914   779   760   754   715   800   841   737   764   841   868
   10   844   913   803   750   736   729   799   835   753   759   856   884

   11   892   942   842   746   735   746   826   858   780   753   845   869
   12   933   955   896   745   712   762   800   838   783   752   854   894
   13   905   941   918   749   694   763   785   837   795   781   854   877
   14   899   894   894   751   697   728   777   852   807   804   864   903
   15   853   876   864   745   703   701   759   856   812   822   908   869

   16   842   868   852   748   685   716   766   847   825   869   918   841
   17   826   869   867   739   692   704   787   811   822   836   912   816
   18   815   850   858   747   687   705   769   798   821   906   865   805
   19   842   837   844   754   686   689   798   779   812   866   840   809
   20   817   838   835   756   688   700   870   771   826   839   798   779

   21   826   835   848   761   709   720   891   755   846   835   776   779
   22   824   837   825   761   725   733   877   746   848   822   748   777
   23   846   842   839   750   745   740   864   749   843   843   753   801
   24   846   826   844   742   726   744   852   736   826   821   758   786
   25   812   827   876   754   732   745   852   735   829   862   779   794

   26   798   805   859   760   724   745   844   734   839   861   762   805
   27   778   786   881   748   727   729   826   732   830   876   765   801
   28   763   781   860   761   732   739   853   719   832   864   801   807
   29   733         832   762   737   736   846   739   907   857   825   826
   30   750         828   786   730   738   832   750   899   848   864   829

   31   753         810         720         815   746         812         909
-------------------------------------------------------------------------------
 Mean   811   847   834   759   738   725   798   795   811   817   825   842
-------------------------------------------------------------------------------


