2009                       OBSERVED DAILY SOLAR FLUX                       2009
Penticton            2800 MHz Series C (Multiplied by Ten)              2000 UT
===============================================================================
  Day   Jan   Feb   Mar   Apr   May   Jun   Jul   Aug   Sep   Oct   Nov   Dec
-------------------------------------------------------------------------------
    1   689   695   694   708   685   725   675   681   691   720   723   722
    2   699   691   692   706   683   719   665   681   682   716   714   714
    3   695   693   691   704   686   725   673   674   686   716   715   716
    4   688   695   697   701   680   710   710   658   684   711   714   715
    5   692   701   692   704   680   701   716   662   685   699   705   717

    6   687   701   691   688   687   690   689   668   692   689   709   719
    7   690   711   691   702   695   689   713   678   688   685   706   711
    8   687   712   689   700   708   690   708   670   689   688   709   722
    9   697   707   681   701   723   691   691   672   692   692   721   730
   10   709   676   688   694   718   692   678   671   693   700   728   739

   11   700   703   689   693   719   693   682   666   693   704   724   721
   12   693   697   687   693   739   690   680   665   690   701   732   745
   13   705   701   682   684   738   682   672   672   691   698   741   755
   14   712   701   685   694   739   681   666   676   690   709   748   786
   15   711   696   684   694   737   674   665   681   692   704   751   816

   16   708   695   694   699   742   683   667   688   688   696   762   832
   17   719   706   688   698   740   678   662   681   691   707   772   869
   18   711   698   684   699   729   677   670   674   690   701   761   842
   19   708   689   691   701   723   670   676   671   705   709   767   817
   20   704   692   687   698   715   667   682   676   713   710   762   837

   21   694   706   701   710   718   670   677   664   719   713   758   827
   22   690   703   687   711   721   680   678   666   747   716   763   822
   23   700   708   680   706   704   679   678   673   761   729   757   784
   24   688   710   691   697   692   668   683   676   746   756   747   771
   25   698   707   685   694   689   680   691   671   724   755   742   760

   26   699   699   691   692   681   668   676   673   718   813   747   759
   27   697   689   716   677   667   670   684   677   723   815   737   768
   28   695   706   706   688   677   670   687   679   732   799   729   758
   29   693         709   695   682   685   683   680   723   767   721   751
   30   691         709   694   685   682   680   672   720   752   724   769

   31   694         712         685         687   683         751         799
-------------------------------------------------------------------------------
 Mean   698   700   692   697   705   686   682   674   705   723   736   768
-------------------------------------------------------------------------------


