2007                       OBSERVED DAILY SOLAR FLUX                       2007
Penticton            2800 MHz Series C (Multiplied by Ten)              2000 UT
===============================================================================
  Day   Jan   Feb   Mar   Apr   May   Jun   Jul   Aug   Sep   Oct   Nov   Dec
-------------------------------------------------------------------------------
    1   869   899   748   717   863   794   743   684   708   677   673   719
    2   900   903   755   712   874   832   726   694   694   664   679   730
    3   877   873   733   708   831   870   717   704   680   673   676   726
    4   894   837   725   707   825   857   724   694   682   673   677   736
    5   894   830   719   709   810   812   715   689   676   678   674   753

    6   873   819   719   710   781   846   711   700   667   690   685   782
    7   867   820   729   712   757   855   731   690   671   681   681   822
    8   880   784   725   711   734   843   751   690   666   681   697   869
    9   922   767   716   699   721   786   771   674   667   687   695   889
   10   862   759   712   694   712   759   781   675   669   681   698   869

   11   839   747   710   691   715   733   785   676   661   688   690   934
   12   838   736   712   683   714   704   769   681   659   686   697   939
   13   814   727   714   683   735   709   780   677   664   676   699   938
   14   821   727   700   682   729   685   757   685   668   671   704   919
   15   820   736   692   693   769   691   747   676   677   672   692   889

   16   787   747   687   693   771   680   729   673   670   671   706   817
   17   781   753   693   692   765   667   723   676   669   674   698   795
   18   768   758   705   688   758   666   696   679   665   682   688   768
   19   763   749   701   683   748   664   683   678   668   673   695   745
   20   788   747   726   685   741   657   673   691   668   669   697   726

   21   786   748   728   687   732   655   664   693   669   672   691   710
   22   785   755   725   689   720   653   662   700   667   667   697   715
   23   793   751   725   691   701   659   672   708   663   671   700   714
   24   804   755   728   732   699   669   680   716   661   675   713   714
   25   799   766   737   765   681   676   686   715   662   671   707   720

   26   797   754   738   805   677   705   684   701   665   675   715   726
   27   805   748   733   827   670   732   687   692   671   671   714   721
   28   817   758   746   849   687   749   699   701   672   675   712   718
   29   867         738   848   696   753   690   696   676   671   712   727
   30   875         741   870   707   740   689   716   650   672   712   750

   31   892         732         746         680   708         671         767
-------------------------------------------------------------------------------
 Mean   835   777   722   724   744   737   716   691   670   675   696   785
-------------------------------------------------------------------------------


