2012                       OBSERVED DAILY SOLAR FLUX                       2012
Penticton            2800 MHz Series C (Multiplied by Ten)              2000 UT
===============================================================================
  Day   Jan   Feb   Mar   Apr   May   Jun   Jul   Aug   Sep   Oct   Nov   Dec
-------------------------------------------------------------------------------
    1     *  1175  1034  1073  1099  1286  1334  1501  1456  1281   984  1017
    2  1347  1180  1082  1059  1155  1291  1659  1346  1423  1182   965   977
    3  1346  1111  1164  1035  1140  1294  1458  1397  1416  1117   933   966
    4  1362  1070  1201  1021  1140  1282  1632  1387  1376  1095   950   962
    5  1413  1027  1316  1009  1160  1387  1646  1340  1327  1062   966   955
                                                               
    6  1355  1120  1381   974  1173  1519  1577  1341  1280   988   987   974
    7  1405  1072  1357   985  1217  1282  1584  1285  1334   981  1017   971
    8  1358   972  1395   933  1228  1242  1777  1333  1286  1034  1041  1011
    9  1423   992  1455   945  1273  1283  1738  1312  1230  1062  1151  1037
   10  1288  1108  1489   933  1307  1283  1734  1254  1113  1120  1222  1040
                                                               
   11  1201  1123  1312   934  1364  1339  1617  1197  1051  1166  1333  1037
   12  1168  1104  1149   953  1295  1413  1654  1123  1026  1219  1438  1119
   13  1241  1084  1407   977  1305  1428  1472  1081   991  1249  1462  1166
   14  1323  1074  1188   981  1300  1486  1479  1058  1005  1321  1421  1192
   15  1335  1046  1106  1017  1290  1449  1405  1007   975  1368  1417  1224
                                                               
   16  1397  1032   985  1079  1309  1345  1544   983   973  1370  1383  1195
   17  1390  1037  1024  1138  1363  1240  1275   951  1015  1350  1355  1150
   18  1481  1041  1020  1215  1322  1180  1095   970  1043  1376  1410  1162
   19  1570  1053  1018  1378  1309  1099  1000   962  1098  1414  1339  1134
   20  1412  1111   996  1417  1308  1037   923   962  1174  1514  1412  1141
                                                               
   21  1416  1033   999  1491  1251   977   899   942  1169  1442  1404  1146
   22  1410  1042  1024  1479  1213   884   937   948  1245  1555  1277  1153
   23  1443  1033  1048  1418  1172   840   967   967  1336  1416  1267  1142
   24  1357  1089  1027  1336  1155   853  1024  1042  1366  1356  1180  1131
   25  1264  1080  1013  1272  1172   886  1054  1059  1398  1300  1216  1130
                                                               
   26  1282  1070  1024  1192  1100   992  1147  1132  1392  1307  1218  1098
   27  1417  1055  1056  1179  1107  1063  1233  1115  1332  1217  1171  1068
   28  1145  1033  1070  1211  1103  1197  1266  1112  1378  1170  1143  1058
   29  1098  1020  1115  1160  1063  1174  1314  1183  1360  1084  1131  1043
   30  1144        1106  1141  1110  1240  1360  1278  1356  1063  1106  1067
                                                               
   31  1165	   1101        1173        1398  1305        1042        1136
-------------------------------------------------------------------------------
 Mean  1331  1068  1150  1131  1215  1209  1361  1157  1230  1232  1209  1083

