1996                       OBSERVED DAILY SOLAR FLUX                       1996
Penticton            2800 MHz Series C (Multiplied by Ten)              2000 UT
===============================================================================
  Day   Jan   Feb   Mar   Apr   May   Jun   Jul   Aug   Sep   Oct   Nov   Dec
-------------------------------------------------------------------------------
    1   751   751   719   682   679   685   700   804   735   695   696   831
    2   748   764   711   707   679   682   704   796   723   697   690   780
    3   808   740   702   711   683   691   690   793   712   696   695   728
    4   859   735   692   702   694   692   691   776   708   694   690   707
    5   849   714   691   699   708   707   686   741   703   685   683   696
                                                                          
    6   827   712   694   687   746   716   682   730   697   688   692   697
    7   825   701   678   684   749   732   719   716   695   683   685   692
    8   793   675   698   684   761   702   816   698   682   679   691   686
    9   759   700   675   690   762   698   836   702   679   679   702   737
   10   738   698   691   688   775   689   798   716   680   676   710   724
                                                                          
   11   715   700   718   685   765   680   770   729   676   667   715   776
   12   695   691   732   683   736   674   737   701   678   672   722   811
   13   690   687   713   688   727   681   702   696   673   676   731   817
   14   697   689   708   687   718   677   678   688   671   686   737   825
   15   702   690   704   680   709   673   670   676   664   690   736   850
                                                                          
   16   699   701   710   683   710   669   669   676   680   686   739   862
   17   704   707   706   693   712   674   668   678   690   685   720   864
   18   710   702   706   701   703   677   649   667   689   696   741   884
   19   708   710   699   705   688   685   661   677   692   710   744   874
   20   714   722   693   715   680   697   654   685   692   713   745   830
                                                                          
   21   718   719   704   740   669   703   651   697   698   697   744   837
   22   723   716   738   724   664   697   660   728   686   698   826   815
   23   733   739   721   711   672   686   667   742   699   678   910   795
   24   730   757   712   686   672   723   662   746   700   699   998   790
   25   739   733   725   678   669   719   682   747   708   699  1044   773
                                                                          
   26   738   724   719   682   669   718   702   742   700   711  1036   755
   27   738   721   718   682   666   714   733   743   698   721  1027   746
   28   736   722   719   677   660   714   755   733   710   684   981   742
   29   740   722   705   684   665   709   779   735   701   704   910   738
   30   747         702   685   665   707   799   733   695   707   875   725
                                                                          
   31   767         701         680         802   762         697         722
-------------------------------------------------------------------------------
 Mean   745   715   707   693   701   696   712   724   694   692   787   778
-------------------------------------------------------------------------------
