2011                       OBSERVED DAILY SOLAR FLUX                       2011
Penticton            2800 MHz Series C (Multiplied by Ten)              2000 UT
===============================================================================
  Day   Jan   Feb   Mar   Apr   May   Jun   Jul   Aug   Sep   Oct   Nov   Dec
-------------------------------------------------------------------------------
    1      *  799  1105  1089  1061  1136   876  1249  1118  1369  1386  1522
    2   911   792  1134  1075  1098  1116   856  1216  1154  1309  1536  1573
    3   921   804  1209  1140  1070  1071   862  1199  1187  1289  1604  1641
    4   906   821  1268  1127  1069  1028   850  1163  1194  1303  1639  1636
    5   877   810  1346  1092  1049  1029   848  1094  1187  1267  1719  1581
                                                               
    6   868   802  1425  1171  1019  1002   846  1100  1115  1239  1767  1511
    7   864   823  1519  1123  1022   964   855  1054  1128  1220  1821  1489
    8   848   897  1667  1087  1022   902   858  1015  1101  1184  1810  1448
    9   827   887  1431  1050  1037   875   856   975  1118  1210  1802  1435
   10   833   914  1313  1048   975   867   907   903  1162  1264  1786  1400
                                                               
   11   826   912  1231  1058   941   845   901   842  1213  1301  1739  1343
   12   800   956  1207  1103   928   846   917   834  1239  1341  1688  1315
   13   795  1068  1129  1178   915   866   946   831  1294  1376  1553  1331
   14   793  1126  1074  1187   914   993   941   881  1426  1361  1611  1320
   15   802  1128  1015  1294   945  1015   938   904  1407  1377  1483  1242
                                                               
   16   803  1141  1049  1192   922  1033   938   930  1431  1510  1423  1210
   17   818  1109   901  1144   915  1043  1036   975  1448  1526  1477  1196
   18   810  1248   876  1110   906   992  1020   978  1501  1468  1444  1274
   19   808  1094   888  1109   844   991  1003   982  1409  1473  1396  1282
   20   823  1046   920  1170   837   964  1001  1005  1443  1591  1399  1374
                                                               
   21   875   967  1010  1130   836   951   960  1009  1442  1678  1411  1445
   22   877   909   998  1148   845   929   924  1082  1508  1641  1424  1458
   23   843   893  1046  1191   841   963   882  1037  1582  1555  1400  1382
   24   825   889  1076  1172   817   962   862  1041  1904  1453  1372  1428
   25   805   882  1126  1121   803   936   870  1042  1688  1388  1352  1443
                                                               
   26   800   902  1145  1094   827   901   935  1046  1482  1322  1328  1456
   27   805   904  1156  1079   899   892   993  1038  1390  1315  1352  1403
   28   806   958  1185  1104  1005   869  1073  1010  1334  1339  1376  1448
   29   814        1162  1096  1108   873  1117  1012  1366  1230  1406  1471
   30   826        1176  1095  1119   892  1127  1013  1381  1267  1440  1411
                                                               
   31   813        1133        1120        1186  1090        1381        1329
-------------------------------------------------------------------------------
 Mean   834   945  1158  1125   958   958   941  1017  1345  1372  1531  1412
-------------------------------------------------------------------------------

