2014                       OBSERVED DAILY SOLAR FLUX                       2014
Penticton            2800 MHz Series C (Multiplied by Ten)              2000 UT
===============================================================================
  Day   Jan   Feb   Mar   Apr   May   Jun   Jul   Aug   Sep   Oct   Nov   Dec
-------------------------------------------------------------------------------
    1  1596  1767  1646  1533  1257  1033  1518  1684  1266  1551  1199  1681
    2  1605  1898  1613  1547  1354  1053  1694  1556  1363  1490  1244  1677
    3  1823  1883  1610  1530  1326  1070  1781  1517  1377  1367  1252  1542
    4  2133  1881  1580  1569  1315  1054  1876  1393  1460  1275  1294  1576
    5  2175  1935  1491  1421  1390  1105  1930  1393  1439  1284  1452  1368
                                                                       
    6  2039  1913  1488  1409  1389  1330  2010  1366  1573  1300  1355  1287
    7  2371  1780  1482  1399  1459  1367  1979  1362  1602  1254  1455  1318
    8  1946  1718  1416  1320  1481  1486  2014  1230  1639  1264  1320  1326
    9  1841  1690  1459  1306  1523  1612  1984  1131  1593  1189  1317  1397
   10  1751  1610  1515  1367  1521  1662  1774  1084  1746  1208  1361  1498
                                                                       
   11  1661  1722  1646  1376  1644  1684  1663  1045  1514  1120  1423  1475
   12  1553  1601  1476  1359  1629  1745  1450  1040  1520  1105  1529  1542
   13  1433  1666  1477  1371  1594  1527  1268  1029  1451  1131  1535  1598
   14  1370  1666  1438  1503  1632  1435  1094  1027  1393  1326  1610  1664
   15  1262  1621  1390  1619  1521  1302  1006  1131  1329  1258  1606  1693
                                                                       
   16  1210  1539  1356  1839  1387  1168   921  1120  1327  1389  1715  1846
   17  1288  1524  1364  1789  1335  1143   886  1151  1328  1458  1675  1985
   18  1296  1514  1383  1723  1275  1108   885  1106  1202  1724  1674  2132
   19  1275  1577  1492  1693  1169  1111   861  1107  1218  1731  1696  2157
   20  1374  1564  1513  1625  1172  1022   871  1183  1191  2040  1681  2032
                                                                       
   21  1460  1568  1526  1588  1139  1012   901  1283  1239  1990  1625  2058
   22  1433  1632  1549  1448  1113   942   926  1264  1358  2163  1666  1792
   23  1363  1718  1570  1361  1163   926   991  1320  1382  2271  1731  1659
   24  1355  1707  1586  1301  1245   935  1041  1409  1447  2178  1444  1514
   25  1332  1739  1528  1247  1130   970  1065  1515  1669  2193  1694  1453
                                                        
   26  1379  1782  1532  1207  1082  1000  1165  1281  1702  2166  1709  1370
   27  1439  1757  1448  1181  1059  1042  1214  1228  1814  1878  1788  1341
   28  1572  1706  1464  1208   994  1146  1322  1186  1811  1672  1814  1326
   29  1564        1427  1201  1027  1257  1416  1201  1750  1504  1773  1315
   30  1605        1484  1236  1016  1405  1519  1231  1621  1404  1773  1304
   31  1657        1524        1037        1564  1248        1212        1336
-----------------------------------------------------------------------------
      
 Mean  1601  1702  1499  1442  1302  1221  1373  1252  1414  1551  1547  1589
