2000                       OBSERVED DAILY SOLAR FLUX                       2000
Penticton            2800 MHz Series C (Multiplied by Ten)              2000 UT
===============================================================================
  Day   Jan   Feb   Mar   Apr   May   Jun   Jul   Aug   Sep   Oct   Nov   Dec
-------------------------------------------------------------------------------
    1  1299  1381  2328  2229  1577  1480  1637  1494  1577  2016  2044  1845
    2  1329  1444  2132  2193  1528  1872+ 1624  1506  1540  2026  1963  1670
    3  1331  1541  2038  2154  1373  1659  1563  1542  1541  1920  1988  1636
    4  1347  1674  2002  2067  1345  1697  1584  1542  1708  1841  1947  1520
    5  1365  1678  2203  1944  1298  1710  1687  1585  1802  1738  1864  1470
                                                                         
    6  1448  1777  2224  1777  1268  1864  1743  1660  1787  1581  1781  1410
    7  1498  1819  2218  1749  1309  1803  1871  1669  1732  1556  1799  1442
    8  1547  1736  2149  1820  1370  1746  2100  1708  1634  1489  1728  1383
    9  1606  1755* 2058  1763  1495  1689  2113  1822  1509  1408  1662  1347
   10  1632  1757  2034  1778  1792+ 1796  2445  1810  1406  1396  1534  1466
                                                                         
   11  1776  1702  2032  1815  1777  1868  2416  1873  1349  1514  1496  1436
   12  1957  1632  2032  1730  1904  1927  3146+ 1893  1326  1627  1466  1498
   13  2020  1599  1881  1640  2173  1992  2319  1860  1332  1681  1437  1646
   14  2013  1587  1826  1652  2325  2006  2039  1895  1508  1633  1486  1822
   15  2107  1560  1778  1637  2444  2024  2131  1939  1594  1611  1465  1878
                                                                         
   16  2077  1602  1844  1590  2587  1975  2189  1856  1746  1609  1542  1905
   17  1964  1684  1924  1579  2620  1931  2283  1771  1815  1541  1633  1967
   18  1946  1411  1948  1604  2529  1876  2619  1695  2038  1511  1771  1980
   19  1786  1448  2082  1677  2543  1784  2499  1571  2071  1578  1749  1986
   20  1707  1533  2103  1806  2456  1837  2529  1524  2114  1607  1737  2013
                                                                         
   21  1593  1521  2305  1873  2323  1880  2509  1514  2251  1580  1854  1945
   22  1506  1723  2338  2018  2149  1797  2510  1442  2322  1602  1949  1900
   23  1405  1851  2241  2061  2043  1752  2173  1369  2252  1665  2053  1909
   24  1407  1922  2189  2056  1894  1683  2248  1306  2245  1592  1971  1930
   25  1374  2104  2051  2025  1728  1751  2018  1332  2256  1640  2023* 1870
                                                                         
   26  1407  2148  2113  1899  1679  1774  1746  1370  2236  1710  2024  1888
   27  1324  2273  2049  1835  1618  1786  1624  1501  2047  1759  1917  1876
   28  1260* 2188  2009  1834  1559  1753  1578  1600  2023  1822  1955  1854
   29  1277  2190  2088  1749  1490  1633  1532  1633  1920  1871  1884  1815
   30  1327        2055  1695  1464  1596  1499  1648  1936  1937  1923  1821
                                                                         
   31  1386        2254        1544        1479  1629        1934        1695
-------------------------------------------------------------------------------
 Mean  1581  1732  2082  1842  1845  1798  2047  1631  1821  1677  1788  1736
-------------------------------------------------------------------------------
* 18UT Reading, burst in progress at 20UT.
+ Burst in progress.

