1993                       OBSERVED DAILY SOLAR FLUX                       1993
Penticton            2800 MHz Series C (Multiplied by Ten)              2000 UT
===============================================================================
  Day   Jan   Feb   Mar   Apr   May   Jun   Jul   Aug   Sep   Oct   Nov   Dec
-------------------------------------------------------------------------------
    1  1223  1251  1320  1236  1026  1366  1081   998   855  1169   914  1086
    2  1214  1283  1435  1208  1031  1394  1099  1007   811  1268   933  1043
    3  1247  1369  1511  1170  1071  1364  1105   979   796  1247   939  1056
    4  1211  1474  1665  1163  1106  1299  1065   961   792  1215   957  1046
    5  1249  1601  1652  1188  1179  1338  1005   943   797  1238   964  1012
                                                                         
    6  1301  1838  1666  1328  1200  1275   952   944   789  1181   967  1030
    7  1306  1759  1532  1297  1306  1123   934   913   784  1167   952  1070
    8  1329  1884  1464  1431  1287  1118   933   909   791  1134   919  1051
    9  1288  1851  1426  1355  1290  1154   902   965   790  1104   905   984
   10  1321  1796  1487  1386  1341  1126   861  1018   791  1075   900   961
                                                                         
   11  1317  1732  1499  1188  1320  1018   830  1083   788  1027   888   925
   12  1402  1486  1606  1032  1264   933   858  1005   785   978   908   909
   13  1413  1350  1415   972  1198   866   866   967   801   950   942   878
   14  1331  1414  1357   922  1121   837   926   922   817   913   944   879
   15  1260  1348  1311   882  1044   820   932   905   847   941  1022   854
                                                                         
   16  1334  1337  1217   902   988   823   971   901   880   909  1004   845
   17  1260  1243  1236   957   962   834   993   928   851   900  1000   838
   18  1216  1260  1273  1057   913   847  1004   921   853   874  1026   851
   19  1164  1160  1345  1109   909   860  1008   917   843   888  1011   870
   20  1100  1233  1280  1188   911   912  1022   916   797   944  1005   910
                                                                         
   21  1066  1229  1306  1193   910   910  1054   948   800   951   972   929
   22  1042  1331  1275  1171   918   966  1077   940   792   922   993   998
   23  1060  1323  1208  1215   949  1094  1098   928   815+  924  1004  1050
   24  1048  1354  1150  1288   984  1214  1064   906   895+  917  1000  1112
   25  1058  1280  1165  1246   998  1187  1019   887   960   870   972  1191
                                                                         
   26  1065  1262  1169  1233  1075  1220  1036   883  1063   885   932  1246
   27  1109  1240  1229  1180  1195  1275  1032   876  1044   871   897  1404
   28  1120  1236  1262  1136  1258  1237  1015   884  1113   885   932  1336
   29  1140        1287  1065  1290  1226  1004   900  1164   918   938  1287
   30  1130        1290  1058  1401  1164   979   890  1206   913  1037  1428
                                                                         
   31  1190        1251        1382         962   890         915        1408
-------------------------------------------------------------------------------
 Mean  1210  1426  1364  1159  1123  1093   990   937   870  1003   959  1048
-------------------------------------------------------------------------------
+ = suspect data due to computer problems              1993 Yearly Mean = 1097

