1997                       OBSERVED DAILY SOLAR FLUX                       1997
Penticton            2800 MHz Series C (Multiplied by Ten)              2000 UT
===============================================================================
  Day   Jan   Feb   Mar   Apr   May   Jun   Jul   Aug   Sep   Oct   Nov   Dec
-------------------------------------------------------------------------------
    1   724   713   718*  763   722   773   700   710   934   871   930  1170
    2   721   784   723   805   721   769   701   708   917   859   978  1122
    3   733   796   740   788   711   752   690   722   931   857  1098  1122
    4   738   807   740   785   709   739   697   727   930   834  1179  1073
    5   744   753   746   802   723   739   697   748   960   844  1138  1038
                                                                         
    6   731   742   754   781   721   742   683   768   976   837  1053  1088
    7   733   757   741   768   720   747   702   779  1020   835   944   990
    8   738   752   747   761   719   732   698   778  1194   829   896   981
    9   737   732   751   781   716   731   700   781  1161   835   864   967
   10   754   723   747   776   731*  719   685   783  1149   842   894   951
                                                                         
   11   740   711   743   771   723   708   686   795  1086   861   915   964
   12   745   709   743   764   722   696   674   808  1090   887   872   925
   13   746   711   741   788   738   701   671   820  1076   883   901   893
   14   749   713   755   774   735   706   681   795  1025   848   930   900
   15   758   718   758   787   730   707   692   777   980   869   962   891
                                                                         
   16   748   720   757   750   722   721   696   779   954   875   962   847
   17   741   731   751   717   728   696   699   756   931   882   942   856
   18   746   729   743   701   741   712   701   758   881   866   915   862
   19   753   720   737   699   742   701   705   743   884   847   991   897
   20   768   726   715   697   791   702   712   746   877   828   887   896
                                                                         
   21   741   732   705   701   848   676   713   746   852   850   959   920
   22   730   735   706   707   810   695   722   755   889   807  1002   970
   23   734   746   707   689   762   690   757   765   917   797   998  1041
   24   742   746   710   698   769   699   787   777   929   786  1033  1078
   25   731   741   706   687   780   717   804   820   885   814  1021  1047
                                                                         
   26   741   738   698   709   799#  718   766   838   891   820  1081  1047
   27   735   738   722   731   783   717   745   819   884   844  1111   959
   28   729   728   732   724   774   712   742   905   872   855  1163  1021
   29   746         753   719   756   702   727   915   897   872  1121  1044
   30   736         740   726   751   698   710   920   877   882  1124  1013
                                                                         
   31   724         747         725         704   964         905        1045
-------------------------------------------------------------------------------
 Mean   740   738   735   745   746   717   711   790   962   849   995   988
-------------------------------------------------------------------------------
* = Value interpolated from the 1700 UT and 2300 UT measurements.
# = Value measured at 1900 UT.

