2001                       OBSERVED DAILY SOLAR FLUX                       2001
Penticton            2800 MHz Series C (Multiplied by Ten)              2000 UT
===============================================================================
  Day   Jan   Feb   Mar   Apr   May   Jun   Jul   Aug   Sep   Oct   Nov   Dec
-------------------------------------------------------------------------------
    1  1710  1609  1314  2575  1845# 1330  1354  1202  1841  2165  2356  2213 
    2  1761  1663  1297  2280  1762  1340  1343  1208  1825  2009  2135  2450 
    3  1699  1636  1396  2231  1723  1453  1319  1316  1987  1917  2160  2350 
    4  1746  1481  1410  2048  1756  1538  1270  1484  2184  1865  2273  2333 
    5  1763  1653  1558  2075* 1606  1534  1196  1560  2183  1769  2346  2370 
                                                                         
    6  1794  1700  1578  1917# 1550  1577  1164  1637  2222  1804  2374  2467 
    7  1767  1640  1766  1795  1383  1648  1178  1663  2261  1727  2688  2259 
    8  1671  1565  1672  1692  1287  1802  1263  1669  2495  1712  2478  2205 
    9  1663  1624  1614  1648  1294  1770  1300  1633  2362  1764  2708  2242 
   10  1628  1607  1601  1697  1304  1630  1300  1603  2445  1787  2459  2190 
                                                                         
   11  1659  1513  1578  1596  1366  1624  1319  1650  2497  1748  2340  2206 
   12  1783  1446  1576  1490  1381  1664  1339  1598  2351  1792  2273  2367 
   13  1843  1413  1473  1370  1389  1814  1333  1515  2397  1795  2316  2202 
   14  1763  1379  1422  1387  1382  1947  1408  1473  2366  1919  2172  2166#
   15  1692  1351  1361  1342  1421  1969  1421  1467  2193  1929  2070  2178 
                                                                         
   16  1619  1296  1399  1234  1378  2076  1498  1426  2071  2072  2021  2091 
   17  1519  1298  1342  1261  1474  2046  1456  1449  1991  2174  1985  2055 
   18  1515  1320  1398  1318  1382  2213  1430  1561  2038  2287  1882  2118 
   19  1525  1370  1470  1445  1413  1954  1423  1575  1988  2476  1913  2082 
   20  1532  1455  1533  1804  1415  1985  1426  1561  2268  2447  1850  2211 
                                                                         
   21  1515  1436  1594  1911  1501  2003  1390  1602  2386  2241  1842  2343 
   22  1621  1458  1830  1925  1520  2036  1404  1615  2552  2327  1900# 2428 
   23  1671  1452  1800  1964  1587  2062  1432  1697  2585  2264  1773  2546 
   24  1725  1373  2187  1935  1703  1948  1325  1749  2793  2387  1730  2745 
   25  1686  1349  2168  1939  1619  1824  1333  1990  2751  2389  1700  2588 
                                                                         
   26  1656  1354  2637  1962  1474  1679  1234  1899  2826  2365  1748  2678 
   27  1668  1306  2734  1908  1469  1479  1214  1920  2695  2465  1904  2746 
   28  1676  1318  2735  1878  1430  1402  1155  1992  2845  2272  1985  2633#
   29  1654        2617  1917  1385  1399  1169  1970  2395  2158  2164  2644 
   30  1596        2568  1878  1323  1366  1145  1992  2358  2260  2258  2466 
                                                                         
   31  1533        2456        1328        1168  1887        2211        2456 
-------------------------------------------------------------------------------
 Mean  1666  1467  1777  1781  1479  1737  1313  1631  2338  2081  2127  2356 
-------------------------------------------------------------------------------
* 2300UT Value, Burst IP at 2000UT
# 1700 or 1800UT Value, Burst IP at 2000UT 

