2017                       OBSERVED DAILY SOLAR FLUX                       2017
Penticton            2800 MHz Series C (Multiplied by Ten)              2000 UT
===============================================================================
  Day   Jan   Feb   Mar   Apr   May   Jun   Jul   Aug   Sep   Oct   Nov   Dec
-------------------------------------------------------------------------------
    1   725   760   808  1010   753   757   707   735   934   857   726   702
    2   730   753   791  1120   772   782   712   744  1000   860   736   715
    3   734   751   780  1079   749   779   717   751  1202   864   732   690
    4   724   740   752   938   742   777   718   741  1825   868   721   684
    5   733   726   728   846   735   794   730   741  1205   847   711   679
                                                               
    6   720   725   724   757   728   754   759   735  1329   841   694   683
    7   720   721   717   739   717   755   795   727  1285   796   683   679
    8   715   731   706   731   705   740   866   711  1168   767   676   699
    9   712   734   712   744   689   737   909   715  1072   723   658   711
   10   727   740   710   736   686   747   951   710  1002   709   686   720
                                                               
   11   745   757   700   746   691   743   911   698   799   696   673   723
   12   755   762   701   714   689   752   902   703   755   702   694   714
   13   749   748   703   735   704   749   923   682   751   697   721   721
   14   766   745   696   729   712   741   939   730   742   690   744   721
   15   775   748   698   730   706   774   916   742   728   703   742   717
                                                               
   16   783   740   705   745   719   735   865   773   721   709   732   713
   17   786   746   705   752   714   748   856   767   722   703   764   710
   18   786   766   702   856   722   749   782   800   722   732   761   716
   19   795   781   712   809   723   736   731   868   706   734   744   688
   20   832   807   727   807   724   744   702   860   739   757   736   742
                                                               
   21   861   825   710   822   735   737   694   871   730   765   732   760
   22   868   832   725   836   744   737   695   902   775   773   734   753
   23   841   833   720   825   760   737   706   851   812   780   724   762
   24   823   821   723   802   779   741   701   788   869   775   741   761
   25   851   800   740   813   761   737   698   808   899   788   743   757
                                                               
   26   831   790   772   796   802   737   686   775   907   773   755   718
   27   803   822   828   782   819   741   683   782   910   760   736   710
   28   785   816   837   780   788   721   695   816   909   754   719   711
   29   766         833   770   758   718   699   843   897   753   726   715
   30   770         859   774   737   715   695   869   894   756   717   704
                                                                 
   31   760         906         741         722   919         754         707
      
           715
------------------------------------------------------------------- 722
        773   768   746   810   735   747   776   779   933   764   722
