2006                       OBSERVED DAILY SOLAR FLUX                       2006
Penticton            2800 MHz Series C (Multiplied by Ten)              2000 UT
===============================================================================
  Day   Jan   Feb   Mar   Apr   May   Jun   Jul   Aug   Sep   Oct   Nov   Dec
-------------------------------------------------------------------------------
    1   874   776   770   870   934   772   855   728   769   784   867   842
    2   845   773   761   911   894   753   871   721   756   779   882   873
    3   849   787   755  1004   890   759   859   713   765   766   874   871*
    4   840   770   750   995   918   756   920   696   790   767   855   963#
    5   834   763   742   990   867   779   847   695   804   773   847  1024

    6   820   749   736   989   870   780   850   695   840   764   835  1027*
    7   792   740   744   945   862   827   799   698   867   765   871   958*
    8   782   740   724   910   847   800   774   714   872   752   864   960
    9   776   748   729   892   826   776   746   741   855   750   894   924
   10   778   752   722   887   782   761   728   803   873   753   911   900

   11   773   760   740   897   764   744   712   839   846   736   970   922
   12   765   760   732   811   757   742   706   847   841   736   967  1020
   13   765   763   726   800   735   771   699   859   829   733   952   936
   14   774   773   736   789   720   753   709   864   828   724   945   934
   15   809   785   742   784   717   764   702   856   801   711   961   871

   16   838   792   724   765   715   753   708  1006   792   695   941   823
   17   825   792   720   779   720   732   710   858   780   696   895   813
   18   856   785   724   758   733   733   712   885   744   695   888   747
   19   886   765   752   758   753   733   711   888   734   696   849   729
   20   907   762   769   786   762   729   722   881   709   711   805   715

   21   938   759   767   792   775   727   726   878   714   747   775   723
   22   928   760   759   824   831   721   736   808   723   758   765   732
   23   924   751   766   867   842   718   765   783   704   764   768   727
   24   926   760   758   928   837   736   770   782   698   748   774   735
   25   890   760   756   951   837   740   755   772   702   747   786   764

   26   869   765   736  1000   816   764   747   757   707   719   782   750
   27   835   770   743  1007   830   785   744   786   720   720   824   733
   28   800   771   793  1001   847   835   726   764   730   747   855   763
   29   795         817  1012   811   855   730   730   765   733   850   784
   30   788         839   999   800   861   739   742   777   757   841   800

   31   776         863         784         724   832         801         833
-------------------------------------------------------------------------------
 Mean   834   765   755   890   809   765   758   794   778   743   863   845
-------------------------------------------------------------------------------
*=18UT, #=22UT

