2016                       OBSERVED DAILY SOLAR FLUX                       2016
Penticton            2800 MHz Series C (Multiplied by Ten)              2000 UT
===============================================================================
  Day   Jan   Feb   Mar   Apr   May   Jun   Jul   Aug   Sep   Oct   Nov   Dec
-------------------------------------------------------------------------------
   1    984  1002   968   821   922   860   720   719   952   810   765   845
    2  1000  1021   982   815   898   852   709   749   946   823   760   844
    3  1019  1121   987   823   900   832   723   748   990   878   756   847
    4   953  1233  1005   834   901   800   738   763   974   931   767   824
    5   952  1197   962   834   871   791   724   798   938   993   767   827
                                                   
    6  1002  1171   955   871   896   785   771   831   924  1015   762   798
    7  1034  1171   941   923   880   785   833   927   930  1042   765   772
    8  1085  1152   955   983   840   801   871   964   945  1043   769   748
    9  1070  1173   974  1055   885   852   922   923   910  1045   799   729
   10  1089  1122   950  1106   887   849   944   950   930  1020   802   722
                                                   
   11  1080  1128   942  1166   939   882   947   947   864   992   784   714
   12  1055  1122   950  1113   920   941   924   948   865   976   784   708
   13  1041  1103   926  1082   934   910   968   905   860   953   778   712
   14  1032  1080   934  1111  1012   876   951   872   852   928   773   724
   15  1035  1073   941  1124  1084   873  1021   876   844   849   765   725
                                                   
   16   999  1040   910  1132  1020   882  1066   865   837   809   809   726
   17  1006   999   916  1021  1032   866  1052   829   803   762   786   721
   18   999   949   903   946  1023   836  1071   824   830   774   776   723
   19   975   940   894   891   988   852  1008   808   826   765   768   728
   20  1004  1000   876   832   995   843  1080   781   845   747   764   749
                                                   
   21  1040   956   889   768   978   802  1001   767   855   778   750   750
   22  1005   937   873   766   974   783   904   800   851   775   773   748
   23   989   910   868   787   974   775   862   813   855   769   777   737
   24  1038   879   865   818   943   757   822   780   849   753   790   731
   25  1076   917   855   819   936   771   736   787   846   778   809   725
                                                   
   26  1148   890   855   852   917   766   735   819   868   780   812   738
   27  1127   904   882   926   904   754   716   839   856   789   826   737
   28  1099   932   877   949   877   731   703   854   844   792   852   733
   29  1069   909   878   924   830   736   705   878   827   791   855   734
   30  1051         838   940   862   729   710  1004   806   762   836   736
                                                     
   31  1012         817         866         715   975         767         735
-------------------------------------------------------------------------------
       1034  1035   915   934   931   819   859   849   877   860   785   751
