2013                       OBSERVED DAILY SOLAR FLUX                       2013
Penticton            2800 MHz Series C (Multiplied by Ten)              2000 UT
===============================================================================
  Day   Jan   Feb   Mar   Apr   May   Jun   Jul   Aug   Sep   Oct   Nov   Dec
-------------------------------------------------------------------------------
    1  1178  1037  1126  1191  1592  1058  1078  1121  1038  1068  1465  1305
    2  1190  1118  1110  1221  1494  1109  1143  1129  1056  1081  1416  1337
    3  1288  1111  1120  1270  1479  1118  1245  1073  1060  1138  1435  1357
    4  1431  1067  1143  1285  1416  1099  1377  1048  1093  1091  1473  1380
    5  1451  1051  1184  1344  1371  1088  1408  1043  1101  1059  1485  1496
                                                       
    6  1422  1035  1143  1370  1307  1090  1342  1039  1013  1065  1535  1505
    7  1497  1028  1138  1378  1287  1098  1256  1055   985  1120  1480  1569
    8  1556  1042  1150  1392  1269  1032  1193  1044   957  1119  1460  1655
    9  1693  1076  1162  1465  1284   960  1199  1036   943  1134  1481  1681
   10  1739  1059  1192  1480  1248   933  1179  1025   949  1207  1541  1752
                                                       
   11  1723  1052  1197  1371  1366   895  1134  1104   928  1290  1637  1708
   12  1685  1018  1230  1379  1473   933  1176  1141   929  1279  1675  1648
   13  1564  1003  1229  1251  1503   989  1140  1220   916  1293  1710  1631
   14  1541   995  1228  1168  1479  1091  1129  1252   925  1250  1758  1642
   15  1397  1001  1231  1133  1456  1110  1141  1227   928  1253  1779  1562
                                                       
   16  1371  1032  1260  1133  1447  1159  1139  1199   945  1281  1745  1543
   17  1227  1055  1257  1063  1364  1238  1113  1497   987  1361  1770  1590
   18  1152  1047  1176   984  1321  1248  1148  1261  1041  1399  1633  1560
   19  1067  1124  1104  1002  1353  1234  1136  1283  1079  1327  1529  1534
   20  1066  1135  1076  1078  1320  1263  1125  1315  1092  1334  1470  1492
                                                       
   21  1083  1085  1061  1052  1253  1332  1094  1304  1103  1358  1412  1442
   22  1103  1070  1009  1168  1334  1300  1099  1316  1112  1463  1428  1379
   23  1049   996   982  1155  1345  1282  1067  1241  1078  1527  1356  1361
   24  1034   949   960  1165  1273  1206  1076  1174  1102  1606  1271  1283
   25  1005   954   926  1198  1213  1092  1069  1126  1111  1614  1191  1227
                                                       
   26   994   987   924  1288  1200  1065  1095  1112  1099  1718  1155  1247
   27   977  1020   930  1275  1101   995  1079  1097  1079  1669  1290  1306
   28   976  1055   987  1321  1048  1010  1094  1081  1057  1599  1329  1345
   29   954        1051  1437  1069  1002  1121  1088  1031  1526  1285  1370
   30   966        1084  1534  1041  1028  1131  1075  1049  1419  1312  1429
                                                         
   31  1027        1133        1018        1087  1075        1426        1453
-------------------------------------------------------------------------------
 Mean  1271  1042  1113  1251  1313  1101  1155  1154  1026  1324  1483  1477
