2015                       OBSERVED DAILY SOLAR FLUX                       2015
Penticton            2800 MHz Series C (Multiplied by Ten)              2000 UT
===============================================================================
  Day   Jan   Feb   Mar   Apr   May   Jun   Jul   Aug   Sep   Oct   Nov   Dec
-------------------------------------------------------------------------------
    1  1375  1417  1276  1241   999  1004  1096  1029   890  1197  1243   946
    2  1458  1437  1304  1213  1057  1010  1138  1015   882  1074  1220   953
    3  1487  1488  1251  1199  1111  1085  1123  1056   865   969  1242   945
    4  1497  1490  1242  1224  1234  1180  1168  1068   899   883  1138   976
    5  1419  1419  1402  1222  1278  1260  1248  1122   854   826  1099  1005
                                                           
    6  1419  1442  1274  1256  1362  1327  1334  1216   856   814  1152  1022
    7  1472  1510  1378  1112  1466  1373  1326  1221   837   805  1150  1007
    8  1572  1570  1242  1060  1498  1342  1289  1210   835   797  1077  1112
    9  1512  1428  1229  1113  1545  1365  1219  1145   823   812  1076  1088
   10  1519  1391  1209  1151  1599  1354  1290  1062   835   814  1054  1085
                                                           
   11  1537  1301  1317  1229  1630  1399  1202  1028   928   846  1050  1137
   12  1586  1275  1267  1339  1632  1367  1160   992   991   891  1035  1167
   13  ----  1239  1194  1413  1570  1361  1101   948   988   956  1029  1225
   14  1398  1196  1156  1468  1451  1317  1052   932   965  1007  1063  1240
   15  1312  1193  1144  1547  1365  1348  1010   894  1011  1068  1058  1189
                                                           
   16  1254  1181  1172  1502  1310  1361   996   856  1094  1091  1056  1262
   17  1220  1187  1143  1496  1196  1358   974   870  1068  1166  1071  1178
   18  1263  1224  1148  1476  1150  1508   960   887  1028  1195  1076  1171
   19  1275  1189  1093  1517  1103  1373   994   982  1057  1237  1081  1190
   20  1257  1182  1127  1496  1056  1354   932  1028  1104  1228  1110  1166
                                                           
   21  1244  1136  1136  1538  1018  1317   910  1186  1034  1290  1222  1217
   22  1198  1190  1224  1503   991  2469   890  1169  1070  1205  1229  1301
   23  1206  1165  1281  1405   977  1161   894  1331  1107  1149  1197  1339
   24  1260  1139  1330  1345   987  1095   922  1277  1068  1063  1132  1327
   25  1267  1113  1378  1259   965  1018   940  1212  1198  1064  1090  1264
                                                           
   26  1467  1123  1361  1185   945  1012   970  1262  1202  1062  1039  1174
   27  1558  1201  1378  1075   952   973  1001  1102  1275  1101   989  1103
   28  1611  1266  1456  1077   930   973  1011  1091  1240  1122   966  1121
   29  1704        1445  1040   923   971  1007  1001  1292  1129   955  1054
   30  1571        1336  1018   950  1008  1020   916  1311  1212   957  1015
                                                           
   31  1551        1281         943        1007   910        1185         962
-------------------------------------------------------------------------------
 Mean  1415  1289  1263  1290  1199  1268  1070  1065  1020  1040  1095  1127
