1998                       OBSERVED DAILY SOLAR FLUX                       1998
Penticton            2800 MHz Series C (Multiplied by Ten)              2000 UT
===============================================================================
  Day   Jan   Feb   Mar   Apr   May   Jun   Jul   Aug   Sep   Oct   Nov   Dec
-------------------------------------------------------------------------------
    1  1016   907   983  1057  1134  1001  1268  1121  1770  1188  1214  1627
    2  1010   891   915* 1034  1170  1047  1204  1096  1634  1127  1261  1517
    3  1011   888   966  1036  1174  1131  1276  1085  1627  1119  1518  1531
    4   907   891  1017  1102  1211  1117  1291  1158  1547  1148  1414  1482
    5   893   855   967  1262  1334  1150  1235  1268  1543  1171  1527  1424
                                                                         
    6   870   842   917  1334  1301  1151  1211  1383  1646  1170  1409  1423
    7   849   831   919  1352  1233  1130  1146  1450  1512  1242  1485  1532
    8   822   836   912  1406  1180  1169  1124  1468  1535  1241  1527  1620
    9   816   837   900  1397  1107  1123  1143  1541  1453  1235  1624  1539
   10   807   837   963  1297  1072  1118  1092  1492  1417  1207  1538  1338
                                                                         
   11   848   862  1007  1283  1080  1124  1077  1501  1386  1189  1471  1431
   12   958   906  1016  1170  1121  1122   993  1470  1349  1139  1416  1433
   13   904   947  1049  1148  1166  1105  1061  1368  1307  1181  1354  1442
   14   939  1048  1196  1119  1172  1019  1029  1370  1218  1190  1265  1444
   15   978  1073  1330  1127  1160  1004  1048  1334  1173  1311  1264  1416
                                                                         
   16   975  1068  1239  1064  1177  1040  1062  1397  1187  1310  1246  1405
   17   959  1049  1255  1013  1104  1006  1003  1363  1174  1354  1208  1461
   18   951  1033  1270   985  1022  1001   992  1326  1225  1259  1148  1547
   19   935   985  1246   958   992   986  1019  1346  1269  1177  1165  1380
   20   914   957  1265   977   919  1011  1118  1386  1321  1212  1215  1347
                                                                         
   21   909   948  1258   920   890  1020  1103  1321  1383  1183  1212  1353
   22   930   955  1276   876   874  1005  1141  1329  1411  1149  1261  1288
   23   969   994  1220   902   903   957  1154  1264  1432  1125  1299  1398
   24   975   986  1206   906   956  1053  1252  1212  1354  1109  1402  1394
   25  1083   947  1150   919   923  1062  1217  1221  1385  1075  1495  1444
                                                                         
   26  1000   927  1100   907   925  1092  1191  1269  1356  1041  1564  1449
   27  1008   903  1081   914   940  1152  1195  1350  1274  1030  1589  1668
   28   966   940  1039   984   984  1220  1213  1392  1225  1078  1648  1844
   29   936        1003  1005   949  1193  1195  1465  1159  1095  1678  1828
   30   910        1075  1025   961  1209  1148  1633  1215  1115  1634  1790
                                                                         
   31   894        1081         942        1137  1785        1187        1746
-------------------------------------------------------------------------------
 Mean   934   934  1091  1083  1067  1084  1140  1360  1383  1173  1402  1501
-------------------------------------------------------------------------------
* 1700UT reading - snow on antenna at 2000UT

