1994                       OBSERVED DAILY SOLAR FLUX                       1994
Penticton            2800 MHz Series C (Multiplied by Ten)              2000 UT
===============================================================================
  Day   Jan   Feb   Mar   Apr   May   Jun   Jul   Aug   Sep   Oct   Nov   Dec
-------------------------------------------------------------------------------
    1  1483   944   941   825   752   676   867   740   858   746   923   791
    2  1462   963   980   793   759   679   828   750   933   745   914   791
    3  1331   979  1009   774   744   683   864   764   965   742   873   818
    4  1288   953   979   771   731   676   846   752   942   747   840   819
    5  1369   931   957   771   731   683   834   757   936   794   834   807
                                                                         
    6  1321   948   955   732   740   706   842   753   936   842   811   785
    7  1263   959   913   728   738   771   881   758   908   838   819   801
    8  1229   951   913   726   744   804   858   738   883   861   801   812
    9  1170  1010   899   726   773   830   859   753   861   872   789   866
   10  1101   942   880   753   798   854   860   776   817   869   800   864
                                                                         
   11  1011   931   881   743   819   864   856   767   810   876   790   952
   12   978   976   928   739   874   863   829   808   772   881   802   995
   13   950   978   901   739   895   850   814   845   755   931   812   968
   14   902  1014   872   794   902   853   819   889   740   926   787   947
   15   957  1038   874   801   914   882   830   814   715   927   790   932
                                                                         
   16  1003  1047   862   817   913   879   824   768   708   915   790   931
   17  1054  1064   851   818   950   839   803   776   703   916   791   918
   18  1007  1063   867   842   936   784   801   774   719   905   800   873
   19  1027  1080   891   854   906   773   776   753   702   907   784   851
   20  1049  1076   886   862   898   764   769   723   698   901   788   824
                                                                         
   21  1108  1054   907   867   877   744   773   711   699   878   778   823
   22  1130  1067   911   854   846   722   776   706   707   855   763   822
   23  1183  1074   918   852   815   731   758   719   714   842   775   798
   24  1291  1050   927   834   779   728   753   719   728   822   786   796
   25  1321   967   909   828   742   731   755   710   762   895   815   806
                                                                         
   26  1278   944   885   810   715   739   740   722   770   926   832   798
   27  1205   948   884   780   702   730   743   711   747   931   804   759
   28  1193   925   876   773   695   739   748   710   740   974   797   789
   29  1019         861   778   695   788   757   776   744   983   796   797
   30   990         863   749   694   826   753   831   745   978   783   766
                                                                             
   31   976         850         691         745   823         966         774
-------------------------------------------------------------------------------
 Mean  1150   996   904   791   799   773   805   761   791   877   809   841
-------------------------------------------------------------------------------
                                                       1994 Yearly Mean = 858

