2013                       OBSERVED DAILY SOLAR FLUX                       2013
Penticton            2800 MHz Series C (Multiplied by Ten)              2000 UT
===============================================================================
  Day   Jan   Feb   Mar   Apr   May   Jun   Jul   Aug   Sep   Oct   Nov   Dec
-------------------------------------------------------------------------------
    1  1178  1037  1126  1191  1592  1058
    2  1190  1118  1110  1221  1494  1109
    3  1288  1111  1120  1270  1479  1118
    4  1431  1067  1143  1285  1416  1099
    5  1451  1051  1184  1344  1371  1088
                           
    6  1422  1035  1143  1370  1307  1090
    7  1497  1028  1138  1378  1287  1098
    8  1556  1042  1150  1392  1269  1032
    9  1693  1076  1162  1465  1284   960
   10  1739  1059  1192  1480  1248   933
                           
   11  1723  1052  1197  1371  1366   895
   12  1685  1018  1230  1379  1473   933
   13  1564  1003  1229  1251  1503   989
   14  1541   995  1228  1168  1479  1091
   15  1397  1001  1231  1133  1456  1110
                           
   16  1371  1032  1260  1133  1447  1159
   17  1227  1055  1257  1063  1364  1238
   18  1152  1047  1176   984  1321  1248
   19  1067  1124  1104  1002  1353  1234
   20  1066  1135  1076  1078  1320  1263
                           
   21  1083  1085  1061  1052  1253  1332
   22  1103  1070  1009  1168  1334  1300
   23  1049   996   982  1155  1345  1282
   24  1034   949   960  1165  1273  1206
   25  1005   954   926  1198  1213  1092
                           
   26   994   987   924  1288  1200  1065
   27   977  1020   930  1275  1101   995
   28   976  1055   987  1321  1048  1010
   29   954        1051  1437  1069  1002
   30   966        1084  1534  1041  1028
                             
   31  1027        1133        1018      
-------------------------------------------------------------------------------
 Mean  1271  1042  1113  1251  1313  1101
