1999                       OBSERVED DAILY SOLAR FLUX                       1999
Penticton            2800 MHz Series C (Multiplied by Ten)              2000 UT
===============================================================================
  Day   Jan   Feb   Mar   Apr   May   Jun   Jul   Aug   Sep   Oct   Nov   Dec
-------------------------------------------------------------------------------
    1  1672  1180  1202  1030  1329* 1762  1954  2163  1628  1216  1506  1650
    2  1601  1109  1299   995  1357  1731  1871  2125  1565  1263  1428  1655
    3  1545  1088  1370  1027  1271  1735  1968  2107  1393  1345  1431  1518
    4  1469  1073  1441  1159  1387  1709  1856  2001  1312  1444  1475  1475
    5  1365  1037  1275  1326  1409  1640  1742  1770  1218  1462  1605  1427
                                                                         
    6  1258   993  1144  1374  1469  1679  1679  1704  1185  1336  1500  1428
    7  1151  1095  1100  1414  1634  1577  1584  1533  1124  1294  1739  1533
    8  1155  1245  1269  1391  1719  1565  1491  1378  1068  1512  1919  1501
    9  1148  1293  1271  1362  1783  1652  1508  1381  1065  1532  2299  1562
   10  1103  1524  1354  1363  1695  1611  1563  1273  1220  1605  2485  1644
                                                                         
   11  1119  1635  1370  1307  1594  1647  1526  1279  1225  1666  2398  1591
   12  1128  1884  1403  1300  1531  1680  1541  1231  1408  1836  2319  1592
   13  1186  1984  1444  1296  1473  1677  1435  1265  1546  1910  2238  1661
   14  1369  2046  1504  1202  1442  1682  1296  1281  1564  1998  2188  1684
   15  1426  1901  1501  1218  1436  1585  1295  1311  1549  1982  2056  1787
                                                                         
   16  1585  1918  1557  1229  1522  1527  1320  1311  1582  1890  2334  1940
   17  1614  1898  1545  1157  1453  1465  1367  1410  1575  1780  2213  2007
   18  1709  1681  1481  1128  1406  1465  1382  1307  1516  1727  2179  2055
   19  1759  1642  1393  1100  1424  1388  1411  1347  1493  1696  2100  2069
   20  2388  1571  1327  1048  1425  1515  1395  1516  1450  1588  2043  2092
                                                                         
   21  1753  1472  1240  1034  1403  1455  1473  1612  1468  1585  2101  2172
   22  1779  1297  1159  1004  1402  1616  1528  1727  1404  1603  1920  2017
   23  1659  1270  1129   982  1407  1675  1937  1875  1369  1645  1856  1984
   24  1618  1198  1082  1009  1369  1850  1842  2020  1316  1588  1867  1824
   25  1381  1195  1070  1026  1431  2008  1823  2084  1254  1792  1837  1784
                                                                         
   26  1332  1156  1036  1045  1526  1995  1724  2222  1227  1894  1722  1770
   27  1254  1151  1045  1086  1552  2074  1745  2231  1238  1973  1690  1617
   28  1188  1230  1030  1098  1521  1966  1978  2484  1260  1839  1748  1504
   29  1177        1042  1221  1486  1913  2024  2182  1248  1796  1639  1437
   30  1180        1047  1235  1568  2095  2059  1981  1248  1694  1627  1356
                                                                         
   31  1148        1019        1654        2006  1827        1604        1301
-------------------------------------------------------------------------------
 Mean  1426  1420  1263  1172  1486  1698  1656  1708  1357  1648  1915  1698
-------------------------------------------------------------------------------
* 2300UT reading - hail on antenna at 2000UT

