2005                       OBSERVED DAILY SOLAR FLUX                       2005
Penticton            2800 MHz Series C (Multiplied by Ten)              2000 UT
===============================================================================
  Day   Jan   Feb   Mar   Apr   May   Jun   Jul   Aug   Sep   Oct   Nov   Dec
-------------------------------------------------------------------------------
    1   989   837   737   783  1116   943  1146  1112   792   721   773   982
    2  1000   818   746   802  1122   933  1238  1102   771   749   780  1063
    3   942   830   770   811  1123   953  1298  1089   742   743   768  1013
    4   880   821   789   848  1087   969  1237  1061   746   827   774   952
    5   882   946   812   883  1091  1054  1268   988   750   813   793   917

    6   832   970   836   880  1104  1060  1230   934   834   795   817   891
    7   835  1031   870   878   999  1091  1249   923   922#  788   794   890
    8   885  1082   935   877  1013  1157  1104   864   941   781   794   896
    9   875  1086   999   884  1100  1161  1066   825   992#  789   781   891
   10   901  1141  1016   883  1192  1143  1018   763  1160   791   779   914

   11   942  1141  1049   875  1253  1080   933   759  1097   776   786   931
   12  1021  1164  1101   849  1174  1030   953   762  1180   768   831   883
   13  1156  1155  1138   835  1259   918   917   754  1136#  780   878   879
   14  1298  1181  1115   854   995   938   899   748  1166   784   924   896
   15  1449  1217  1082   849  1030   945   872   758  1194   796  1000   870

   16  1445  1128  1046   829   991   981   763   758  1118#  792   940   858
   17  1375  1113  1014   836   900   908   741   770  1039   781  1005   852
   18  1243  1042   965   813   838   900   720   827  1022   783  1011   856
   19  1325   985   930   782   847   869   712   931   911   779  1020   895
   20  1227   957   890   770   835   861   721   981   878   767   964   878

   21  1135   945   897   771   819   828   728   985   860   753   947   865
   22  1022   923   873   772   821   795   736  1049*  837   747   926   876
   23   958   846   877   793   834   775   801  1069*  828   742   897   931
   24   946   803   871   823   852   767   802   986   814   734   866   919
   25   941   782   821   860   838   767   839   924   810   730   799   918

   26   893   766   777   909   904   787   865   932   813   720   808   925
   27   869   758   784   953   955   774   906   921   769   716   807   923
   28   849   750   797   980   925   800   958   898   746   731   819   891
   29   864         788  1050   927   889  1037   892   738   741   847   903
   30   855         776  1064   949  1025  1050   860   722   756   947   899

   31   862         767         963        1097   840         778         874
-------------------------------------------------------------------------------
 Mean  1022   972   899   860   995   937   965   905   911   766   862   907
-------------------------------------------------------------------------------
#=17UT Reading       *=23UT Reading

