2018                       OBSERVED DAILY SOLAR FLUX                       2018
Penticton            2800 MHz Series C (Multiplied by Ten)              2000 UT
===============================================================================
  Day   Jan   Feb   Mar   Apr   May   Jun   Jul   Aug   Sep   Oct   Nov   Dec
-------------------------------------------------------------------------------
    1   691   690   672   690
    2   695   686   678   684
    3   707   703   678   678
    4   695   710   675   685
    5   693   743   676   664
                       
    6   694   751   676   673
    7   699   774   678   668
    8   703   784   666   679
    9   708   774   675   687
   10   704   789   677   685
                       
   11   708   773   678   683
   12   709   784   681   700
   13   708   753   686   697
   14   705   751   677   695
   15   702   727   690   706
                       
   16   711   720   686   692
   17   709   721   697   693
   18   711   699   691   708
   19   708   697   703   708
   20   696   684   688   730
                       
   21   683   679   693   768
   22   701   682   685   757
   23   705   680   681   739
   24   699   675   676   729
   25   703   673   683   708
                       
   26   698   693   678   694
   27   692   678   683   687
   28   679   685   686   702
   29   680         690   711
   30   697         688   702
                       
   31   689         690      
-----------------
 Mean   699   719   682   700
