1960                       OBSERVED DAILY SOLAR FLUX                       1960
Ottawa               2800 MHz Series C (Multiplied by Ten)              1700 UT
===============================================================================
  Day   Jan   Feb   Mar   Apr   May   Jun   Jul   Aug   Sep   Oct   Nov   Dec
-------------------------------------------------------------------------------
    1   ---  2275  1378  2014  1522  1660  2080  1400  1373  1156  1252  1382
    2  1780  2153  1378  1844  1602  1670  2070  1340  1523  1126  1303  1473
    3  1851  2174  1388  1794  1582  1670  2100  1250  1493  1206  1313  1544
    4  1963  2113  1398  1884  1562  1720  2120  1220  1423  1327  1323  1656
    5  2166  2113  1408  1824  1522  1700  2090  1260  1423  1327  1454  1615

    6  2187  1941  1358  1693  1562  1750  2000  1270  1493  1327  1495  1636
    7  2278  1891  1398  1653  1622  1850  1870  1341  1623  1447  1586  1544
    8  2225  1846  1417  1473  1682  1850  1760  1451  1703  1439  1698  1566
    9  2042  1846  1437  1483  1702  1810  1760  1522  1733  1519  1769  1525
   10  1971  1796  1327  1563  1702  1780  1660  1702  1753  1600  2022  1536

   11  2032  1766  1327  1593  1802  1710  1530  1872  1753  1529  1901  1464
   12  1869  1675  1296  1683  1792  1670  1420  2142  1774  1600  1698  1424
   13  1808  1685  1357  1794  1702  1620  1350  2342  1814  1630  1820  1383
   14  1788  1685  1347  1834  1622  1660  1390  2382  1814  1670  1941  1342
   15  1856  1613  1375  1902  1620  1660  1460  2402  1785  1662  1854  1405

   16  1856  1593  1426  1832  1550  1570  1440  2412  1775  1662  1763  1364
   17  1815  1542  1406  1782  1510  1530  1530  2472  1856  1682  1661  1272
   18  1785  1522  1335  1762  1530  1390  1590  2502  1906  1551  1550  1201
   19  1663   ---  1375  1702  1530  1400  1560  2342  1996  1541  1519  1171
   20  1592  1431  1436  1752  1600  1330  1520  2192  1956  1500  1489  1201

   21  1643  1572  1456  1632  1640  1310  1530  2012  1896  1450  1408  1181
   22  1741  1500  1504  1602  1640  1300  1480  1892  1847  1421  1288  1078
   23  1903  1440  1545  1662  1630  1360  1510  1712  1757  1351  1176  1048
   24  2125  1410  1585  1652  1640  1320  1590  1622  1626  1300  1146  1078
   25  2328  1480  1575  1471  1630  1400  1480  1582  1556  1310  1126  1129

   26  2449  1480   ---  1431  1580  1550  1490  1622  1486  1331  1186  1180
   27  2510  1480   ---  1401  1660  1640  1500  1501  1426  1331  1207  1271
   28  2550  1410  1755  1421  1710  1840  1490  1401  1325  1230  1186  1383
   29  2398  1410  1815  1532  1700  1900  1540  1291  1245  1320  1207  1475
   30  2328        1936  1612  1700  1940  1460  1291  1215  1290  1328  1617

   31  2267        1825        1590        1450  1321        1280        1658
-------------------------------------------------------------------------------
 Mean  2026  1709  1468  1676  1627  1619  1639  1744  1645  1423  1489  1381
-------------------------------------------------------------------------------
                                                       1960 Yearly Mean =1620

