1977                       OBSERVED DAILY SOLAR FLUX                       1977
Ottawa               2800 MHz Series C (Multiplied by Ten)              1700 UT
===============================================================================
  Day   Jan   Feb   Mar   Apr   May   Jun   Jul   Aug   Sep   Oct   Nov   Dec
-------------------------------------------------------------------------------
    1   763   841*  739   749   760   864   986   806*  816   936*  958   909
    2   791   846   767   764   773   883*  974   804   827   931   951   938
    3   786   833   761   766   805   904*  942   799   857   973   919   965
    4   781   810   782   767   800*  915   909   806*  828   988   909   988
    5   765   800   789   754   782   876*  851*  840   843  1040*  922   998

    6   749   774   788   759   771   880   872   857   836  1036   928  1050* 
    7   738   767   784   753*  757*  893   824   845   880  1056   919  1088
    8   720   808   828   741   764   892*  794   828   902  1040   920  1100
    9   707   854   814   746   820   882   764   836   946A 1010   929  1161* 
   10   711   857   816   762   792   865*  744   849   984   967   950  1182

   11   736   869   799   788   792   846   737   853  1033   957   968  1108
   12   775   892*  796   798   781   808   734   842  1064  1012   934  1145
   13   801   908   788   822   798   816   753   867  1115   990   960  1038
   14   770   874   781   829   830   797   743   853  1167   994  1000   967* 
   15   782   866   756   862   832   797   736   847  1194   988  1001   955

   16   801   878   748   831   832   789   744   852  1191   975   981   956
   17   786   918*  748   829   822   798   741   850  1194   956  1028   941
   18   779   885   746   801   810   816   744   864  1194   962  1044*  967
   19   794   848   746   791*  802   825   744   850  1136  1058  1016   940
   20   777   829B  729   796*  794   861   775   866  1079  1005*  981*  916

   21   764   804   733   800   794   894   792   888  1041*  995*  951   907
   22   793   776   751   792   809   956*  805   876  1017   948   916   929
   23   812   775   752   767   803   962   824   841   986   882   903   943
   24   799   758   753   756   772  1040   814   841  1000   893   890   971
   25   773   758   744   755   754  1102   833   858   983   892   870   996

   26   784   738   754   744   748  1167   833   846   989   897   863  1027
   27   776   734   748   739   759  1121*  828   836   996   897   861  1017
   28   795   740   746   732   770  1097   849   808   996   915*  880  1023
   29   785         756   737   795  1082   841   844   991   916   880  1092* 
   30   787         747   755   875  1034   816   839   974   962   878  1186

   31   820         742         895         781   831         974        1243
-------------------------------------------------------------------------------
 Mean   774   823   766   776   796   915   811   843   999   969   937  1021
-------------------------------------------------------------------------------
* = corrected for burst in progress                    1977 Yearly Mean = 869
A = interpolated
B = extrapolated

