1989                       OBSERVED DAILY SOLAR FLUX                       1989
Ottawa               2800 MHz Series C (Multiplied by Ten)              1700 UT
===============================================================================
  Day   Jan   Feb   Mar   Apr   May   Jun   Jul   Aug   Sep   Oct   Nov   Dec
-------------------------------------------------------------------------------
    1  1857* 1903  1719* 1740* 1777  1863* 1974  1927  2198  1980  2146  2301*
    2  2004  1763  1768  1836  1816* 2024* 1871  1959  2293  2082  2195  2199
    3  1957  1913* 1719  1965* 1875  1975* 1862* 2139  2389* 2222  2212  2116
    4  2024* 1887  1663  1888  1949  2150* 1836  2193  2410  2340  2277  2192
    5  2085  2007  1865  1908  1903  2070* 1774* 2347  2690  2233  2395  2160

    6  2055  2111* 2042J 1961  1924* 2060* 1860  2336  2840  2207  2600  2161
    7  2477  2164  1932* 1993  1969  1993  1872  2340  2989  2261  2111* 2283
    8  2691  2507  2055  2065  2084  2163  1827  2273  2978  2106  2760  2098
    9  2599  2664  2070* 1933  2012* 2347  1820  2276* 3072  2025  2622  2006
   10  2585  2771  2152* 1815  2046  2433* 1781  2264  2992  1961  2513* 1827

   11  2634* 2638  2354* 1798  1949  2621  1869  2372  2955  1922  2543  1772
   12  2721  2640  2405* 1803  1931  2771* 1845  2495* 2886  2041  2588  1701
   13  3015* 2651  2560  1842* 1933  3094  1781* 2572  2464  2253  2455  1684
   14  2841  2673  2667J 1968  1890* 3171  1780  2645  2421  2271  2484  1670
   15  2895  2473  2585J 1981  1915  3243* 1797  2747  2236  2268  2214  1709

   16  3018  2470  2643J 2023  1844  3109* 1780  2534  2313  2385  2212  1695
   17  2756* 2395* 2430  2089* 1828  2942* 1782  2566  2141  2270  2200  1818
   18  2802  2189  2363  2023  1806  2629  1832  2587  2067  2231* 2268J 1920
   19  2496  2190  2229  2078  1842  2620  1876  2433  1953* 2166J 2347  1944
   20  2293* 2068* 2199* 1906  1983  2414* 1863  2310  1717  2073  2292  1955

   21  2047* 2227  2150* 1941  2068* 2351  1889  2206  1606  2082  2351  1963
   22  2102  2186  2240  1915* 1989  2256  1946  2009  1582  2200  2277  2066
   23  2122  2193* 2174* 1810* 2069  2310  1904  1872  1565  2126  2188  2210
   24  2178  2179  1943* 1868  2047  2203  1852  1781  1561  2165  2142  2388
   25  2345  2080* 1871* 1775  1896* 2145  1749  1564  1659  1854* 2217  2564*

   26  2128  1941* 1724* 1746  1831  2255  1646  1577  1814* 1738  2406  2612
   27  2177  1719* 1632  1745  1720  2201  1676  1564  1986  1792  2459  2841
   28  2135  1666  1578  1807  1689  2200  1656  1707  1936  1753  2377  2548
   29  2067        1562  1868  1689  2158  1755  1769* 2041* 1744  2212  2509*
   30  1930        1601  1779  1780  2103  1796  1884* 2105  1890  2477  2670*

   31  1932        1678        1889        1827  2051*       2050*       2448
-------------------------------------------------------------------------------
 Mean  2354  2224  2051  1896  1901  2396  1819  2171  2259  2087  2351  2130
-------------------------------------------------------------------------------
* = corrected for burst in progress                    1989 Yearly Mean =2135
J = no calibration due to burst

