1965                       OBSERVED DAILY SOLAR FLUX                       1965
Ottawa               2800 MHz Series C (Multiplied by Ten)              1700 UT
===============================================================================
  Day   Jan   Feb   Mar   Apr   May   Jun   Jul   Aug   Sep   Oct   Nov   Dec
-------------------------------------------------------------------------------
    1   870   793   769   713   711   708   760   720   755   924   795   766
    2   856   799   757   717   708   737   756   730   760   936   802   762
    3   835   795   754   714   707   752   762   773   767   964   819   761
    4   820   782   754   711   697   782   759   784   768   979   806   756
    5   813   770   765   708   690   783   754   763   788   920   787   766

    6   817   770   771   710   704   784   785   788   772   856   815   774
    7   795   781   774   708   714   772   815   796   778   840   860   765
    8   787   760   748   706   720   784   810   773   787   833   812   780
    9   779   760   733   718   724   790   814   776   762   838   829   762
   10   772   765   734   732   721   783   803   761   757   808   850   765

   11   763   743   722   738   711   765   799   767   758   764   851   768
   12   763   737   738   734   718   760   782   759   754   752   816   771
   13   762   730   759   737   744   768   763   748   751   762   781   752
   14   756   725   749   754   754   761   747   737   753   751   768   759
   15   759   731   729   750   805   767   745   725   751   743   774   781

   16   747   737   715   746   863   760   721   738   739   728   749   790
   17   746   739   718   732   911   763   719   724   740   730   752   798
   18   755   727   753   730   904   782   719   732   732   727   759   798
   19   749   728   773   741   924   749   725   743   730   723   743   781
   20   771   719   747   724   947   760   730   737   730   732   736   758

   21   776   721   743   730   928   759   726   736   727   738   731   754
   22   777   724   729   727   922   782   715   729   714   768   728   735
   23   766   735   732   732   862   802   709   730   720   793   723   739
   24   773   750   727   708   851   781   701   727   764   769   722   724
   25   764   747   740   696   810   793   700   722   761   785   715   733

   26   768   743   735   691   779   787   694   720   773   788   728   782
   27   801   766   723   692   760   777   700   745   787   786   751   851
   28   783   768   719   695   745   767   706   732   808   778   780   852
   29   799         722   702   737   764   711   742   876   773   749   861
   30   819         716   699   740   770   711   750   893   768   761   832

   31   809         718         716         707   749         787         821
-------------------------------------------------------------------------------
 Mean   786   752   741   720   782   770   743   748   766   802   777   778
-------------------------------------------------------------------------------
                                                       1965 Yearly Mean = 764  

