1952                       OBSERVED DAILY SOLAR FLUX                       1952
Ottawa               2800 MHz Series C (Multiplied by Ten)              1700 UT
===============================================================================
  Day   Jan   Feb   Mar   Apr   May   Jun   Jul   Aug   Sep   Oct   Nov   Dec
-------------------------------------------------------------------------------
    1   ---   838   ---   863   841   ---   971   876   ---   766   762   770
    2   951   ---   ---   852   795   761   928   838   ---   766   ---   ---
    3   892   ---   716   826   ---   757   933   872  1032   800   720   762
    4   879   829   711   889   ---   740   878   872   980   877   716   735
    5   ---   897   753   ---   854   723   840   847   917   830   762   748

    6   ---   876   758   ---   883   718   786   856   853   855   729   ---
    7   896   893   749   834   900   727   778   918   824   855   732   ---
    8   964   882   ---   859   888   719   832   918   807   839   ---   839
    9  1041   ---   ---   889   850   731   878   910   782   817   750   877
   10  1100   ---   821   805   796   749   928   ---   749   800   733   907

   11  1121   905   804   ---   707   727  1000   847   753   ---   750   959
   12   ---   885   829   881   707   740  1047   851   782   826   766   924
   13   ---   953   866   ---   732   753  1060   867   740   797   775   ---
   14  1122   966   846   ---   749   766  1051   872   714   771   779   ---
   15  1082   ---   ---   783   745   803  1034   906   720   764   ---  1028

   16   970  1018   ---   749   762   812  1021   ---   779   776   ---  1016
   17   991   ---   803   754   762   841  1005   863   775   746   888  1041
   18   906  1039   787   780   770   857   929   880   766   746   930  1023
   19   ---   966   765   ---   779   866   899   856   825   788  1109   ---
   20   ---   895   765   ---   783   874   857   860   795   793   968   ---

   21   940   868   770   893   740   909   802   901   825   857   999   ---
   22   883   796   ---   901   804   913   807   901   858   909   922   829
   23  1079   ---   ---   855   817   997   756   970   842   917   931   851
   24   899   808   735   872   788   967   756  1007   838   922   926   826
   25   878   796   757   834   ---   980   760  1025   851   ---   957   ---

   26   ---   725   748   ---   842   984   760  1134   825   892   859   775
   27   ---   717   806   ---   867  1064   791  1121   ---   870   768   ---
   28   862   711   857   834   918  1035   815  1206   ---   883   773   ---
   29   857   694   ---   843   883  1068   785  1193   792   866   ---   702
   30   849         ---   825   838  1019   869   ---   754   853   ---   701

   31   824         844         830         975   ---         ---         820
-------------------------------------------------------------------------------
 Mean   954   862   785   840   809   848   888   933   815   828   834   857
-------------------------------------------------------------------------------
                                                       1952 Yearly Mean = 854

