1956                       OBSERVED DAILY SOLAR FLUX                       1956
Ottawa               2800 MHz Series C (Multiplied by Ten)              1700 UT
===============================================================================
  Day   Jan   Feb   Mar   Apr   May   Jun   Jul   Aug   Sep   Oct   Nov   Dec
-------------------------------------------------------------------------------
    1   ---  1153  1539   ---  1512  1550   ---  1740  1814  1920  2434  2286
    2  1302  1173  1600  1353  1582  1480   ---  1760  1794  2030  2272  2438
    3  1271  1173  1539  1293  1572  1480  1570  1750   ---  2231  2272  2540
    4  1251  1173  1469  1363  1572  1490  1520  1840  1824  2201  2535  2550
    5  1180  1072  1449  1343  1622  1490  1580  1840  1814  2171  2767  2652

    6  1220  1041  1489  1453  1642  1470  1560  1850  2134  2090  3040  2591
    7  1261  1082  1499   ---  1652  1460  1660  1962  2094  2151  3050  2550
    8  1240  1100   ---  1643  1662  1410  1740  1972  2034  2133  3225  2492
    9  1179  1170  1548  1753  1692  1380  1720  2042  2174  2133  3084  2614
   10  1138  1221  1588  1884  1792  1340  1690  1942  2174  2103  2871  2746

   11  1179  1342  1568  1854  1772  1370  1790  1812  2375  2163  2861  2766
   12  1260  1554   ---  1864  1782  1370  1920  1812  2475  2082  2962  2685
   13  1372  1645  1638  1934  1752  1470  1830  1792  2615  2022  2811  2532
   14  1382  1867  1759  1984  1672  1470   ---  1762  2475  1871  2720  2542
   15  1582  2208  1727   ---  1610  1600  1610  1712  2347  1692  2543  2586

   16  1633  2419  1667  1942  1560  1580  1540  1672  2387  1641  2603  2535
   17  1724  2500  1677  1912  1610  1590  1460  1742  2187  1631  2583  2586
   18  1795  2530  1697  1912  1700  1710  1460   ---  2106  1631  2310  2341
   19  1764  2500  1717  1792  1680  1790  1440  1882  1976  1863  2259  2402
   20  1754  2460  1637  1752  1760  1870  1440  2042  1956  1843  2188  2341

   21  1764  2379  1637  1882  1620  1870  1560  2282  1896  1873  2077  2464
   22  1832  2215  1635  1872  1560  1820  1650  2122  1797  1925  2332  2583
   23  1791  2054  1695  1632  1470  1700  1810  2232  1737  1855  2058  2624
   24  1761  1792  1645  1662  1470  1730  1720  2192  1757  1925  2018  2563
   25  1548   ---  1575  1522  1530  1580  1700   ---  1767  1956  2160   ---

   26  1386  1551  1545  1562  1590  1380  1590  2202  1737  2006  2170  2634
   27  1255  1430  1615  1371  1570  1340  1600  2132  1677  2147  2079  2766
   28  1225  1440  1635   ---  1650  1390  1550  2072  1667  2208  2200  2298
   29  1103  1581  1685  1251  1770  1480  1580  2142  1727  2308  2211  2380
   30  1083        1545  1361  1670   ---  1620  1992  1747  2339  2413  2481

   31  1113        1555        1550        1680  1902        2359         ---
-------------------------------------------------------------------------------
 Mean  1412  1672  1606  1659  1634  1540  1628  1938  2009  2016  2504  2537
-------------------------------------------------------------------------------
                                                       1956 Yearly Mean =1846

