1949                       OBSERVED DAILY SOLAR FLUX                       1949
Ottawa               2800 MHz Series C (Multiplied by Ten)              1700 UT
===============================================================================
  Day   Jan   Feb   Mar   Apr   May   Jun   Jul   Aug   Sep   Oct   Nov   Dec
-------------------------------------------------------------------------------
    1   ---  1936  2000  1564   ---  1658  1829  2287  1630  1475  1493  1841
    2   ---  2088  2026  1392  1649  1568  1692  1948  1778  1635  1514  1763
    3  1443  2184  2086  1965  1803  1598  1593  1875  1782  1644  1666  1767
    4  1460  2305  2113  1883  1735  1508  1490  1686   ---  1921  1688   ---
    5  1565  2314  2104  1965  1834  1499  1322  1656  1691  2180  1740  1723

    6  1535  2457  2021  2085  1692  1534  1331  1398  1691  2400   ---  1806
    7  1460  2345  1974  1982  1636  1461  1331  1296  1648  2240  2069  1740
    8  1560  2088  2166  1723   ---  1495  1292  1175  1686  2316  2220  1835
    9   ---  2183  2387  1802  1657  1465  1206  1081  1738  2393  2145  1694
   10  1668  2040  2507   ---  1528  1370   ---  1145  1695  2265  1846  1730

   11  1673  2227  2300  1815  1368  1443  1150  1098   ---  2269  1880  1799
   12  1712   ---  2175  1849  1368  1491  1167  1261  1864   ---  1707   ---
   13  1673   ---   ---  1866  1261  1504  1236  1382  1846  2156   ---  1943
   14  1717  2365  2149  1763  1398  1435  1318   ---  2040  1992  1785  1656
   15  2110  2406  2199   ---   ---  1413  1438  1602  1956  1890  1984  1639

   16   ---  2528  2108  1748  1483  1529  1494  1649  2119  1898  2028  1551
   17  2581  2472  2199   ---  1496  1443  1425  1825  1960  1730  2198  1582
   18  2123  2398  2246   ---  1561  1375  1434  1881  1964  1531  2045   ---
   19  2376  2398  2323  1795  1535   ---  1481  2053  1896  1474  1884  1469
   20  2332  2212   ---  1967  1548  1422  1653  2160  1796  1414   ---  1346

   21  2084  2060  2246  1864  1492  1491  1636  2148  1753  1453  1567  1368
   22  2306  1989  1989  1959   ---  1516  1464  2212  1854  1485  1529  1489
   23  2144  1932  1829  1770  1440  1534  1623  2083  1707   ---  1560  1462
   24  1919  1807  1861   ---   ---  1602   ---  2156  1656  1640  1708   ---
   25  1849  2330  1791  1748  1548  1615  1803  2199   ---  1337  1725   ---

   26  1784  1932  1718  1950  1453   ---  1907  2062  1487  1285  1725   ---
   27  1710   ---   ---  1894  1496  1933  2036  1937  1449  1428  1599  1586
   28  1627  2066  1537  1881  1479  2088  2152   ---  1310  1459  1734  1633
   29  1531        1597  1830   ---  2024  2298  1864  1293  1472   ---  1637
   30   ---        1722  1576  1608  2097  2216  1855  1284   ---  1861  1590

   31  1775        1722        1651        2345  1821        1510         ---
-------------------------------------------------------------------------------
 Mean  1835  2202  2039  1825  1549  1575  1599  1752  1725  1782  1804  1652
-------------------------------------------------------------------------------
                                                       1949 Yearly Mean =1778

