1950                       OBSERVED DAILY SOLAR FLUX                       1950
Ottawa               2800 MHz Series C (Multiplied by Ten)              1700 UT
===============================================================================
  Day   Jan   Feb   Mar   Apr   May   Jun   Jul   Aug   Sep   Oct   Nov   Dec
-------------------------------------------------------------------------------
    1  1521  1284  1178  1358  1563  1211   ---  1243   967   ---   945  1107
    2   ---  1267  1165   ---  1614  1272   ---  1359   919   969   980   ---
    3  1552  1231  1261  1569  1576   ---  1116  1462   868   935  1015   ---
    4  1500  1131  1261  1594  1576  1280  1180  1346   928   914   ---  1117
    5  1535  1127   ---  1655  1756   ---   ---   ---   941   935   ---  1090

    6  1456  1002  1368  1663   ---  1237   ---   ---   911   918  1219  1178
    7  1356  1032  1580   ---  1769  1216  1356   ---   928   ---  1141  1217
    8  1307  1038  1540  1815  1825  1280   ---  1192   885   ---  1142  1279
    9  1214  1064  1630   ---  1791  1353   ---  1141   881   ---  1146   ---
   10  1158  1142  1739   ---  1666   ---  1309  1124   ---  1083  1146   ---

   11   ---   ---  1622  1646  1593   ---  1253  1085   954  1140   ---  1301
   12  1315   ---   ---  1715  1541  1426  1215   ---   971  1075   ---  1201
   13  1293  1529  1592  1612   ---  1345  1185   ---  1071  1097  1033  1188
   14   ---  1629  1600  1810   ---  1392  1245  1175  1122   ---  1081  1048
   15   ---  1895  1577   ---  1363  1413   ---  1188  1123   ---  1122   978

   16  1321   ---  1491   ---  1286  1349   ---  1132   ---  1237  1096   ---
   17  1269  1874  1461   ---  1466   ---  1266  1287   ---  1218  1001   847
   18   ---  1961  1352  1615  1522   ---  1494  1321  1180  1132   ---   842
   19  1404   ---   ---  1533  1694  1246  1507   ---  1102  1076   ---   808
   20  1722  2086  1176  1313   ---  1233  1528   ---  1093   954   874   825

   21  1731  1861  1232  1347   ---  1237  1584  1317  1085   ---   878   808
   22   ---  1780  1128   ---  1587  1276   ---  1266  1017   ---   892   777
   23  1849  1638   ---   ---  1651  1263   ---  1304   ---   855   810   802
   24  1993  1508  1171  1705   ---   ---   ---  1283   ---   842   831   815
   25  1845  1379  1135  1752  1711   ---  1417  1278   956   891   ---   ---

   26  1644   ---   ---  1881  1617  1375  1408   ---   951   891   ---   ---
   27  1667  1287  1171  1877   ---  1306  1382   ---   943   855   931   999
   28  1658  1213  1257  1774   ---  1229  1326  1055   938   ---  1041  1013
   29   ---        1338   ---  1350  1173   ---  1016   908   ---  1063  1004
   30  1506        1429   ---  1307  1207   ---   995   ---  1012  1032   ---

   31  1362        1381        1307        1369  1025         947         ---
-------------------------------------------------------------------------------
 Mean  1507  1433  1378  1643  1571  1287  1341  1209   986   999  1019  1011
-------------------------------------------------------------------------------
                                                       1950 Yearly Mean =1282

