1953                       OBSERVED DAILY SOLAR FLUX                       1953
Ottawa               2800 MHz Series C (Multiplied by Ten)              1700 UT
===============================================================================
  Day   Jan   Feb   Mar   Apr   May   Jun   Jul   Aug   Sep   Oct   Nov   Dec
-------------------------------------------------------------------------------
    1   ---   ---   ---   856   837   723   668   ---   693   716   ---   684
    2   743   772   728   860   ---   ---   671   649   685   695   737   711
    3   ---   785   715   898   ---   752   693   674   681   ---   716   706
    4   ---   803   ---   863   808   769   ---   700   685   661   724   706
    5   805   794   736   ---   766   723   680   711   ---   686   712   ---

    6   938   786   728   792   763   ---   684   707   723   737   729   719
    7   891   ---   ---   788   707   731   688   717   736   727   ---   727
    8   984   ---   ---   869   721   723   697   ---   743   708   716   724
    9   972   763   685   801   ---   715   735   ---   735   704   712   716
   10   ---   776   701   ---   ---   701   726   808   782   ---   699   698

   11   ---   776   680   ---   665   723   743   893   765   712   699   698
   12  1015   746   651   ---   673   676   743   873   ---   721   690   ---
   13   998   747   689   704   678   ---   735   889   765   716   699   ---
   14  1032   ---   ---   670   678   740   735   885   794   784   686   685
   15   869   ---   ---   682   669   732   752   889   799   772   705   694

   16   902   737   650   660   ---   867   730   843   795   752   701   706
   17   ---   698   689   664   716   757   727   821   778   723   709   685
   18   ---   669   667   ---   ---   740   731   758   778   709   718   702
   19   787   666   ---   ---   728   740   706   762   741   718   718   ---
   20   757   662   706   664   728   ---   655   754   715   709   714   ---

   21   748   ---   ---   706   737   732   697   758   749   709   ---   707
   22   739   ---   ---   754   733   724   710   ---   745   727   757   728
   23   734   677   655   770   ---   727   693   695   727   731   718   697
   24   ---   631   ---   867   737   718   680   704   754   ---   727   719
   25   717   694   748   ---   750   718   ---   665   750   697   696   ---

   26   729   690   689   893   699   715   655   666   ---   717   735   728
   27   729   685   676   960   703   ---   659   682   ---   726   722   ---
   28   734   ---   ---  1007   724   702   664   674   720   701   709   706
   29   721         ---   935   728   706   659   ---   715   717   ---   719
   30   746         786   947   ---   689   659   ---   759   734   708   701

   31   ---         793         716         675   682         ---         ---
-------------------------------------------------------------------------------
 Mean   832   728   704   810   725   730   698   755   743   719   714   708
-------------------------------------------------------------------------------
                                                       1953 Yearly Mean = 739

