1963                       OBSERVED DAILY SOLAR FLUX                       1963
Ottawa               2800 MHz Series C (Multiplied by Ten)              1700 UT
===============================================================================
  Day   Jan   Feb   Mar   Apr   May   Jun   Jul   Aug   Sep   Oct   Nov   Dec
-------------------------------------------------------------------------------
    1   ---   882   746   733   817   842   755   868   737   683   882   797
    2   ---   872   757   738   817   806   773   873   732   694   855   814
    3   784   859   787   741   812   812   776   865   744   707   836   802
    4   799   885   805   702   822   794   778   875   748   709   839   787
    5   786   877   826   720   840   783   781   862   745   733   810   767

    6   778   856   855   779   868   773   771   878   738   775   786   774
    7   781   836   845   802   883   840   771   852   781   791   766   779
    8   775   824   839   807   863   899   768   814   751   857   754   782
    9   793   801   821   823   881   934   771   801   771   864   764   797
   10   811   795   803   825   873   988   758   768   761   870   760   800

   11   825   769   786   882   842  1029   750   722   722   878   772   815
   12   795   746   768   930   870  1088   740   730   767   847   773   831
   13   800   746   745   889   893  1073   755   735   892   849   781   821
   14   868   754   800   866   953  1004   765   709   982   861   787   803
   15   858   766   802   876   983   957   755   724   989   888   817   819

   16   830   777   797   881  1001   888   763   755  1053   879   822   796
   17   833   794   797   865  1004   860   740   823   991   849   812   798
   18   815   815   802   881   980   824   737   804   972   837   834   800
   19   786   794   776   842   988   794   742   794  1021   885   867   797
   20   786   774   771   783   909   753   765   812  1088   894   854   801

   21   768   747   763   745   876   727   748   835   904   945   868   801
   22   759   763   765   717   886   719   735   861  1054   962   872   786
   23   748   758   752   712   932   717   719   904   992   942   851   775
   24   740   765   750   727   893   719   722   866   954   950   843   768
   25   745   788   750   722   835   737   745   845   867   967   828   ---

   26   743   770   734   719   763   742   730   817   847   968   829   751
   27   815   753   742   748   801   722   740   803   781   890   822   755
   28   810   742   734   778   794   740   732   771   739   849   799   740
   29   797         750   778   799   735   768   772   709   855   800   736
   30   791         744   804   829   755   837   768   694   860   802   703

   31   833         711         886         849   765         827         722
-------------------------------------------------------------------------------
 Mean   795   797   778   795   878   835   759   809   851   851   817   784
-------------------------------------------------------------------------------
                                                       1963 Yearly Mean = 812

