1985                       OBSERVED DAILY SOLAR FLUX                       1985
Ottawa               2800 MHz Series C (Multiplied by Ten)              1700 UT
===============================================================================
  Day   Jan   Feb   Mar   Apr   May   Jun   Jul   Aug   Sep   Oct   Nov   Dec
-------------------------------------------------------------------------------
    1   707   744   706   723   793*  675   744   782   717   682   701   698
    2   701   760   703   727   753   704   765*  781   715   674   699   704
    3   700   758   702   725E  714   725   786   769   719   686   691   705
    4   701   729   697   718   696   753   778   771   723   683   688   703
    5   693   733   686   711   701   818   806   763   711   670   697   718

    6   702   726   691   704   737   849   846   757   714   661   713   732
    7   704   723   690   702   776   858   945   773   698   660   731   741
    8   697   745   697   697   821   863   935*  764   693   659   751   753
    9   704   752   697   692   879   871   976*  729   696   662   743   775
   10   697   756   689   694   899   889  1012*  709   693   669   740   779

   11   700   752   705   687   881   885   941   666   683   680   762   790
   12   707   742   701   693   902   871   899   679   676   672   763   798
   13   751   726   703   694   900   864   828   672   698   670   759   780
   14   748   724   703   702   887*  827   740   675   695   702   785   788
   15   749   720   704   695   900*  812   707   673   703   721   840*  828

   16   772   715   708   689   934   784   696   665   695   737   806   865
   17   783   726   728   696   902   749   696   662   693   760   792   829
   18   765   751*  753   711   905   714   695   669   698   761   791   810
   19   779   779   748   711   875   699   694   675   701   783   775   801
   20   844*  767   748   716   847   696   694   689   692   801   776   779* 

   21   877*  759   766*  771   823*  692   690   688   690   855   755   776
   22   880   749   764   888   807*  693   688   711   693   953   750   759
   23   851   732   778   923*  780   695   689   713   687   941*  747   736
   24   807   720   801   879*  763   685   688   705   686   935   738   723
   25   763   715   789   941   752   687   733   709   684   896*  722   696

   26   733   711   800D  872*  735   677   750   708   681   840   714   686
   27   717   702   777D  795   726   679   768   716   674   795*  717   685
   28   718   711   779D  770   708   687   788   717   675   777   709   685
   29   708         769D  820   705   699   810   717   681   746   710   683
   30   704         760D  796   695   723   813   725   681   715   708   686

   31   720B        766D        677         800   727         706         689
-------------------------------------------------------------------------------
 Mean   745   737   733   751   802   761   787   715   695   747   742   748
-------------------------------------------------------------------------------
* = corrected for burst in progress                    1985 Yearly Mean = 747
B = extrapolated
D = corrected for error in antenna focus
E = corrected for snow on antenna

