1954                       OBSERVED DAILY SOLAR FLUX                       1954
Ottawa               2800 MHz Series C (Multiplied by Ten)              1700 UT
===============================================================================
  Day   Jan   Feb   Mar   Apr   May   Jun   Jul   Aug   Sep   Oct   Nov   Dec
-------------------------------------------------------------------------------
    1   ---   705   707   693   ---   649   681   695   681   740   703   768
    2   697   693   698   636   686   664   644   695   681   ---   707   759
    3   ---   677   701   ---   678   671   670   685   714   664   626   735
    4   682   708   698   ---   692   671   679   678   ---   735   677   ---
    5   685   695   696   675   690   685   680   687   692   759   693   749

    6   652   ---   ---   676   676   668   684   708   694   762   ---   714
    7   686   ---   ---   693   686   676   ---   706   666   749   ---   727
    8   680   684   702   716   ---   675   675   702   684   755   743   721
    9   ---   ---   702   698   ---   693   675   712   708   746   777   736
   10   ---   694   704   704   689   691   ---   729   695   ---   805   711

   11   723   692   702   683   686   681   ---   707   ---   ---   837   ---
   12   705   ---   702   711   680   665   681   709   704   727   792   738
   13   672   ---   ---   713   680   665   686   695   671   746   ---   730
   14   685   ---   ---   693   680   685   684   ---   699   755   ---   749
   15   705   699   836   707   666   680   682   704   693   740   763   804

   16   ---   682   803   ---   ---   687   668   700   692   ---   743   814
   17   669   ---   794   697   684   674   681   682   705   754   734   781
   18   688   686   774   692   678   681   666   687   ---   747   731   ---
   19   703   672   780   688   ---   673   672   672   ---   734   722   786
   20   676   ---   714   674   663   645   674   685   720   745   ---   772

   21   710   ---   726   703   676   652   657   ---   698   715   691   757
   22   683   671   709   691   680   660   ---   700   698   717   686   753
   23   ---   694   689   670   662   676   679   721   715   ---   716   765
   24   ---   681   700   677   680   677   ---   721   707   714   724   770
   25   671   698   696   683   686   677   670   717   ---   728   707   ---

   26   688   705   646   682   682   669   688   716   702   728   688   749
   27   677   ---   ---   677   691   630   695   695   715   702   ---   730
   28   691   703   689   665   661   696   682   ---   715   717   ---   ---
   29   678         ---   670   ---   691   689   680   730   697   692   736
   30   ---         ---   674   676   682   693   687   746   ---   729   765

   31   ---         676         686         ---   678         704         794
-------------------------------------------------------------------------------
 Mean   687   692   719   687   680   673   677   699   701   732   726   755
-------------------------------------------------------------------------------
                                                       1954 Yearly Mean = 702

