1964                       OBSERVED DAILY SOLAR FLUX                       1964
Ottawa               2800 MHz Series C (Multiplied by Ten)              1700 UT
===============================================================================
  Day   Jan   Feb   Mar   Apr   May   Jun   Jul   Aug   Sep   Oct   Nov   Dec
-------------------------------------------------------------------------------
    1   ---   737   779   775   689   677   674   669   701   722   754   772
    2   718   723   756   755   684   680   670   677   693   718   752   772
    3   743   716   742   769   698   682   673   680   697   720   746   779
    4   740   719   754   769   703   682   681   679   699   711   741   792
    5   749   732   725   761   719   678   676   690   698   719   736   788

    6   762   735   739   757   709   684   678   682   705   730   746   780
    7   765   727   733   756   709   696   670   677   708   744   735   773
    8   743   738   740   736   715   698   679   675   709   774   732   786
    9   745   724   719   751   709   690   671   679   715   735   724   787
   10   744   733   735   729   701   703   666   688   719   733   722   796

   11   757   723   754   740   701   703   676   681   722   722   723   808
   12   774   734   775   728   794   689   669   698   724   704   729   780
   13   773   739   785   731   685   702   665   740   721   727   729   792
   14   768   732   792   717   683   705   692   761   717   710   734   791
   15   756   732   790   714   680   716   695   754   713   710   731   797

   16   754   736   773   707   700   706   692   730   697   715   728   813
   17   725   744   778   718   696   711   686   715   686   714   764   810
   18   749   766   756   718   704   717   680   696   686   729   759   813
   19   758   762   745   709   687   701   674   706   690   733   758   824
   20   769   768   746   714   677   704   666   697   691   731   768   809

   21   759   791   747   716   680   697   664   692   688   714   746   794
   22   755   803   786   707   671   695   661   690   689   730   743   788
   23   756   849   776   703   673   674   664   688   687   735   726   772
   24   751   858   772   716   680   680   661   684   682   743   721   762
   25   740   849   743   706   675   677   658   677   680   769   724   762

   26   746   871   745   696   684   676   648   675   696   770   708   752
   27   741   854   754   695   677   674   653   682   699   764   725   776
   28   781   849   759   699   696   673   654   672   704   751   716   786
   29   784   813   752   688   691   671   659   671   709   748   740   790
   30   758         784   690   682   672   662   686   716   747   746   780

   31   751         771         677         662   689         757         798
-------------------------------------------------------------------------------
 Mean   754   768   759   726   695   690   670   693   702   734   737   788
-------------------------------------------------------------------------------
                                                       1964 Yearly Mean = 726

