1984                       OBSERVED DAILY SOLAR FLUX                       1984
Ottawa               2800 MHz Series C (Multiplied by Ten)              1700 UT
===============================================================================
  Day   Jan   Feb   Mar   Apr   May   Jun   Jul   Aug   Sep   Oct   Nov   Dec
-------------------------------------------------------------------------------
    1   872  1592  1462  1358  1513  1128   984   816   924   719   706   792
    2   904  1462* 1406  1347* 1371* 1082  1002   838   916   747   712   790
    3   926  1353  1246  1288* 1210  1065  1014   858   929   751   732   802
    4   941  1296  1163* 1294  1116* 1038  1022   833   904   752   734   782
    5   912  1175  1111  1186  1129  1016  1010*  833   884   740   729   756

    6   885  1150  1112  1119* 1062   960   970   874   845   733   723   752
    7   895  1168  1066  1076  1161   945   968   899   839   736   714   750
    8   955  1307  1053  1004A 1196   918   978   914   822   747   719   764
    9   976  1438  1039   946  1357   908  1011   918   795   737   741   768
   10   985  1403* 1001   935  1479   895   980   929   780   743   773   780

   11  1001  1449*  999   968  1450   904   936   884   768   746   746   814
   12  1045  1394* 1035* 1067  1452*  902   917   857   755   742   744   803
   13  1056  1317  1161  1130  1483   955   896   843   740   751   731   786
   14  1026  1234* 1224  1181  1437  1068   893*  819   735   736   735   782B
   15  1011  1163  1359  1189  1366  1129*  893   805   725   769   745   773

   16   998* 1173* 1253  1164  1342  1069   872   811   726   771   723   767
   17   983  1194  1304  1219* 1272  1061*  845   790   739   767   727   750
   18   981  1251* 1269* 1188  1288  1054   828   772   731   771   734   725
   19   965  1314* 1275  1115* 1344  1044   820   744   739   748   741   733
   20  1056  1376  1273  1229* 1348  1032   821   738   735   742   766   722

   21  1067  1470  1233  1264  1418* 1001*  840   755   745   739   802   720
   22  1140  1616  1236  1294  1269  1013   836   740   754   753   802   730
   23  1169  1697  1158  1351* 1267  1019   846   744   756   734   813   737
   24  1304* 1766* 1137  1412  1237  1003   841   798   757   716   833   742
   25  1515  1729* 1122  1506  1225* 1013   832   812   742   711   853   747

   26  1701* 1676  1207  1718  1178   968   808   859   739   702   847   748
   27  1776  1573  1296* 1812* 1171   982   805   885   732   695   848*  745
   28  1741  1517  1363  1801* 1154   962   800   869   728   702   833   747
   29  1800  1508  1385* 1756* 1177   970   798   885   715   692   792   746
   30  1665        1441  1683  1164A  978   797   901   722   698   786   738

   31  1744        1440        1127         806   914*        709         724
-------------------------------------------------------------------------------
 Mean  1161  1406  1220  1287  1283  1003   893   837   781   735   763   759
-------------------------------------------------------------------------------
* = corrected for burst in progress                    1984 Yearly Mean =1011
A = interpolated
B = extrapolated

