1978                       OBSERVED DAILY SOLAR FLUX                       1978
Ottawa               2800 MHz Series C (Multiplied by Ten)              1700 UT
===============================================================================
  Day   Jan   Feb   Mar   Apr   May   Jun   Jul   Aug   Sep   Oct   Nov   Dec
-------------------------------------------------------------------------------
    1  1312* 1433  1388  1301  1785  1449  1382  1029  1570  1387  1543  1714
    2  1385  1572  1435  1299  1801  1429* 1234  1029  1687* 1377  1616  1724
    3  1346  1613* 1491  1345  1792A 1271  1127  1064  1642  1316  1727  1691
    4  1291  1584  1508  1432* 1754  1153  1135  1091  1715* 1320* 1805  1702
    5  1233  1636  1570  1466* 1708* 1135  1150  1143  1766  1387* 1843  1746

    6  1227* 1606  1653  1450* 1700  1066  1154* 1191  1782  1375  1754* 1694
    7  1154  1617  1677  1466  1596* 1074  1247  1247  1749  1417  1778  1840* 
    8  1063  1614* 1711  1482  1407  1061  1314  1270  1646  1504  1713* 1958
    9  1003  1595  1863  1556  1326  1033  1423* 1246* 1554* 1563  1681* 1955A
   10   967  1527  1815  1548  1270  1051  1509* 1241  1477  1628  1697  2110

   11   963  1583  1775  1620* 1312  1098  1578* 1185  1397  1723* 1670  2172
   12   952  1632  1719  1554  1354  1129* 1686* 1212  1367  1779  1536  2243A
   13   934  1551  1629  1447  1373  1166* 1602  1315  1362  1794  1484  2173* 
   14   916  1522  1623  1383  1406  1225* 1579  1293  1417* 1810  1392  2033
   15   927  1403  1559  1404  1430  1284  1641  1267* 1509  1831  1368  1989

   16   893  1334  1447  1366  1445* 1352* 1582  1206  1597  1779* 1317  1865
   17   866  1290  1368  1323  1406  1444  1544  1164* 1602  1727  1311  1836
   18   875  1278  1335  1329  1324  1486* 1492* 1128  1678* 1708  1304  1668
   19   882  1219  1291  1383* 1305  1568* 1439  1090  1673* 1718  1321  1580
   20   899  1249  1263  1367  1292* 1686  1383* 1050  1673  1726  1382  1427

   21   944  1249  1190  1370* 1295  1795* 1359  1024  1711  1684* 1291  1365* 
   22  1000  1306  1178  1448  1324* 1842A 1231  1036  1703* 1630  1304  1371
   23  1028  1346  1171  1611  1393* 1904  1196* 1019  1643* 1630  1250  1380
   24  1036  1385  1182  1579  1428* 1886  1148  1031  1580  1586  1268  1398* 
   25  1066  1421  1188  1572* 1439  1776  1102  1020  1564  1580  1280* 1427

   26  1163  1376  1130  1646  1488  1764* 1087   986  1478  1563  1362  1491
   27  1200  1402  1146  1704  1466* 1736  1075  1051* 1456* 1527  1484* 1538* 
   28  1316* 1380  1130  1742* 1432* 1684  1066  1056* 1472  1504* 1584  1697
   29  1363*       1114  1825  1446  1619  1059  1139  1477  1519  1667  1719
   30  1391        1156* 1794* 1432* 1495* 1059  1218A 1422  1486  1726  1879

   31  1373*       1247        1484        1056  1314*       1462        2018
-------------------------------------------------------------------------------
 Mean  1096  1454  1418  1494  1465  1422  1311  1140  1579  1582  1515  1755
-------------------------------------------------------------------------------
* = corrected for burst in progress                    1978 Yearly Mean =1436
A = interpolated

