1948                       OBSERVED DAILY SOLAR FLUX                       1948
Ottawa               2800 MHz Series C (Multiplied by Ten)              1700 UT
===============================================================================
  Day   Jan   Feb   Mar   Apr   May   Jun   Jul   Aug   Sep   Oct   Nov   Dec
-------------------------------------------------------------------------------
    1   ---  1275  1330  1710  1993  2011  2040  2064  1489  1255  1393  1234
    2  2081  1310  1342  1832   ---  1908  1967  1952  1407  1268  1380  1265
    3  1793  1349  1204  1982  1791  1985  1911  2064  1381  1264  1471  1453
    4   ---  1323  1187  1995  2023  1998  1752  2201   ---  1325  1557  1392
    5  1732  1349  1157  1922  2293  2054  1657  2060  1325  1333  1567   ---

    6  1767  1227  1247  1961  2668   ---  1524  1858  1364  1312  1567  1558
    7  1793  1292   ---  1866  2965  1839  1503  1842  1274  1394   ---  1710
    8  1717  1216  1350  1871  3188  2019  1473  1817  1330  1637  1899  1804
    9  1529  1299  1389  1836   ---  1942  1619  1511  1330  1456  1733  1852
   10  1468  1438  1523  1944  3360  1869  1653  1459  1360   ---  1685  1953

   11  1398  1403  1566   ---  3197  1723   ---  1554  1463   ---  1746  1930
   12  1433  1329  1639  2064  3061  1697  1765  1666  1639  1966  1776   ---
   13  1451  1290  1540  2267  2913   ---  1743  1407  1769  2086  1880  2067
   14  1463   ---  1523  2490  2827  1633  1782  1533  1859  2018   ---  1970
   15  1422   ---  1461  2178  2459  1581  1859  1542  1904  1933  1823  2103

   16  1465  1418  1348  2109   ---  1615  1851  1610  2007  1855  1941  2138
   17  1408  1341  1339   ---  2193  1835  1868  1662  2003  1812  1915  2221
   18  1426  1406  1262  2122  1926  1968   ---  1761  2240  1674  1994  2204
   19  1504  1518  1245  2320  1836  1963  1739  1971  2365  1699  2068  2361
   20  1570  1505  1327  2161  1728   ---  1898  2014  2228  1708  2037  2374

   21  1487  1431  1309  2260  1879  1968  1825  1821   ---  1794   ---  2282
   22  1614  1448  1248  2285  1625  1981  1911   ---   ---  1632  1865  2354
   23  1540  1439  1135  2212   ---  2208  1846  1855   ---  1636  1550  2219
   24  1501  1266  1144  2324  1741  2312   ---  1542   ---  1606  1463  2267
   25   ---  1322  1210  2298  1746  2204  1993  1554   ---  1662  1494   ---

   26  1497  1275   ---  2178  1724  2165  1842  1645   ---  1589  1364   ---
   27  1493  1240   ---  2264  1883   ---  1971  1628  1660  1450  1355  2088
   28  1362   ---   ---  2071  1952  2178  2070   ---  1652  1428   ---  2023
   29   ---  1201   ---  1916  1939  2092  2053  1589  1332  1553  1281  1817
   30  1563        1546  1843   ---  2092  2061  1463  1276  1463  1203  1896

   31   ---        1670        1969        1997  1476        1346        1664
-------------------------------------------------------------------------------
 Mean  1557  1343  1355  2081  2265  1955  1828  1728  1637  1591  1654  1933
-------------------------------------------------------------------------------
                                                       1948 Yearly Mean =1744

