1986                       OBSERVED DAILY SOLAR FLUX                       1986
Ottawa               2800 MHz Series C (Multiplied by Ten)              1700 UT
===============================================================================
  Day   Jan   Feb   Mar   Apr   May   Jun   Jul   Aug   Sep   Oct   Nov   Dec
-------------------------------------------------------------------------------
    1   693   842   856   719   714   691   666   707   686   711   889*  727
    2   699   890*  907   707   731   678   664   702   680   715   855   726
    3   707   989   927*  709   726   679   666   708   681   720   821   723
    4   719  1006*  929   716   704   673   670   696   682   707   837   713
    5   731  1027   920   718   695   673   688   697   685   711   829   721

    6   747  1019   911*  718   686   678   715   701   684   725   821   712
    7   740   994   889   718   686   680   697   699   689   744   783   703
    8   736   969*  863   716   682   682   692   694   684   750   749   712
    9   752   951   855   718   685   690   701   694   684   748   733   730
   10   747   959*  827   722   695   682   725   686   683   735   718   745

   11   744   976   803   720   700   680   722   668   679   735   713   753F 
   12   736   908   778   727   694   684   712   666   679   756   729   734
   13   768   886   752   738   702   682   718   662   681   755   776*  738
   14   790   884*  727   755   701   699   722   665   691   754   757   737
   15   777   816   705   755   711   691   716   677   707   722   768   732

   16   780*  729   696   753   726   685   720   677   697   797   767   731
   17   769   700   696   747   736   676   725   672   685   832   755   741
   18   755   703   695   737   769   677   722   674   682   870   747   738
   19   725   697   694   742   769   674   710   677   681   893   743   733
   20   715   696   690   743   777   674   709   690   681   930   743   727

   21   701   675   690   735   773   670   703   689   683   923   759   729
   22   695   692   696   743   773   675   709   685   678   954   764   738
   23   691   692   702   812   768   674   694   681   682   989   777   732
   24   690   701   699   864   775   662   690   676   684   984   791   724
   25   702   715   699   847   790   663   687   678   691   955   775   724

   26   699   735   711   831*  751   660   689   685   682   953   763   721
   27   693   767   705   822   727   663   694   677   686   955   756   718
   28   722   785   706   790   723   661   703   675   700   948   751   716
   29   734         717   759   723   661   718   675   713   927   744   716
   30   760         716   736   705   661   714   680   714   911   729   720

   31   789         716         712         705   683         906         704
-------------------------------------------------------------------------------
 Mean   732   836   770   751   726   676   702   684   687   830   771   726
-------------------------------------------------------------------------------
* = corrected for burst in progess                     1986 Yearly Mean = 741
F = uncorrected for interference during calibration

