1951                       OBSERVED DAILY SOLAR FLUX                       1951
Ottawa               2800 MHz Series C (Multiplied by Ten)              1700 UT
===============================================================================
  Day   Jan   Feb   Mar   Apr   May   Jun   Jul   Aug   Sep   Oct   Nov   Dec
-------------------------------------------------------------------------------
    1   ---  1258  1040   ---  1083   980   945  1066  1047   948  1072   ---
    2   969  1304   973   897  1070   ---   ---  1011   ---   910  1046   979
    3   879   ---   ---   888   981   ---   995  1028   ---  1005   ---   948
    4  1017   ---   ---   830   952   ---  1017   ---  1078  1034  1072   950
    5  1135   997   880   859   ---  1321  1037   ---  1141   979  1140   923

    6   ---   980   918   924   ---  1545  1080   ---  1140   ---  1140   847
    7   ---   866   860   ---   901  1868   ---  1306  1245   985   ---   890
    8  1143   880   850   ---  1020  1995   ---  1428   ---   ---  1124   ---
    9  1122   859   875   979  1137  1986  1388  1396   ---  1009  1132   856
   10  1088  1001   ---  1050  1381  1911  1477  1540  1242   ---   ---   876

   11   913   ---   ---  1083  1550  1977  1577   ---  1268  1098  1120   864
   12   882   886   867  1295   ---  1995  1539   ---  1294  1204  1031   907
   13   ---   848   872  1405  2090  2050  1489  1227  1213   ---   988   919
   14   ---   933   867  1421  2317  2091   ---  1184  1217   ---  1006   971
   15   813   903   861  1680  2396  2023   ---  1163   ---  1193  1008   ---

   16   850   903   891  1504  2424   ---  1392  1120   ---  1224   998   ---
   17   842   ---   ---  1541  2433   ---   ---  1036  1108  1214  1020  1079
   18   880   ---   ---  1631  2459  1987  1223   ---  1146  1210   985  1053
   19   873  1009  1082  1572  2489  1889  1164   ---  1218  1244   976  1155
   20   ---   992  1115  1547  2401  1805  1063  1016  1265  1124   985  1168

   21   ---  1047  1310   ---  2498  1654   ---   977  1337  1039   973  1272
   22  1031  1076  1196   ---  2363  1557   ---   982   ---   939   999   ---
   23  1132  1080   ---  1458  2041   ---   933   994   ---   897  1017  1292
   24  1055   ---  1485  1449  1849   ---   963   970  1211   913   ---  1210
   25  1317   ---   ---  1420  1714  1187   ---   983  1096   917  1012   ---

   26  1388  1230   ---   ---  1561  1013   971   ---  1121  1011  1021  1146
   27   ---  1161  1250  1391   ---   934   958   918  1117  1031  1041  1069
   28   ---  1173  1183   ---  1195   921   ---   957  1053  1133  1072  1086
   29  1512        1076   ---  1119   895   ---   958   ---  1108  1046  1065
   30  1486        1068  1129  1065   ---   992   978   ---  1083  1107   ---

   31  1417         ---        1023        1067  1012        1113        1049
-------------------------------------------------------------------------------
 Mean  1079  1019  1025  1271  1686  1617  1163  1098  1178  1060  1044  1024
-------------------------------------------------------------------------------
                                                       1951 Yearly Mean =1189

