1988                       OBSERVED DAILY SOLAR FLUX                       1988
Ottawa               2800 MHz Series C (Multiplied by Ten)              1700 UT
===============================================================================
  Day   Jan   Feb   Mar   Apr   May   Jun   Jul   Aug   Sep   Oct   Nov   Dec
-------------------------------------------------------------------------------
    1  1035  1087  1016* 1273  1071  1452* 1881* 1756  1879  1791  1597* 1548
    2   969  1074  1008  1266  1113* 1435  1924  1822  1758  1968  1590* 1538
    3  1047  1066  1036* 1276  1145* 1453  1840  1673* 1743  2003  1667  1516
    4  1016  1061  1043* 1225  1253  1466  1751  1590  1632  1892  1624  1469
    5  1029  1056  1084* 1144  1190  1468  1656  1547  1637  1911  1667  1592*

    6  1052  1065  1093  1166  1144  1544  1516  1589  1501  1936  1641  1625
    7  1056  1083  1089  1197  1108  1598  1474  1657  1432  1827  1544  1576*
    8  1092  1053  1056* 1214* 1145  1633  1378  1818  1369  1730  1463  1692
    9  1040* 1038  1029  1214* 1196  1609* 1332  1775  1262  1770  1554  1703
   10  1043  1029  1005  1267  1141  1453  1338  1770  1160  1784  1507  1663*

   11  1052* 1022  1042  1274* 1123  1336  1332* 1735  1203  1689  1570  1820
   12  1111* 1040  1048  1299* 1093  1221  1334  1570  1254  1491  1538* 1794
   13  1117* 1056  1091  1338  1037  1115  1367* 1556  1233  1583  1612* 1869
   14  1175  1052  1101* 1453  1029  1082  1453  1478  1287  1513  1770* 2110*
   15  1162* 1029  1138* 1425  1011  1100  1459  1404  1247  1500  1647* 2189

   16  1259* 1035  1152* 1465  1010  1179  1484* 1344  1272  1533  1904* 2397
   17  1203  1088  1185  1443  1013  1209  1479* 1421  1340  1763  1797  2496
   18  1146  1152  1171  1440  1042  1217  1475  1255  1382  1636  1657  2515
   19  1180  1115  1171* 1372  1023  1156  1376  1210  1374  1654  1549  2482
   20  1164  1089  1172* 1336  1036  1147  1369  1154  1502  1675  1502  2468

   21  1152  1070  1183* 1263  1099  1189* 1412  1135  1566  1675  1567  2534
   22  1079  1047  1184  1188  1112  1204* 1368  1124  1774  1679  1570  2549
   23  1081  1024  1216* 1102  1192  1252  1401  1191A 1767* 1730  1392  2427
   24  1055  1017  1237* 1043  1168  1313* 1343  1309  1776  1703  1416  2291
   25   979   984  1291* 1054  1206* 1487  1366  1413  1765  1640  1412  2176

   26   965   986  1281* 1025  1245  1525* 1452  1539  1712  1573  1411  1996
   27  1048   982  1285* 1005  1266  1553  1566  1635  1789* 1639  1448  2088
   28  1062   990  1302  1002  1266  1773  1701  1706  1704  1581  1427  2085
   29  1022  1052  1321  1006  1364  1833  1804  1854  1715  1581  1415  2034
   30  1032        1286  1032  1389  1813* 1827  1865  1727  1565* 1397  1856

   31  1062        1308*       1494*       1869  1910        1628        1837
-------------------------------------------------------------------------------
 Mean  1080  1050  1149  1227  1152  1394  1527  1542  1525  1698  1562  1998
-------------------------------------------------------------------------------
* = corrected for burst in progress                    1988 Yearly Mean =1410
A = interpolated - interference during calibration

