1961                       OBSERVED DAILY SOLAR FLUX                       1961
Ottawa               2800 MHz Series C (Multiplied by Ten)              1700 UT
===============================================================================
  Day   Jan   Feb   Mar   Apr   May   Jun   Jul   Aug   Sep   Oct   Nov   Dec
-------------------------------------------------------------------------------
    1  1668  1244  1036  1132  1251   860  1040   900  1102   984   868  1067
    2  1790  1233  1036  1052  1191   880   990   870  1102   974   838  1097
    3  1780  1193  1046  1012  1111   920  1040   910  1172   974   818  1128
    4  1678  1193   965  1032  1041   890  1030   880  1182  1025   828  1067
    5  1627  1193   945  1072  1031   860  1060   900  1142  1085   878  1026

    6  1454  1223   935  1062   971   880  1020   920  1122  1015   878  1026
    7  1342  1153   955   982   971   890  1050   991  1152   994   939   955
    8  1270  1120   944  1042   940   910  1070  1051  1172   985  1001   976
    9  1240  1090   904   961   961  1000  1120  1131  1263  1076   990   935
   10  1168  1049   914   931   920  1020  1240  1221  1303  1066  1021   884

   11  1118  1019   984   921   981  1100  1380  1301  1273  1076  1001   833
   12  1046   988   924   891  1011  1080  1370  1281  1303  1117   950   793
   13   975   978   934   881   971  1140  1410  1281  1303  1117   920   833
   14   975   978   914   931   930  1230  1360  1271  1373  1056   869   823
   15   983   987   983   981   910  1290  1360  1231  1354  1067   850   824

   16  1014   967   994  1031   880  1320  1320  1191  1334  1007   871   824
   17  1034   967   983  1051   880  1370  1370  1191  1244   976   870   804
   18  1044   967  1014  1071   950  1360  1310  1161  1153   956   800   824
   19  1034   967  1024  1051  1000  1310  1260  1131  1083   956   780   834
   20  1034   997  1054  1031  1050  1310  1230  1091  1013   936   810   895

   21  1055  1008  1054  1041  1100  1320  1180  1041   962   926   840   916
   22  1032  1027  1063  1031  1090  1340  1190  1031   923   897   851  1007
   23  1012  1037  1103  1051  1100  1350  1180   981   903   856   882  1027
   24  1042  1047  1163  1111  1080  1170  1180   971   973   856   882  1058
   25  1042  1067  1184  1111  1060  1110  1170   930   973   836   932   ---

   26  1093  1017  1214  1261   880  1080  1150   950   983   836   943  1037
   27  1103  1037  1254  1201   950   990  1110   950   963   846   963  1048
   28  1265  1037  1264  1141   910   950  1050  1001   963   866   993   996
   29  1336        1264  1211   910  1020  1030  1031  1024   856   993   996
   30  1305        1254  1221   880  1030   920  1061  1004   877  1055   956

   31  1245        1174         880         910  1081         866         945
-------------------------------------------------------------------------------
 Mean  1220  1064  1048  1050   993  1099  1165  1062  1127   967   903   948
-------------------------------------------------------------------------------
                                                       1961 Yearly Mean =1054

