1958                       OBSERVED DAILY SOLAR FLUX                       1958
Ottawa               2800 MHz Series C (Multiplied by Ten)              1700 UT
===============================================================================
  Day   Jan   Feb   Mar   Apr   May   Jun   Jul   Aug   Sep   Oct   Nov   Dec
-------------------------------------------------------------------------------
    1  2614  1971  1962  3317  2663  2190  2150  2740  2615  2322  2363  2723
    2  2675  2194  2103  3267  2763  2200  2150  2540  2816  2221  2434  2631
    3  2665  2244  2243  3026   ---  2270  2240  2370  2705  2201  2262  2449
    4  2654  2356  2334  2956  2803  2460  2320  2160  2565  2161  2222  2449
    5  2502  2517  2344  2906  2693  2560  2380  2210  2335  2000  2242  2570

    6  2583  2548  2525  2896  2633  2600  2320  2390  2164  1899  2060  2530
    7  2593  2598  2575  2836  2492  2380  2370  2352  2104  1899  2081  2570
    8  2591  2522  2523  2725  2362  2330  2320  2362  2114  1881  1931  2644
    9  2631  2361  2563  2505  2392  2520  2180  2252  2355  1932  1820  2583
   10  2784  2331  2432  2445  2092  2340  2080  2222  2455  1992  1709  2736

   11  2774  2301  2362  2164  2112  2350  2030  2252  2505  2113  1678  2604
   12  2946  2280  2332  1964  2092  2270  1880  2222  2705  2203  1678  2614
   13  3150  2240  2392  1794  2032  2200  1910  2362  2856  2263  1648  2644
   14  3261  2119  2281  1774  1942  2080  1820  2352  2906  2294  1678  2624
   15  3133  2036  2179  1882  1960  1970  1810  2312  2718  2316  1682  2392

   16  3012  1885  2149  1972  1940  1910  1920  2152  2638  2548  1712  2209
   17  2890  1845  2088  2072  1940  1820  1880  2112  2598  2880  1752  2077
   18  2636  1784  2108  2132  1970  1770  1900  2182  2467  2880  1763  2056
   19  2413  1744  2209  2212  1970  1890  2050  2192  2437  2981  1854  1904
   20  2545  1734  2329  2262  1970  1930  2000  2202  2317  2799  1894  2026

   21  2423  1764  2249  2292  1990  1940  2090  2312  2217  2789  1965  2016
   22  2297  1772  2668  2372  1990  2130  2140  2392  2500  2722  2028  2146
   23  2125  1954  2688  2352  2060  2170  2130  2432  2269  2419  2160  2187
   24  2135  2074  2748  2442  2110  2210  2280  2533  2259  2288  2322  2278
   25  2085  2084  2588  2482  2070  2260  2400  2633  2229  1925  2464   ---

   26  2226  2064  2849  2452  2100  2330  2600  2643  2189  1956  2677  2420
   27  2024  1984  3029  2472  2010  2370  2610  2523  2199  1925  2718  2309
   28  1913   ---  2959  2583  2020  2320  2900  2442  2259  2107  2626  2268
   29  1963        3330  2553  2190  2200  2850  2523  2279  2218  2667  2227
   30  1832        3450  2653  2130  2170  2870  2492  2289  2298  2677  2278

   31  1892        3390        2090        2880  2593        2238        2298
-------------------------------------------------------------------------------
 Mean  2515  2122  2515  2459  2186  2205  2241  2370  2435  2280  2092  2382
-------------------------------------------------------------------------------
                                                       1958 Yearly Mean =2317

