1955                       OBSERVED DAILY SOLAR FLUX                       1955
Ottawa               2800 MHz Series C (Multiplied by Ten)              1700 UT
===============================================================================
  Day   Jan   Feb   Mar   Apr   May   Jun   Jul   Aug   Sep   Oct   Nov   Dec
-------------------------------------------------------------------------------
    1   ---   815   ---   772   811   797   879   830  1011   978  1540  1382
    2   751   833   771   780   798   797   886   809  1041  1012  1362  1399
    3   747   863   778   773   830   795   920   843  1075  1135  1223  1366
    4   802   872   748   772   826   792   909   852   ---  1186  1176  1477
    5   868   826   785   812   828   788   948   899  1105   ---  1102  1490

    6   975   844   773   829   832   760  1015   ---  1088   ---  1089  1501
    7  1018   862   745   791   ---   751  1026  1033  1071  1251  1172  1454
    8   ---   880   742   ---   ---   794  1021  1109  1105  1131  1220  1425
    9   991   893   744   790   779   844  1013  1244  1105  1157  1262  1405
   10   946   827   782   765   777   857  1010  1171  1062  1205  1319  1367

   11   965   799   728   783   750   923   967  1130   985  1144  1355  1489
   12   970   ---   735   759   750   ---   970  1098   971   ---  1411  1433
   13   933   852   ---   755   735   971   935   ---   971   996  1327  1354
   14   922   812   744   742   720  1024   903  1012   936   962  1283  1383
   15   ---   804   743   796   ---  1020   886   956   890   868  1330  1395

   16   861   767   745   ---   740  1082   854   908   847   864  1356  1419
   17   844   739   716   752   799  1072   834   869   856   794  1323  1381
   18   817   768   742   756   777  1039   813   787   843   850  1297  1352
   19   817   776   ---   743   779  1052   821   787   847   877  1328  1342
   20   765   826   747   757   860  1070   819   783   839   881  1333  1328

   21   740   795   732   754   937  1016   781   766   813   946  1253  1206
   22   745   765   ---   756   923   908   772   787   805   968  1238  1244
   23   747   832   718   758   914   932   759   766   810  1051  1247  1191
   24   795   842   718   756   904   829   733   757   ---  1138  1253  1169
   25   796   817   743   732   911   779   738   757   870  1346  1293  1170

   26   790   810   ---   753   913   ---   740   796   870  1397  1369  1155
   27   740   ---   ---   809   929   788   ---   ---   917  1393  1379  1246
   28   778   790   ---   790   872   769   759   852   930  1411  1369  1246
   29   797         753   801   874   803   791   856   969  1450  1334  1262
   30   ---         750   795   792   820   811   912   981  1411  1459  1374

   31   825         761         807         ---  1008        1506        1310
-------------------------------------------------------------------------------
 Mean   843   820   748   773   828   888   873   907   951  1118  1300  1346
-------------------------------------------------------------------------------
                                                       1955 Yearly Mean = 950

