1957                       OBSERVED DAILY SOLAR FLUX                       1957
Ottawa               2800 MHz Series C (Multiplied by Ten)              1700 UT
===============================================================================
  Day   Jan   Feb   Mar   Apr   May   Jun   Jul   Aug   Sep   Oct   Nov   Dec
-------------------------------------------------------------------------------
    1   ---  1992  1871  2194  1752  2180  2560  2030  2755  2693  3030  2997
    2  2797  1840  1831  2034  1762  2290  2420  2000  2685  2533  2919  2743
    3  2787  1870  1801  1834  1822  2300  2540  1980  2735  2663  2687  2875
    4  2878  1830  1781  1934  1902  2180  2490  1940  2475  2382  2384  2824
    5  2909  1850  1811  1924  2022  2220  2380  1870  2375  2462  2424  2774

    6  2959  1951  1811  1693  1982  2260  2240  1870  2234  2512  2414  2753
    7  2685  1880  1962  1713  2042  2210  2110  1852  2224  2543  2454  2377
    8  2520  2018  1990  1954  2072  2230  2010  1812  2275  2626  2376  2461
    9  2367  1917  1980  2094  2282  2330  1980  1752  2335  2766  2325  2329
   10  2195  1857  2000  1934  2272  2200  1880  1692  2455  2766  2346  2136

   11  2184  1917  2171  1864  2342  2240  1700  1732  2685  2797  2487  2146
   12  2205  1947  2100  1804  2282  2260  1760  1772  2776  2857  2598  2126
   13  2093  1766  2151  1864  2422  2450  1880  1722  2685  2827  2527  2258
   14  2002  1816  2010  1834  2482  2470  1870  1822  2595  2907  2507  2319
   15  1937  1895  1988  2022  2350  2550  1880  1832  2558  2789  2451  2402

   16  1866  1774  2018  2092  2390  2640  2030  1972  2648  2910  2451  2565
   17  1967  1824  2008  2122  2120  2680  2170  2162  2718  2739  2310  2830
   18  2058  1895  1978  2042  2140  2880  2270  2162  2758  2961  2502  2962
   19  2180  1744  1938  2072  2010  2920  2200  2142  3019  2930  2543  2983
   20  2363  1734  1958  2092   ---  2950  2300  1992  3029  3051  2644  3390

   21  2261  1855  1988  2042  2300  2950  2440  1942  3280  2840  2776  3543
   22  2287  1873  2026  2172  2120  2930  2360  1852  3293  2762  2981  3712
   23  2358  2054  2036  2142  2070  2970  2500  1972  2952  2974  2839  3834
   24  2550  1863  1966  2152  2100  2770  2550  1992  2861  2822  2890  3763
   25  2348  1853  1986  2242  1960  2530  2460  2102  2620  2611  2748   ---

   26  2439  1813  1936  2332  1840  2600  2310  2192  2711  2681  2626  3621
   27  2398  1843  2156  2142  1980  2590  2320  2222  2600  2984  2616  3478
   28  2095  1813  1986  1992  1810  2610  2120  2382  2600  3256  2586  3224
   29  1994        2096  1882  1830  2600  2010  2382  2570  3447  2505  2868
   30  1903        1956  1772  1990  2650  1930  2633  2630  3468  2819  2807

   31  1781        2016        2110        1910  2943        3205        2848
-------------------------------------------------------------------------------
 Mean  2312  1867  1978  2000  2085  2521  2180  2023  2671  2831  2592  2865
-------------------------------------------------------------------------------
                                                       1957 Yearly Mean =2327

