1959                       OBSERVED DAILY SOLAR FLUX                       1959
Ottawa               2800 MHz Series C (Multiplied by Ten)              1700 UT
===============================================================================
  Day   Jan   Feb   Mar   Apr   May   Jun   Jul   Aug   Sep   Oct   Nov   Dec
-------------------------------------------------------------------------------
    1  2390  2073  1881  2565  2042  1930  1880  2140  2826  1507  1606  2256
    2  2542  2073  1821  2365  1942  1980  1740  2280  2695  1457  1697  2205
    3  2705  2062  1821  2164  1952  1980  1710  2400  2575  1447  1666  2052
    4  2746  2032  1791  2154  1842  1900  1770  2360  2395  1487  1555  2022
    5  2868  1931  1801  1964  1862  1970  1760  2290  2204  1558  1525  2073

    6   ---  1971  1911  1964  2022  2100  1880  2270  2004  1749  1586  2052
    7  3112  1840  1891  2174  2082  1980  1920  2122  1924  1698  1626  1941
    8  2824  1836  1920  2154  2442  2130  1850  2042  1994  1559  1749  1963
    9  2723  1756  1990  2154  2492  2230  1850  2042  2094  1539  1850  1759
   10  2865  1917  2050  2204  2593  2280  2010  2022  2014  1499  1961  1770

   11  2642  2008  2020  2325  2643  2260  1940  2002  2034  1479  1951  1739
   12  2550  2008  1950  2244  2663  2200  2340  1962  1954  1549  1941  1719
   13  2388  2028  2080  2094  2643  2120  2430  1942  1894  1559  1931  1648
   14  2276  2008  2161  1984  2442  2080  2640  1892  1964  1539  1891  1678
   15  2099  2147  2359  1892  2280  2250  2450  1902  1846  1611  1844  1741

   16  2160  2157  2470  1882  2220  2200  2610  2012  1685  1682  1773  1670
   17  2231  2218  2600  1902  2240  2250  2400  2242  1705  1702  1631  1700
   18  2403  2197  2751  1812  2130  2280  2310  2292  1675  1722  1570  1720
   19  2687  2197  2821  1962  1990  2370  2220  2152  1755  1742  1590  1832
   20  2981  2298  2861  2032  2010  2260  2080  2242  1856  1762  1560  1812

   21  3194  2258  2881  2032  2010  2280  1890  2302  1825  1762  1560  1883
   22  3410  2205  2628  1992  2010  2190  1780  2432  1888  1885  1754  1739
   23  3319  2135  2588  2132  1980  2200  1780  2623  1827  1845  1896  1688
   24  3380  2215  2477  2132  1990  2320  1810  2452  1837  1824  2079  1658
   25  3249  2286  2487  2112  2030  2330  1820  2533  1757  1875  2292   ---

   26  3178  2205  2477  2182  2050  2380  1820  2573  1647  1915  2241  1637
   27  3259  2125  2467  2122  2080  2400  2000  2793  1637   ---  2211  1698
   28  3076  2024  2487  2162  1950  2240  2050  3023  1626   ---  2302  1749
   29  2651        2457  2112  1760  2190  2070  3083  1596   ---  2281  1739
   30  2267        2588  2202  1770  1960  2040  3123  1566   ---  2332  1820

   31  2166        2548        1790        2080  3053        1623        1698
-------------------------------------------------------------------------------
 Mean  2745  2079  2292  2106  2127  2175  2030  2342  1943  1651  1848  1822
-------------------------------------------------------------------------------
                                                       1959 Yearly Mean =2097

