1983                       OBSERVED DAILY SOLAR FLUX                       1983
Ottawa               2800 MHz Series C (Multiplied by Ten)              1700 UT
===============================================================================
  Day   Jan   Feb   Mar   Apr   May   Jun   Jul   Aug   Sep   Oct   Nov   Dec
-------------------------------------------------------------------------------
    1  1359  1675  1481  1008  1398  1276  1200* 1467  1085* 1173   998   931
    2  1359  1612* 1411  1013  1431  1351* 1213  1412* 1089  1203   992   915
    3  1408  1498  1434  1014* 1371  1354  1272  1353* 1046  1230   985   911
    4  1429  1613  1460  1007  1307  1450  1327  1327  1087  1251  1049   946
    5  1599  1587* 1490   986  1285  1630* 1278  1327  1157  1266* 1069   947

    6  1671* 1567  1414   993  1236* 1858  1280  1380  1188  1328   ---  1000* 
    7  1689  1461  1343  1020  1152  1743  1283  1380  1168  1340  1105  1016
    8  1612* 1370  1299  1038* 1246  1686  1237  1372  1167  1314* 1055  1013
    9  1551  1253  1237  1058  1297* 1547* 1191  1390  1137  1308  1011  1115
   10  1491  1164  1166  1029  1407* 1460* 1191  1476  1082  1340* 1029  1113

   11  1441  1098  1044  1039  1562* 1350  1216  1473  1091  1389   987  1050* 
   12  1403  1025  1007* 1072  1571* 1305  1207  1526* 1036* 1342   915  1043
   13  1397   979   970  1084  1512  1243  1196  1436  1031  1342*  939  1040
   14  1419   941   970  1110  1502* 1225* 1204  1380* 1039  1322*  930   996
   15  1458   908  1017* 1029  1426  1247  1206  1324* 1051* 1278   929   951

   16  1448   919  1089  1044  1310* 1248* 1174  1289  1051* 1180B  926   966* 
   17  1426   942  1157  1126  1287* 1266  1162  1237  1041  1117*  876   950
   18  1393   995  1188  1196  1344  1263  1127* 1192  1016  1044   864   931
   19  1316   968  1193  1239  1434  1295  1157  1149  1003  1060   843   891
   20  1245   995  1217  1261  1482* 1325  1211  1159   996  1000   823   864

   21  1199  1039  1196* 1320  1461  1394  1241* 1116  1022   901   813   850
   22  1171  1086  1180  1382  1483  1441  1346  1083  1053   881   822   856
   23  1191  1144  1169  1389  1401  1450  1288* 1084  1118   887   802   858
   24  1177  1168  1178  1410  1369  1372* 1321* 1064  1111   896   809   859
   25  1266  1228  1148* 1439  1353  1369  1325* 1020  1100*  903   813   852* 

   26  1368  1288  1152* 1449  1288  1394A 1249* 1036  1140*  902   825   857
   27  1377  1410  1100  1475  1271  1326  1194  1016  1193   901   867   863
   28  1449  1403  1052  1542* 1296  1251* 1233  1008  1143   916   890   835
   29  1535         992  1462  1352  1247  1343* 1036  1142   920   919   839
   30  1596        1009  1450  1317* 1226  1400  1021  1127*  939   926   841

   31  1667         989        1342*       1486* 1023         977         867
-------------------------------------------------------------------------------
 Mean  1423  1226  1186  1189  1371  1386  1250  1244  1090  1124   925   934
-------------------------------------------------------------------------------
* = corrected for burst in progress                    1983 Yearly Mean =1196
A = interpolated
B = extrapolated

