1962                       OBSERVED DAILY SOLAR FLUX                       1962
Ottawa               2800 MHz Series C (Multiplied by Ten)              1700 UT
===============================================================================
  Day   Jan   Feb   Mar   Apr   May   Jun   Jul   Aug   Sep   Oct   Nov   Dec
-------------------------------------------------------------------------------
    1   ---  1112  1217   876   939   980   ---   709   838   864   809   780
    2   ---  1043  1131   828   950   924   ---   730   930   859   809   827
    3   847  1023  1009   805   945   865   ---   717   985   836   811   840
    4   827  1048   893   779   906   850   896   727   995   823   825   835
    5   790   934   863   761   870   850   878   704   976   859   825   832

    6   780   864   818   782   865   873   863   717  1003   841   837   842
    7   783   833   805   771   832   916   875   714   998   854   853   876
    8   754   826   768   769   842   896   832   724   971   875   861   859
    9   751   834   781   779   873   914   801   730   938   868   864   841
   10   765   813   758   815   909   904   806   755   912   932   ---   851

   11   766   826   781   884   979   886   827   737   902   939   877   791
   12   786   818   826   935   979   875   817   763   935   939   890   775
   13   794   852   817  1026   963   888   858   791   917   955   939   781
   14   837   841   826  1098   945   893   863   832   951   960   995   776
   15   868   835   848  1115   911   927   850   916   929   948   962   773

   16   853   861   866  1194   893   950   837   904   908   917  1001   773
   17   879   877   948  1143   934   980   837   886   785   912   952   797
   18   955   918   987  1091   947   973   817   847   857   894   894   849
   19   998  1093  1170  1091   968   980   801   834   841   879   897   855
   20  1088  1082  1185  1094  1032   957   801   845   839   884   874   878

   21  1132  1151  1280  1122  1060   904   788   819   829   876   816   862
   22  1122  1216  1286  1134  1098   901   804   804   814   853   799   832
   23  1178  1369  1307  1081  1108   863   781   794   824   848   778   806
   24  1153  1345  1261  1051  1108   870   781   786   827   898   812   804
   25  1164  1300  1281  1012  1116   898   745   770   845   871   783   ---

   26  1168  1299  1179   999  1101   919   760   750   848   874   775   ---
   27  1159  1372  1171   997  1085   927   742   735   840   869   760   ---
   28  1161  1224  1088   961  1029   909   740   724   830   830   755   749
   29  1103        1032   934  1044   ---   732   717   866   802   763   ---
   30  1028         989   914  1052   ---   722   724   901   830   780   ---

   31  1030         924        1044         730   753         815         ---
-------------------------------------------------------------------------------
 Mean   949  1022  1003   962   979   910   807   773   895   878   849   820
-------------------------------------------------------------------------------
                                                       1962 Yearly Mean = 904

