YEARLY                     OBSERVED YEARLY SOLAR FLUX                    YEARLY
Ottawa/Penticton     2800 MHz Series C (Multiplied by Ten)              
===============================================================================
Year  Flux      Year  Flux      Year  Flux       Year  Flux       Year  Flux 
-------------------------------------------------------------------------------
1947  2183      1957  2327      1967  1432       1977   869       1987   853
1948  1744      1958  2317      1968  1493       1978  1436       1988  1410
1949  1778      1959  2097      1969  1512       1979  1920       1989  2135
1950  1282      1960  1620      1970  1562       1980  1985       1990  1898
1951  1189      1961  1054      1971  1185       1981  2026       1991  2081

1952   854      1962   904      1972  1208       1982  1753       1992  1507
1953   739      1963   812      1973   934       1983  1196       1993  1097
1954   702      1964   726      1974   865       1984  1011       1994   858
1955   950      1965   764      1975   761       1985   747       1995   770
1956  1846      1966  1021      1976   734       1986   741       1996   720

1997   810      2002  1795      2007   731
1998  1178      2003  1285      2008   690
1999  1535      2004  1065      2009   706
2000  1799      2005   917      2010   720
2001  1814      2006   800
-------------------------------------------------------------------------------

