
                              FLARE INDEX OF SOLAR ACTIVITY
                                    SOUTHERN HEMISPHERE
       1979
--------------------------------------------------------------------------------
Day    Jan   Feb   Mar    Apr   May   Jun    Jul   Aug   Sep    Oct   Nov   Dec
================================================================================
  1   7.52 15.43 23.38  16.69  9.10  4.79  16.45 10.17  3.96   4.19  2.90  6.58
  2   8.78  6.73 12.58  12.71  3.83  8.56   4.88  3.15 10.25   7.75  1.83  4.71
  3   9.04  3.89 11.46  21.58  2.52 10.27   4.17  0.82  6.73   2.46  5.59  4.85
  4   5.72  2.96  6.79   5.36  0.56  5.21   5.58  1.68  6.41   3.27  1.88 19.79
  5  11.63 12.59 10.87   5.02  0.08  8.04   4.81  1.26  1.23   5.79 31.75 15.27

  6   4.20  6.79 10.10  10.57  0.48  7.65   2.31  0.86  1.05   7.23 20.48  6.29
  7   4.28  5.49 12.58   1.89  2.16  7.87   5.06  1.21  4.06   8.38 23.71  5.81
  8   5.76 10.98 11.00  11.62  6.13  7.07   8.87  0.83  3.21   7.63 33.40 13.77
  9   2.99  5.02  2.80   3.38  4.94  6.66   6.21  2.02  1.29   4.90 17.02 11.03
 10   5.35  3.17  5.27   3.71  0.79  2.72   1.33  0.92  2.42   2.63 27.25  1.95

 11   8.67  5.63  8.89   5.28  2.48  7.98   8.36  2.81  1.66   2.65 14.12  5.81
 12   7.02 11.03  5.56   5.37  4.46  5.57   0.88  0.00  3.37   1.06  9.33  6.04
 13   4.39  8.74  2.85   3.49  0.69  3.21   2.25 11.88  7.00   4.30  6.19  9.17
 14   7.15  0.32  2.60   5.04  5.31  4.98   4.19 29.40  8.08   2.58  4.42  5.09
 15  18.36  1.32  3.57   2.26  7.19  1.79   2.31 12.02  8.57   0.73  3.89  9.71

 16  11.16  5.31  2.29   2.95  3.85  3.52   0.31 11.85  3.70   6.13  9.50  6.94
 17   2.67  2.63  1.18   0.00 10.31  2.21   1.23  2.33  0.24   7.19 16.30  4.94
 18   8.84  1.31  9.32   1.15  9.13  1.90   3.52  7.70  5.04   6.03 11.27  5.56
 19   9.75  0.70  4.81   0.73  2.66  3.42   5.77  8.01  6.77   1.15  6.93 16.26
 20   0.95  0.00 10.17   0.52  8.94  1.63   4.48 10.85  7.81   1.89  3.66 24.98

 21   2.77  1.76  0.43   1.56 12.60  3.34   1.03 14.85  5.00   4.77  7.03 24.08
 22  16.00  0.29  1.88   1.88 14.67  3.72   0.63  9.15  2.47   2.56  5.99 34.27
 23   8.05  0.59  1.29   3.38  8.25  7.79   2.14  5.52  4.48   4.25 10.22  9.44
 24  15.80  2.10  2.33   2.50  8.29  2.33   1.73  6.34  7.29   9.83  3.16  5.87
 25  23.77  7.98  2.45   6.05  3.52  5.25   7.06 12.36  1.10  20.77  3.08 19.88

 26   8.94  9.83 10.32   7.66  5.78  1.71   5.39 10.88  3.79   7.60  3.85  4.53
 27   3.91  3.42  4.26   5.05  1.52  2.89   4.36  2.42  6.10   7.52  2.95 16.68
 28   4.56  8.76  1.94   2.71  3.08  2.20  14.40  2.65  1.36   3.43  5.42 12.61
 29   7.44       10.46   2.49  2.21  3.01   6.06  1.69  0.20   4.21  8.69 11.02
 30   5.64       10.13   2.36  0.71  5.58   4.92  2.00  4.49   4.14  3.22  3.85

 31   3.12       25.07         1.06         3.90  2.29         3.04        1.94
================================================================================
Mean  7.88  5.17  7.38   5.17  4.75  4.76   4.66  6.13  4.30   5.16 10.17 10.60
--------------------------------------------------------------------------------
Yearly Mean = 6.36
