
                              FLARE INDEX OF SOLAR ACTIVITY
                                   NORTHERN HEMISPHERE
       1979
--------------------------------------------------------------------------------
Day    Jan   Feb   Mar    Apr   May   Jun    Jul   Aug   Sep    Oct   Nov   Dec
================================================================================
  1   3.76  3.64  1.50   0.80 18.07 12.02  14.05  3.31 12.67  20.56 14.25  4.94
  2   4.56 11.52  1.52   1.38 19.04 17.46   7.94  7.79  7.52  23.42  6.06  0.27
  3   4.33  7.25  0.83   0.48 13.56 24.48  18.15  7.84  8.08   5.24  6.43  0.79
  4   3.27  4.35  2.41   1.24 10.90 26.52  33.72  5.42 10.68  13.48  5.19  0.71
  5   2.45  3.65 14.85   0.74  4.06 26.10   4.40  2.59  4.31  15.49  7.30  0.00

  6   2.79  8.23  4.83   4.77  9.52 10.52   3.77  6.41  8.82  16.50  5.27  1.52
  7  12.72  5.00  5.71   1.46  6.45 12.66   2.73  2.77 12.35  21.71  6.87  4.69
  8  18.56 23.44 12.18   2.34  5.79 16.62  13.20  6.88 12.92  13.33  5.77  9.32
  9   7.12 13.61  7.52  11.19 14.29 15.62  13.25  6.91 10.88  13.21 16.80  3.17
 10   6.42 11.68  3.28   5.08 11.34 38.49  10.10 21.33  8.90   9.88 14.25  2.77

 11   8.81 13.51  9.23  13.69 15.25 13.54   7.06  2.33 22.46  21.46  8.66 10.26
 12   7.48 13.23  9.98   7.31 14.38  4.45   4.33  6.67  6.55  18.60 21.52 16.29
 13  13.15 10.56  5.77  15.71  8.07 15.71   4.98  3.59  9.38  13.22  5.31 10.68
 14   8.48 13.59  4.30  18.98 12.48  4.29   8.08  3.75 25.75  27.73  8.52 13.94
 15  11.31  7.21 11.01  15.34 13.56 12.65   9.50  3.46 16.08  17.27 23.55  9.01

 16  20.19 25.56 17.25  10.89 11.27 12.79   7.33  6.31 17.76  16.44 11.28 10.43
 17   8.72 26.17  1.43  11.66 10.60  8.98   2.45  0.53  8.94  19.17  8.62  3.40
 18   4.91 28.90 11.03   7.81  8.10  3.56   2.08  2.36 14.05  14.34  5.52  9.29
 19   7.52 27.11 10.02  10.38  4.14  1.31   1.55  5.42 41.56  27.60  4.41  9.47
 20   5.08 35.38  9.62   9.73  6.67  1.73  13.05 34.33 22.50  32.32  8.59  1.10

 21  13.05 13.79  9.60   4.69  2.04  1.06  12.00 16.42 17.84  16.44  2.62  0.75
 22  12.14 25.07 14.98   2.94  9.58  5.82  12.80 17.10 13.46  11.41  2.35  0.00
 23   4.33 19.21 13.29   1.07  6.50  1.92  29.49 16.19 13.87   5.45  4.20  0.85
 24   6.76 10.10  3.80   9.48  7.96  6.35  18.04 16.95 15.23   7.52  8.38  1.30
 25   0.41  2.35 10.53  17.86  7.53 14.14   9.77 17.22 16.90   2.92  2.59  0.00

 26   2.38  3.12 21.94  11.74  9.24  5.60   3.18 45.52 12.34   2.65  2.67  0.00
 27   9.04  3.71  3.35  20.40  6.49  4.61  11.82 16.21  8.54   1.44  5.11  0.00
 28   9.96  6.14  1.46   8.36 11.81  5.13   4.21 28.92  7.18   2.46  0.00  1.22
 29   8.25        2.82  14.43  9.71  5.34   4.56 14.67  6.86   4.15  0.52  1.07
 30   2.10        6.70  11.38  6.39  6.46  14.42 19.71 18.31   6.43  0.84  1.73

 31   2.57        3.52         5.29         1.66 14.88        11.71        0.10
================================================================================
Mean  7.50 13.47  7.62   8.44  9.68 11.20   9.80 11.73 13.76  13.99  7.45  4.16
--------------------------------------------------------------------------------
Yearly Mean = 9.87
