
                              FLARE INDEX OF SOLAR ACTIVITY
                                   NORTHERN HEMISPHERE
      1987
--------------------------------------------------------------------------------
Day    Jan   Feb   Mar    Apr   May   Jun    Jul   Aug   Sep    Oct   Nov   Dec
================================================================================
  1   3.78  0.00  1.73   0.65  2.56  0.00   0.19  0.00  0.00   0.00  0.22  0.00
  2   0.00  0.00  0.92   0.19  6.13  0.00   0.00  4.20  0.00   0.00  2.58  0.00
  3   0.00  0.00  0.00   0.00  0.00  0.00   0.00  2.93  0.00   0.86  8.05  0.15
  4   0.00  0.00  0.00   0.19  0.00  0.00   0.00  1.75  0.00   4.45  5.65  0.23
  5   0.00  0.00  1.46   0.00  0.00  0.00   0.00  0.78  0.00   2.07  2.76  0.00

  6   0.00  0.00  1.36   0.00  0.00  0.00   0.00  0.00  0.00   2.79  0.78  0.48
  7   0.00  0.00  0.73   0.33  0.00  0.00   0.00  0.00  0.00   4.60  0.71  0.00
  8   0.00  0.00  4.56   0.00  0.00  0.00   0.00  0.15  0.00   1.04  0.00  0.00
  9   0.00  0.00  0.19   0.00  0.00  0.00   0.00  0.00  0.00   2.08  0.81  0.13
 10   0.00  0.00  0.00   0.00  0.00  0.00   0.00  0.25  0.00   1.01  1.20  0.00

 11   0.00  0.00  0.00   0.29  0.00  0.00   0.00  0.89  0.89   0.27  3.27  0.00
 12   0.00  0.00  0.00   0.00  0.00  0.00   0.00  1.11  0.00   2.70  2.29  0.00
 13   0.00  0.00  0.00   0.00  0.00  0.00   0.00  0.60  0.23   1.32  0.00  0.00
 14   0.00  0.00  0.00   0.00  0.09  0.76   0.00  0.00  0.00   0.52  0.00  0.00
 15   0.00  0.00  0.00   0.14  0.76  0.00   0.13  0.00  1.19   7.61  0.35  0.00

 16   0.00  0.23  0.00   1.46  5.38  1.67   0.11  0.00  0.00   8.01  0.00  0.00
 17   0.00  0.00  0.00   0.00  0.85  0.00   0.54  0.00  0.00   5.07  0.00  0.32
 18   0.00  0.00  0.00   0.27  6.11  0.10   0.27  0.38  0.08   1.15  0.00  0.00
 19   0.00  0.00  0.00   0.02  3.35  0.42   0.00  0.00  0.38   0.82  0.00  0.00
 20   0.00  0.00  1.46   0.00  6.65  1.00   0.78  0.77  0.00   0.21  0.00  0.00

 21   0.00  0.00  3.63   0.00 10.13  1.80   0.11  0.38  0.27   2.97  0.96  0.44
 22   0.00  0.00  1.83   1.91  5.67  2.58   0.00 11.25  0.00   0.00  0.00  1.09
 23   0.00  0.00  0.00   0.36  2.96  2.27   0.00 13.06  0.00   0.14  0.52  1.77
 24   0.00  0.00  0.00   8.08 10.94  3.42   2.27  2.97  0.00   0.82  4.24  0.00
 25   0.00  0.00  1.95   2.45 15.32  1.62   0.11  5.65  0.00   0.83  0.00  0.00

 26   0.00  0.00  0.00   0.00  3.57  1.21   0.76  3.09  0.73   0.54  2.57  0.00
 27   0.00  0.00  0.34   0.32  2.48  0.90   0.00  0.52  0.00   0.14  0.00  0.00
 28   0.00  4.31  0.00   0.00  1.58  1.61   0.00  0.00  0.13   0.00  0.00  0.00
 29   0.00        0.00   0.00  0.25  0.00   1.61  0.00  1.04   0.00  0.86  0.00
 30   0.00        0.00   0.44  0.17  1.09   0.00  0.00  0.00   2.28  4.37  0.00

 31   0.00        0.77         0.13         1.88  0.00         0.00        0.00
================================================================================
Mean  0.12  0.16  0.68   0.57  2.74  0.68   0.28  1.64  0.16   1.75  1.41  0.15
--------------------------------------------------------------------------------
Yearly Mean = 0.86
