
                              FLARE INDEX OF SOLAR ACTIVITY
                                   SOUTHERN HEMISPHERE
      1987
--------------------------------------------------------------------------------
Day    Jan   Feb   Mar    Apr   May   Jun    Jul   Aug   Sep    Oct   Nov   Dec
================================================================================
  1   0.00  0.00  0.00   0.00  0.76  0.00   0.00  0.64  5.38   0.66  3.30  0.00
  2   0.00  0.00  0.07   0.00  0.00  1.25   0.00  1.70  1.56   1.45  9.16  0.13
  3   0.00  0.00  0.00   1.86  0.00  0.00   0.00  0.46  5.83   4.56  2.35  0.00
  4   0.00  0.00  0.73   0.17  0.00  0.00   0.00  1.00  1.82   0.00  5.22  0.00
  5   0.00  0.00  0.00   3.26  1.73  0.00   0.00  2.25  1.77   0.00  3.06  0.55
 
  6   0.00  0.00  0.00   8.99  2.79  0.10   0.00  1.11  3.46   0.60 18.01  0.73
  7   0.00  0.00  0.00   8.06  2.69  0.00   0.00  8.60  7.75   0.00  2.98  0.00
  8   0.00  0.00  0.00   4.25  0.83  0.00   0.21 13.03  6.46   0.49  0.00  1.35
  9   0.00  0.00  0.00   6.66  0.00  0.00   2.44  6.67  1.26   4.51  0.00  1.18
 10   0.00  0.00  0.00   8.47  0.24  0.00   0.13  3.43  5.21   0.50  0.00  4.53

 11   0.00  0.00  0.00   3.41  1.60  0.00   0.00  3.69 10.61   0.00  2.40  0.00
 12   0.00  0.00  0.00   4.85  0.00  0.00   0.00  0.95  5.00   0.79  2.65  1.13
 13   0.00  0.00  2.38   1.44  1.87  0.00   0.00  6.48  1.86   0.86  4.60  0.00
 14   0.00  0.00  2.68   0.96  1.31  0.19   0.00  1.02  3.73   1.09  0.81  0.59
 15   0.00  0.00  0.15  13.22  0.84  0.00   0.00  0.73  3.77   3.24  0.00  1.16

 16   0.00  0.00  0.00  17.75  7.09  1.35   1.14  1.31  1.54   2.77  1.47  3.87
 17   0.92  0.00  0.73   6.15  6.19  0.00   0.00  1.08  9.68  11.14  1.89  2.59
 18   0.50  0.00  0.83   9.60  2.28  0.21   0.81  0.63  1.56   7.30 16.79  0.35
 19   0.00  0.00  1.50   0.77  1.97  0.00   0.00  4.16  4.85   1.79 13.11  0.07
 20   0.00  0.00  2.88   0.94  0.13  0.00   4.08  1.85  3.96   2.07 19.27  0.00

 21   1.90  0.00  0.00   0.00  0.00  0.00   2.16  1.55  2.06   1.56 10.04  2.29
 22   4.11  0.00  0.00   0.00  2.02  0.06   7.02  0.00  0.23   0.35  5.40  0.00
 23   1.81  0.00  0.67   0.00  0.00  0.46  12.59  0.00  0.21   0.24  3.00  0.00
 24   0.00  0.00  0.00   0.00  0.00  0.40   8.51  0.00  0.00   0.19  8.33  0.63
 25   0.81  0.00  0.00   0.00  0.00  0.00   8.97  0.13  0.00   0.44  1.04  5.12

 26   1.33  0.00  0.00   0.00  0.00  2.71   5.28  0.00  0.00   0.00  8.13 11.45
 27   0.00  0.00  0.00   0.00  0.00  6.21   9.64  0.63  0.34   0.51  1.11  3.58
 28   0.00  0.25  0.00   0.00  0.00  0.00   1.58  0.04  2.52   8.48  0.94  4.27
 29   0.00        0.00   0.00  0.00  0.00   0.13  0.09  0.54   0.14  0.00  2.33
 30   0.00        0.00   0.00  0.00  0.00   2.59  0.00  0.40   2.46  0.00  5.89

 31   0.00        0.00         0.00         0.23  0.52         0.14        1.19
================================================================================
Mean  0.37  0.01  0.41   3.36  1.11  0.43   2.18  2.06  3.11   1.88  4.84  1.77
--------------------------------------------------------------------------------
Yearly Mean = 1.79
