 1996   1    1   0.01
 1996   2    2   0.00
 1996   3    3   0.14
 1996   4    4   0.68
 1996   5    5   0.25
 1996   6    6   0.04
 1996   7    7   1.04
 1996   8    8   0.29
 1996   9    9   0.03
 1996  10   10   0.00
 1996  11   11   1.05
 1996  12   12   0.68
 1997   1   13   0.05
 1997   2   14   0.18
 1997   3   15   0.12
 1997   4   16   0.70
 1997   5   17   0.31
 1997   6   18   0.15
 1997   7   19   0.06
 1997   8   20   0.07
 1997   9   21   1.37
 1997  10   22   0.09
 1997  11   23   2.33
 1997  12   24   0.19
 1998   1   25   0.74
 1998   2   26   1.14
 1998   3   27   3.60
 1998   4   28   4.87
 1998   5   29   3.23
 1998   6   30   0.94
 1998   7   31   1.58
 1998   8   32   0.97
 1998   9   33   1.31
 1998  10   34   1.10
 1998  11   35   1.34
 1998  12   36   1.98
 1999   1   37   2.01
 1999   2   38   1.03
 1999   3   39   0.69
 1999   4   40   0.47
 1999   5   41   0.91
 1999   6   42   3.14
 1999   7   43   3.78
 1999   8   44   5.88
 1999   9   45   0.57
 1999  10   46   1.65
 1999  11   47   9.68
 1999  12   48   1.04
 2000   1   49   1.44
 2000   2   50   2.66
 2000   3   51   5.10
 2000   4   52   3.84
 2000   5   53   3.43
 2000   6   54   1.70
 2000   7   55   6.69
 2000   8   56   1.52
 2000   9   57   3.48
 2000  10   58   1.48
 2000  11   59   1.74
 2000  12   60   1.92
 2001   1   61   1.78
 2001   2   62   0.45
 2001   3   63   2.05
 2001   4   64   4.12
 2001   5   65   1.06
 2001   6   66   2.29
 2001   7   67   1.51
 2001   8   68   4.01
 2001   9   69   7.85
 2001  10   70   4.36
 2001  11   71   6.73
 2001  12   72   6.11
 2002   1   73   1.57
 2002   2   74   2.65
 2002   3   75   1.89
 2002   4   76   2.23
 2002   5   77   2.47
 2002   6   78   0.52
 2002   7   79   4.44
 2002   8   80   6.87
 2002   9   81   2.79
 2002  10   82   2.46
 2002  11   83   4.07
 2002  12   84   1.69
 2003   1   85   2.19
 2003   2   86   0.45
 2003   3   87   2.93
 2003   4   88   1.63
 2003   5   89   3.95
 2003   6   90   0.95
 2003   7   91   0.98
 2003   8   92   1.28
 2003   9   93   0.30
 2003  10   94   7.99
 2003  11   95   2.09
 2003  12   96   0.05
 2004   1   97   0.76
 2004   2   98   0.23
 2004   3   99   0.57
 2004   4  100   1.31
 2004   5  101   0.35
 2004   6  102   0.38
 2004   7  103   1.21
 2004   8  104   1.74
 2004   9  105   0.48
 2004  10  106   0.10
 2004  11  107   0.17
 2004  12  108   0.25
 2005   1  109   0.43
 2005   2  110   0.24
 2005   3  111   0.16
 2005   4  112   0.06
 2005   5  113   1.79
 2005   6  114   0.67
 2005   7  115   0.22
 2005   8  116   0.60
 2005   9  117   7.33
 2005  10  118   0.02
 2005  11  119   0.26
 2005  12  120   0.78
 2006   1  121   0.02
 2006   2  122   0.00
 2006   3  123   0.11
 2006   4  124   0.52
 2006   5  125   0.03
 2006   6  126   0.00
 2006   7  127   0.28
 2006   8  128   0.12
 2006   9  129   0.19
 2006  10  130   0.05
 2006  11  131   0.10
 2006  12  132   4.87
 2007   1  133   0.14
 2007   2  134   0.01
 2007   3  135   0.00
 2007   4  136   0.02
 2007   5  137   0.13
 2007   6  138   1.53
 2007   7  139   1.11
 2007   8  140   0.21
 2007   9  141   0.00
 2007  10  142   0.00
 2007  11  143   0.00
 2007  12  144   1.79
 2008   1  145   0.05
 2008   2  146   0.00
 2008   3  147   0.20
 2008   4  148   0.03
 2008   5  149   0.00
 2008   6  150   0.00
 2008   7  151   0.00
 2008   8  152   0.00
 2008   9  153   0.00
 2008  10  154   0.00
 2008  11  155   0.00
 2008  12  156   0.00
