 1996   1    1   0.18
 1996   2    2   0.04
 1996   3    3   0.22
 1996   4    4   0.73
 1996   5    5   0.25
 1996   6    6   0.26
 1996   7    7   1.04
 1996   8    8   0.47
 1996   9    9   0.03
 1996  10   10   0.00
 1996  11   11   1.07
 1996  12   12   0.70
 1997   1   13   0.06
 1997   2   14   0.30
 1997   3   15   0.14
 1997   4   16   0.72
 1997   5   17   1.29
 1997   6   18   0.23
 1997   7   19   0.28
 1997   8   20   0.76
 1997   9   21   1.53
 1997  10   22   0.39
 1997  11   23   4.56
 1997  12   24   1.01
 1998   1   25   0.96
 1998   2   26   1.25
 1998   3   27   3.93
 1998   4   28   5.22
 1998   5   29   5.22
 1998   6   30   2.40
 1998   7   31   3.05
 1998   8   32   5.60
 1998   9   33   5.12
 1998  10   34   2.01
 1998  11   35   7.35
 1998  12   36   5.76
 1999   1   37   5.93
 1999   2   38   4.03
 1999   3   39   4.38
 1999   4   40   1.70
 1999   5   41   5.69
 1999   6   42   8.53
 1999   7   43   8.95
 1999   8   44   8.48
 1999   9   45   3.49
 1999  10   46   3.77
 1999  11   47   7.99
 1999  12   48   3.75
 2000   1   49   2.14
 2000   2   50   5.21
 2000   3   51   9.25
 2000   4   52   6.81
 2000   5   53   6.83
 2000   6   54   4.50
 2000   7   55   2.94
 2000   8   56   4.30
 2000   9   57   6.97
 2000  10   58   3.47
 2000  11   59   5.77
 2000  12   60   3.07
 2001   1   61   2.76
 2001   2   62   1.25
 2001   3   63   7.65
 2001   4   64   10.2
 2001   5   65   2.89
 2001   6   66   4.86
 2001   7   67   1.84
 2001   8   68   6.38
 2001   9   69   1.77
 2001  10   70    9.5
 2001  11   71   0.95
 2001  12   72   1.39
 2002   1   73   4.15
 2002   2   74   3.95
 2002   3   75   3.06
 2002   4   76   4.72
 2002   5   77   3.39
 2002   6   78   1.17
 2002   7   79   7.54
 2002   8   80   8.18
 2002   9   81   4.21
 2002  10   82   5.92
 2002  11   83   5.10
 2002  12   84   3.10
 2003   1   85   2.69
 2003   2   86   1.55
 2003   3   87   3.33
 2003   4   88   2.62
 2003   5   89   4.35
 2003   6   90   4.54
 2003   7   91   2.55
 2003   8   92   1.59
 2003   9   93   0.77
 2003  10   94   2.11
 2003  11   95   4.53
 2003  12   96   0.68
 2004   1   97   1.12
 2004   2   98   0.89
 2004   3   99   1.30
 2004   4  100   2.14
 2004   5  101   0.42
 2004   6  102   0.44
 2004   7  103   4.95
 2004   8  104   1.81
 2004   9  105   1.00
 2004  10  106   0.94
 2004  11  107   3.30
 2004  12  108   0.83
 2005   1  109   5.45
 2005   2  110   0.24
 2005   3  111   0.30
 2005   4  112   0.08
 2005   5  113   3.96
 2005   6  114   0.94
 2005   7  115   2.11
 2005   8  116   1.25
 2005   9  117   7.36
 2005  10  118   0.02
 2005  11  119   0.26
 2005  12  120   0.85
 2006   1  121   0.03
 2006   2  122   0.00
 2006   3  123   0.11
 2006   4  124   0.53
 2006   5  125   0.03
 2006   6  126   0.01
 2006   7  127   0.28
 2006   8  128   0.14
 2006   9  129   0.19
 2006  10  130   0.05
 2006  11  131   0.13
 2006  12  132   4.89
 2007   1  133   0.49
 2007   2  134   0.01
 2007   3  135   0.01
 2007   4  136   0.02
 2007   5  137   0.24
 2007   6  138   1.53
 2007   7  139   1.16
 2007   8  140   0.21
 2007   9  141   0.00
 2007  10  142   0.00
 2007  11  143   0.01
 2007  12  144   1.88
 2008   1  145   0.05
 2008   2  146   0.00
 2008   3  147   0.20
 2008   4  148   0.06
 2008   5  149   0.00
 2008   6  150   0.00
 2008   7  151   0.00
 2008   8  152   0.00
 2008   9  153   0.00
 2008  10  154   0.00
 2008  11  155   0.03
 2008  12  156   0.00















