    1986        1     0.06
    1986        2     0.88
    1986        3     0.75
    1986        4     0.91
    1986        5     0.92
    1986        6     0.05
    1986        7     0.86
    1986        8     0.12
    1986        9     0.15
    1986       10     1.92
    1986       11     0.69
    1986       12     0.01
    1987       13     0.12
    1987       14     0.16
    1987       15     0.68
    1987       16     0.57
    1987       17     2.74
    1987       18     0.68
    1987       19     0.28
    1987       20     1.64
    1987       21     0.16
    1987       22     1.75
    1987       23     1.41
    1987       24     0.15
    1988       25     1.71
    1988       26     1.03
    1988       27     2.82
    1988       28     4.16
    1988       29     0.47
    1988       30     3.09
    1988       31     4.19
    1988       32     5.64
    1988       33     3.69
    1988       34     3.92
    1988       35    10.02
    1988       36     7.40
    1989       37     9.49
    1989       38    10.07
    1989       39    19.71
    1989       40     4.31
    1989       41     6.83
    1989       42    11.09
    1989       43     4.85
    1989       44     4.75
    1989       45     8.21
    1989       46     4.79
    1989       47    18.50
    1989       48     6.49
    1990       49     3.99
    1990       50     5.68
    1990       51     5.00
    1990       52     6.07
    1990       53     6.83
    1990       54     5.78
    1990       55     6.09
    1990       56     7.32
    1990       57     5.09
    1990       58     5.94
    1990       59     9.01
    1990       60    10.35
    1991       61     3.98
    1991       62     4.31
    1991       63     1.60
    1991       64     7.75
    1991       65     7.55
    1991       66    11.22
    1991       67    13.25
    1991       68     4.94
    1991       69     2.21
    1991       70     3.20
    1991       71     2.17
    1991       72     4.61
    1992       73     1.55
    1992       74     6.09
    1992       75     1.43
    1992       76     2.08
    1992       77     1.23
    1992       78     5.10
    1992       79     2.44
    1992       80     4.29
    1992       81     2.66
    1992       82     2.15
    1992       83     1.89
    1992       84     1.65
    1993       85     0.34
    1993       86     4.20
    1993       87     2.89
    1993       88     2.04
    1993       89     4.87
    1993       90     1.57
    1993       91     0.78
    1993       92     0.81
    1993       93     0.46
    1993       94     1.51
    1993       95     1.35
    1993       96     3.05
    1994       97     2.02
    1994       98     2.00
    1994       99     0.57
    1994      100     0.80
    1994      101     0.31
    1994      102     0.07
    1994      103     0.48
    1994      104     0.31
    1994      105     0.11
    1994      106     1.15
    1994      107     0.25
    1994      108     0.45
    1995      109     0.34
    1995      110     0.11
    1995      111     0.02
    1995      112     0.05
    1995      113     0.37
    1995      114     0.72
    1995      115     0.63
    1995      116     0.31
    1995      117     0.85
    1995      118     0.12
    1995      119     0.07
    1995      120     0.04
    1996      121     0.18
    1996      122     0.04
    1996      123     0.08
    1996      124     0.06
    1996      125     0.00
    1996      126     0.23
    1996      127     0.00
    1996      128     0.18
    1996      129     0.00
    1996      130     0.00
