 1996   1    1   0.18
 1996   2    2   0.04
 1996   3    3   0.08
 1996   4    4   0.06
 1996   5    5   0.00
 1996   6    6   0.23
 1996   7    7   0.00
 1996   8    8   0.18
 1996   9    9   0.00
 1996  10   10   0.00
 1996  11   11   0.03
 1996  12   12   0.02
 1997   1   13   0.01
 1997   2   14   0.13
 1997   3   15   0.02
 1997   4   16   0.02
 1997   5   17   0.98
 1997   6   18   0.08
 1997   7   19   0.22
 1997   8   20   0.69
 1997   9   21   0.96
 1997  10   22   0.30
 1997  11   23   2.23
 1997  12   24   0.82
 1998   1   25   0.22
 1998   2   26   0.11
 1998   3   27   0.33
 1998   4   28   0.36
 1998   5   29   1.99
 1998   6   30   1.47
 1998   7   31   1.47
 1998   8   32   4.63
 1998   9   33   3.81
 1998  10   34   0.91
 1998  11   35   6.01
 1998  12   36   3.79
 1999   1   37   3.93
 1999   2   38   3.00
 1999   3   39   3.69
 1999   4   40   1.23
 1999   5   41   4.78
 1999   6   42   5.39
 1999   7   43   5.17
 1999   8   44   2.60
 1999   9   45   2.92
 1999  10   46   2.12
 1999  11   47   8.31
 1999  12   48   2.71
 2000   1   49   0.70
 2000   2   50   2.54
 2000   3   51   4.15
 2000   4   52   2.97
 2000   5   53   3.40
 2000   6   54   2.80
 2000   7   55   6.25
 2000   8   56   2.78
 2000   9   57   3.48
 2000  10   58   1.48
 2000  11   59   4.03
 2000  12   60   1.15
 2001   1   61   0.98
 2001   2   62   0.80
 2001   3   63   5.59
 2001   4   64   6.08
 2001   5   65   1.83
 2001   6   66   2.56
 2001   7   67   0.33
 2001   8   68   2.37
 2001   9   69   3.91
 2001  10   70   5.14
 2001  11   71   4.22
 2001  12   72   5.28
 2002   1   73   2.58
 2002   2   74   1.30
 2002   3   75   1.16
 2002   4   76   2.49
 2002   5   77   0.92
 2002   6   78   0.65
 2002   7   79   3.11
 2002   8   80   1.31
 2002   9   81   1.43
 2002  10   82   3.46
 2002  11   83   1.03
 2002  12   84   1.40
 2003   1   85   0.50
 2003   2   86   1.10
 2003   3   87   0.41
 2003   4   88   0.99
 2003   5   89   0.40
 2003   6   90   3.59
 2003   7   91   1.56
 2003   8   92   0.32
 2003   9   93   0.47
 2003  10   94   4.12
 2003  11   95   2.44
 2003  12   96   0.63
 2004   1   97   0.36
 2004   2   98   0.66
 2004   3   99   0.72
 2004   4  100   0.83
 2004   5  101   0.07
 2004   6  102   0.06
 2004   7  103   3.74
 2004   8  104   0.07
 2004   9  105   0.52
 2004  10  106   0.85
 2004  11  107   3.13
 2004  12  108   0.58
 2005   1  109   5.02
 2005   2  110   0.00
 2005   3  111   0.14
 2005   4  112   0.02
 2005   5  113   2.17
 2005   6  114   0.26
 2005   7  115   1.89
 2005   8  116   0.65
 2005   9  117   0.03
 2005  10  118   0.00
 2005  11  119   0.00
 2005  12  120   0.07
 2006   1  121   0.01
 2006   2  122   0.00
 2006   3  123   0.00
 2006   4  124   0.00
 2006   5  125   0.00
 2006   6  126   0.01
 2006   7  127   0.00
 2006   8  128   0.02
 2006   9  129   0.00
 2006  10  130   0.00
 2006  11  131   0.03
 2006  12  132   0.02
 2007   1  133   0.35
 2007   2  134   0.00
 2007   3  135   0.01
 2007   4  136   0.00
 2007   5  137   0.11
 2007   6  138   0.00
 2007   7  139   0.05
 2007   8  140   0.00
 2007   9  141   0.00
 2007  10  142   0.00
 2007  11  143   0.00
 2007  12  144   0.08
 2008   1  145   0.00
 2008   2  146   0.00
 2008   3  147   0.00
 2008   4  148   0.03
 2008   5  149   0.00
 2008   6  150   0.00
 2008   7  151   0.00
 2008   8  152   0.00
 2008   9  153   0.00
 2008  10  154   0.00
 2008  11  155   0.03
 2008  12  156   0.00


