
                              FLARE INDEX OF SOLAR ACTIVITY
                                   NORTHERN HEMISPHERE
      1994
--------------------------------------------------------------------------------
Day    Jan   Feb   Mar    Apr   May   Jun    Jul   Aug   Sep    Oct   Nov   Dec
================================================================================
  1   0.76  0.08  0.00   0.00  0.00  0.27   0.00  0.00  0.25   0.00  0.49  0.00
  2   0.52  0.00  0.00   0.00  0.11  0.00   0.00  3.65  0.00   0.00  1.55  0.27
  3   2.42  1.45  0.00   0.00  0.00  0.00   0.00  0.00  0.00   0.00  0.00  2.09
  4   6.65  0.00  0.00   0.00  0.00  0.00   0.00  0.00  0.00   0.00  0.00  0.77
  5   3.11  0.00  0.00   0.00  0.00  0.00   0.18  0.00  0.17   1.49  0.00  0.00

  6   1.47  0.00  1.75   0.00  0.00  0.00   0.71  3.52  0.00   0.37  0.00  0.00
  7   0.55  0.00  0.00   0.00  0.00  0.00   4.29  0.77  0.62   0.00  0.00  0.00
  8   0.08  6.98  0.00   0.00  0.00  0.00   0.00  0.31  0.00   0.00  0.00  0.00
  9   0.00  1.21  0.79   0.00  0.00  0.00   0.21  0.18  0.00   0.00  0.00  0.00
 10   1.09  0.23  0.00   1.41  0.00  0.00   0.46  0.51  1.04   0.00  0.00  0.00

 11   1.05  0.13  0.00   0.00  0.00  0.45   0.00  0.00  0.00   0.35  0.00  0.00
 12   0.77  0.99  1.30   0.20  0.86  0.00   1.25  0.00  0.00   0.98  0.00  0.00
 13   0.73  0.00  0.28   0.43  1.32  0.00   0.94  0.00  0.00   4.16  4.55  0.00
 14   0.44  0.00  0.00   0.35  0.69  0.13   0.46  0.00  0.00   3.89  0.00  0.00
 15   0.38  1.25  0.17   0.13  0.19  0.39   2.19  0.00  0.00   1.59  0.00  0.00

 16   3.71  1.57  0.15   0.54  0.94  0.75   1.45  0.00  0.00   0.36  0.00  6.46
 17   2.19  0.75  0.00   0.23  0.69  0.23   0.00  0.00  0.77   2.16  0.00  0.77
 18   1.51  6.71  0.00   0.00  1.45  0.00   0.00  0.00  0.27   1.42  0.00  2.31
 19   2.25  0.20  0.00   1.64  0.00  0.00   0.00  0.00  0.00   4.97  0.00  0.23
 20   0.48 33.60  0.00   0.47  0.53  0.00   0.54  0.00  0.00   0.00  0.00  0.00

 21   3.11  0.16  2.96   3.56  0.67  0.00   0.36  0.00  0.00   0.00  0.00  0.21
 22   2.00  0.00  0.00  10.73  0.34  0.00   0.00  0.45  0.00   4.46  0.00  0.56
 23   2.00  0.00  1.47   0.15  1.27  0.00   0.13  0.09  0.17   1.72  0.00  0.00
 24   2.82  0.23  1.94   0.23  0.47  0.00   0.00  0.00  0.00   0.00  0.23  0.00
 25  10.92  0.49  0.00   0.21  0.00  0.00   0.55  0.00  0.10   0.96  0.00  0.00

 26   5.83  0.00  0.00   0.00  0.00  0.00   0.91  0.00  0.00   1.53  0.00  0.43
 27   3.82  0.00  0.00   0.10  0.00  0.00   0.00  0.00  0.00   0.00  0.00  0.00
 28   0.30  0.00  1.12   2.12  0.00  0.00   0.00  0.00  0.00   0.30  0.00  0.00
 29   1.23        1.99   1.17  0.00  0.00   0.17  0.00  0.00   2.78  0.00  0.00
 30   0.00        3.72   0.42  0.00  0.00   0.00  0.00  0.00   1.06  0.67  0.00

 31   0.37        0.00         0.00         0.00  0.00         1.03        0.00
================================================================================
Mean  2.02  2.00  0.57   0.80  0.31  0.07   0.48  0.31  0.11   1.15  0.25  0.45
--------------------------------------------------------------------------------
Yearly Mean = 0.70
