
                              FLARE INDEX OF SOLAR ACTIVITY
                                   SOUTHERN HEMISPHERE
      1994
--------------------------------------------------------------------------------
Day      Ja  Feb   Mar     Apr  May   Jun     Jul  Aug   Sep      Oc  Nov   Dec
================================================================================
  1   2.56  0.00  1.65   0.00  0.00  0.00   1.38  0.00  1.72   0.00  0.00  0.47
  2   0.13  0.00 15.25   0.00  0.00  0.00   1.12  0.00  0.05   0.00  0.00  0.40
  3   0.17  0.42 54.67   0.00  0.00  0.00   1.75  0.00  1.58   0.00  0.54  0.00
  4   1.67  0.12 13.70   0.00  0.00  0.00   0.38  0.00  0.76   0.00  0.00  0.43
  5   6.75  0.00  0.79   0.00  0.00  0.00   0.00  0.00  3.38   2.44  0.00  0.22

  6   3.35  1.36  1.69   0.00  0.00  1.95   0.00  0.00 12.08   0.78  0.00  0.45
  7   7.94  1.10  0.13   0.00  0.41  2.96   0.21  0.00  1.60   2.79  0.00  2.11
  8   3.63  0.00  0.00   0.00  0.00  0.00   0.11  0.00  0.97   0.21  1.52  5.53
  9   1.03  1.51  0.00   0.00  0.09  0.94   0.35  0.00  0.09   2.65  0.23  1.79
 10   0.00  0.09  0.00   0.00  0.54  0.48   0.63  0.00  0.35   0.73  0.00  0.96

 11   0.00  0.00  0.00   0.00  0.00  0.00   0.50  0.13  5.58   0.10  0.00  2.27
 12   0.00  0.00  0.35   0.00  0.19  0.64   0.00  2.93  1.12   0.00  0.00  6.74
 13   0.00  0.00  0.36   0.00  0.70  0.00   0.71  3.20  0.00   1.82  0.00  1.10
 14   0.00  0.00  0.00   0.00  0.00  0.00   0.23  7.11  0.00   0.00  0.00  0.81
 15   1.01  0.00  0.00   0.00  0.00  0.90   1.17  7.96  0.00   0.77  0.00  0.31

 16   0.00  0.00  0.00   0.00  0.00  0.06   0.43  1.85  0.00   0.27  0.00  1.24
 17   0.00  0.00  0.00   0.00  0.46  0.23   0.00  5.54  0.00   0.00  0.00  0.13
 18   0.00  0.00  0.00   0.00  0.00  0.16   0.27  2.07  0.00   0.65  1.44  0.31
 19   0.00  0.00  0.00   0.57  0.00  0.13   0.66  2.21  0.00   0.00  0.00  0.96
 20   0.16  0.00  0.00   0.00  0.00  0.00   0.48  0.31  0.00   0.00  0.15  0.00

 21   0.00  0.00  0.00   1.21  0.00  0.00   0.00  0.00  0.00   0.23  0.00  0.45
 22   0.00  0.00  0.00   0.28  0.00  0.00   0.50  0.00  0.00   0.57  0.00  0.00
 23   0.00  0.00  0.00   0.00  0.00  0.00   0.00  0.45  0.00   0.00  0.00  0.00
 24   0.00  0.00  1.38   0.00  0.00  1.14   0.00  0.00  0.00   0.00  0.00  0.46
 25   0.00  0.00  0.00   0.00  0.00  0.00   0.00  0.00  0.00  18.49  0.00  1.57

 26   0.00  2.38  0.00   0.00  0.00  0.00   0.00  0.48  0.00   0.00  2.04  0.38
 27   0.00  0.21  0.00   0.00  0.00  0.32   0.13  0.00  0.52   0.32  1.21  0.21
 28   0.39  0.36  0.71   0.00  0.00  0.00   0.00  0.00  0.00   0.00  0.38  0.00
 29   0.49        0.12   0.00  0.00  2.03   1.49  0.73  0.00   0.00  0.52  0.00
 30   0.00        0.58   0.69  0.00  9.79   0.48  4.28  0.00   0.00  5.25  0.00

 31   0.19        0.00         0.00         0.00  6.21         0.19        0.00
================================================================================
Mean  0.95  0.27  2.95   0.09  0.08  0.72   0.42  1.47  0.99   1.06  0.44  0.94
--------------------------------------------------------------------------------
Yearly Mean = 0.87
