
                              FLARE INDEX OF SOLAR ACTIVITY
                                   NORTHERN HEMISPHERE
       1984
--------------------------------------------------------------------------------
Day    Jan   Feb   Mar    Apr   May   Jun    Jul   Aug   Sep    Oct   Nov   Dec
================================================================================
  1   0.35 17.21  4.32   3.77  0.00  4.77   0.00  0.00  0.00   0.00  0.00  1.30
  2   2.85 11.44  2.43   0.72  0.00  0.00   0.67  0.00  0.52   0.00  0.00  0.57
  3   1.17  8.65  0.00   3.31  0.00  1.57   0.38  0.44  0.27   0.00  0.00  0.00
  4   1.03  2.21  0.00   2.16  0.00  0.00   0.36  0.00  0.83   0.00  0.00  1.42
  5   1.02  0.21  0.00   5.75  8.10  0.55   1.60  2.39  0.21   0.00  0.00  1.48

  6   0.00  0.00  0.00   0.42  3.60  0.00   1.42  0.44  5.15   0.00  0.00  0.25
  7   0.00  0.39  0.00   0.94  4.70  0.00   2.27  5.58  4.85   0.00  0.00  0.00
  8   0.00  1.36  0.00   0.47  3.67  2.32   0.40  0.23  1.50   0.00  0.00  0.00
  9   0.00  0.56  0.00   1.64  5.19  4.33   0.28  0.00  0.00   0.00  2.06  0.00
 10   0.00  0.42  0.00   3.03 30.25  0.00   0.00  0.19  0.00   0.00  8.00  1.31

 11   0.00  0.00  0.00   7.22 11.07  0.94   0.00  2.49  0.00   0.00  2.83  0.50
 12   0.00  0.17  0.00   8.31 12.29  0.00   0.00  0.71  0.00   0.00  3.58  0.00
 13   0.00  0.00  0.00   4.78  2.58  0.00   0.00  0.00  0.00   0.04 15.95  0.00
 14   0.00  0.00  0.00   3.21  6.97  0.00   0.00  3.18  0.00   0.00  0.00  0.00
 15   0.00  0.00  0.79   0.90  8.95  0.00   0.00  0.78  0.00   1.57  0.00  3.34

 16   0.00  0.00  3.29   0.00  2.94  0.00   0.00  0.28  0.00   0.75  0.00  2.78
 17   0.00  7.34  3.60   3.33  5.45  0.00   0.72  6.81  0.00   1.78  0.77  2.48
 18   0.00  7.71  2.99   4.32  4.08  0.00   0.00  8.38  0.08   0.15  0.22  0.00
 19   0.40  5.74  6.86   4.49  0.88  0.00   3.19  1.42  0.00   0.31  0.00  0.00
 20   0.00  8.00  8.21  20.60  0.00  0.00   5.64  0.00  0.00   0.00  0.00  0.00

 21   0.00  7.12 14.56   8.91  0.88  0.63   0.00  1.31  0.00   0.89  0.32  0.00
 22   1.23  9.22  7.72   5.86  2.64  0.00   1.10  0.33  0.00   0.77  0.37  0.00
 23   8.25  5.99  1.40   0.00  0.00  0.00   0.29  0.00  0.13   0.00  0.00  0.00
 24   3.83 19.75  0.67   0.00  0.00  0.00   0.00  0.00  0.00   0.48  0.00  0.00
 25  13.81 15.18  0.00   0.00  0.00  0.00   0.00  0.00  0.00   0.00  0.00  0.00

 26  14.00 10.98  0.16   0.00  0.00  0.15   0.00  0.09  0.00   0.00  0.00  0.00
 27  15.42 10.72  0.00   0.00  0.00  0.57   0.58  0.00  0.00   0.00  0.00  0.00
 28   7.30  2.01  1.46   0.00  0.21  1.22   0.00  0.00  0.00   0.00  0.00  0.00
 29   9.71  3.10  5.25   0.00  0.21  2.83   0.00  0.00  0.00   0.00  0.00  0.00
 30  12.46        6.46   0.00  1.15  5.85   0.00  1.47  0.00   0.00  0.13  0.00

 31  18.41        6.17         1.28         0.00  1.77         0.00        0.00
================================================================================
Mean  3.59  5.44  2.46   3.14  3.78  0.86   0.61  1.23  0.45   0.22  1.14  0.50
--------------------------------------------------------------------------------
Yearly Mean = 1.93
