
                              FLARE INDEX OF SOLAR ACTIVITY
                                    SOUTHERN HEMISPHERE
       1984
--------------------------------------------------------------------------------
Day    Jan   Feb   Mar    Apr   May   Jun    Jul   Aug   Sep    Oct   Nov   Dec
================================================================================
  1   0.00  0.00  1.06  13.67 13.78  2.00   0.00  0.35  0.71   0.00  0.00  0.24
  2   0.00  1.27  6.67   4.09  9.98  0.76   0.00  0.36  3.50   0.00  0.59  0.86
  3   0.00  0.00  4.34   9.29  7.90  4.32   0.10  0.78  4.69   0.00  0.40  0.00
  4   0.00  0.00  1.95   7.61  1.56  0.70   9.02  1.04  4.42   0.00  0.41  0.39
  5   0.25  1.26  0.93   4.16  3.60  2.55   0.33  0.00  2.42   1.24  0.00  0.00

  6   1.13  8.31  4.04  18.86  0.58  0.00   0.47  0.63  0.61   0.88  0.00  2.18
  7   0.00  7.56  2.47   4.47  0.00  0.74   1.93  0.43  0.44   0.00  0.24  1.63
  8   0.19 23.38  6.12   1.14  0.00  4.85   7.69  0.11  1.88   0.00  0.00  6.88
  9   0.18 14.61  3.68   0.00  1.60  0.23   0.33  0.00  0.00   0.00  0.00  0.10
 10   4.10 19.42  1.37   0.87  7.00  0.31   4.06  0.00  0.00   0.00  0.00  2.27

 11  17.46 13.77  2.22   1.08  0.63  0.92   3.38  0.00  0.00   0.00  0.00 13.70
 12   8.21  7.44 16.56   0.15  0.15  4.94   1.79  0.00  0.00   2.85  0.00  0.69
 13  10.22  3.09  6.81   0.00  0.23  1.20   4.30  0.00  0.00   0.83  0.00  0.00
 14   1.92  3.33 15.09   0.73  0.96 12.07   1.31  0.00  0.00   0.69  0.00  0.25
 15   0.76  1.00  6.30   3.77  2.16  7.08   0.73  0.00  0.00   0.00  0.00  0.00

 16   2.61  2.16  9.23   1.44  2.54  4.52   4.87  0.00  0.00   0.00  0.00  0.00
 17   1.04  1.06  6.21   4.24  2.82  2.98   3.63  0.13  0.00   0.00  1.03  0.00
 18   3.67  0.50  7.57   4.38  8.10  0.00   2.75  0.00  0.59   0.00  0.00  0.00
 19   4.38  0.19  0.92   4.51 11.64  1.67   1.00  0.00  0.00   0.00  0.00  0.24
 20  13.31  0.36  4.44   5.58 17.92  1.68   3.80  0.00  0.00   0.00  0.00 10.79

 21   2.48  0.74  1.20   8.19 41.21  4.35   0.65  0.00  0.65   0.00  1.27  0.93
 22   1.56 11.57  2.57  10.35  8.46  8.34   0.81  0.00  0.00   0.00  2.96  0.00
 23   0.00  7.63  3.65  18.63 10.57 11.42   0.79  0.00  0.00   0.00  0.71  5.29
 24   1.03  8.13  0.67  40.38  8.06  0.36   0.00  4.92  0.00   0.00  3.69  0.00
 25   7.98 15.92  0.00   7.23 17.50  1.94   0.00  5.09  0.00   0.00  5.92  0.22

 26   4.81 12.33  2.42  37.04 12.42  1.42   0.00 14.02  0.00   0.00  6.22  0.00
 27   1.94  1.44  9.90  32.35  1.44  0.07   0.21  6.42  0.15   0.00 12.58  0.18
 28   0.00  2.77  5.42  12.42  2.44  0.31   0.54  5.38  0.00   0.00 10.98  0.00
 29   0.27  6.54  6.62  21.11 10.73  0.00   0.00  3.13  0.00   0.00  0.63  0.00
 30   0.00        3.19  12.42  4.90  1.38   1.96  0.36  0.00   0.00  1.05  0.14

 31   0.17        3.17         7.43         1.03  3.54         0.00        0.00
================================================================================
Mean  2.89  6.04  4.73   9.67  7.04  2.77   1.85  1.51  0.67   0.21  1.62  1.52
--------------------------------------------------------------------------------
Yearly Mean = 3.36
