
                              FLARE INDEX OF SOLAR ACTIVITY
                                   NORTHERN HEMISPHERE
       1986
--------------------------------------------------------------------------------
Day    Jan   Feb   Mar    Apr   May   Jun    Jul   Aug   Sep    Oct   Nov   Dec
================================================================================
  1   0.00  0.00  4.22   1.03  2.02  0.00   0.00  1.17  0.00   0.51  6.98  0.00
  2   0.00  0.00  0.91   0.00  8.60  0.00   0.00  0.00  0.00   0.25  0.61  0.00
  3   0.00  0.46  0.85   0.00  1.08  0.00   0.50  0.63  0.00   0.34  0.00  0.00
  4   0.00  0.00  2.49   0.00  0.00  0.00   0.00  0.74  0.00   0.00  1.55  0.00
  5   0.00  1.08  5.34   0.00  0.00  0.00   2.67  0.54  0.00   0.00  1.58  0.00

  6   0.00  0.11  6.47   0.00  0.00  0.00   5.36  0.19  1.23   1.17  5.06  0.00
  7   0.00  1.71  0.37   0.00  0.00  0.00   0.21  0.00  0.70   1.54  0.41  0.00
  8   0.00  0.21  0.00   0.00  0.00  0.00   0.83  0.55  2.46   1.13  0.21  0.00
  9   0.25  0.00  0.62   0.00  0.00  0.00   0.00  0.00  0.00   0.36  0.00  0.00
 10   0.00  1.88  0.43   0.00  0.00  0.00   1.93  0.00  0.00   0.00  0.00  0.00

 11   0.00  4.50  0.00   0.00  0.00  0.00   2.00  0.00  0.00   1.34  0.00  0.00
 12   0.00  5.52  0.31   0.00  0.00  0.00   1.58  0.00  0.00   0.00  0.00  0.11
 13   0.00  4.79  0.00   0.00  0.38  0.71   3.91  0.00  0.00   0.10  0.13  0.00
 14   0.00  3.84  0.00   0.00  0.00  0.00   0.00  0.00  0.21   0.00  0.00  0.00
 15   0.00  0.00  0.00   0.00  0.00  0.00   0.24  0.00  0.00   0.33  0.45  0.00

 16   0.00  0.00  0.00   0.00  0.19  0.00   0.00  0.00  0.00   0.88  0.00  0.00
 17   0.00  0.00  0.00   0.00  3.06  0.00   0.00  0.00  0.00   3.58  0.23  0.00
 18   0.00  0.00  0.00   0.00  0.00  0.00   0.00  0.00  0.00   7.56  0.00  0.00
 19   0.00  0.00  0.00   0.00  0.55  0.00   0.20  0.00  0.00  10.29  0.02  0.00
 20   0.00  0.00  0.00   0.17  1.19  0.00   0.19  0.00  0.00   3.33  2.74  0.00

 21   1.70  0.00  0.00   0.00  1.73  0.00   0.00  0.00  0.00   0.61  0.00  0.00
 22   0.00  0.53  0.00   0.00  0.45  0.00   0.00  0.00  0.00   2.58  0.00  0.00
 23   0.00  0.00  0.00   4.85  0.17  0.00   0.00  0.00  0.00   4.08  0.30  0.00
 24   0.00  0.00  0.00  14.35  2.70  0.00   0.00  0.00  0.00   6.85  0.00  0.17
 25   0.00  0.00  0.00   1.13  2.26  0.69   0.00  0.00  0.00   4.42  0.00  0.00

 26   0.00  0.00  0.00   3.06  2.47  0.00   0.00  0.00  0.00   1.20  0.49  0.00
 27   0.00  0.00  0.00   0.60  1.58  0.00   0.00  0.00  0.00   2.56  0.00  0.00
 28   0.00  0.00  0.00   0.40  0.19  0.00   2.08  0.00  0.00   0.63  0.00  0.00
 29   0.00        0.47   0.21  0.00  0.00   3.65  0.00  0.00   0.17  0.00  0.00
 30   0.00        0.00   1.50  0.00  0.00   0.83  0.00  0.00   0.87  0.00  0.00

 31   0.00        0.74         0.00         0.48  0.00         3.00        0.00
================================================================================
Mean  0.06  0.88  0.75   0.91  0.92  0.05   0.86  0.12  0.15   1.92  0.69  0.01
--------------------------------------------------------------------------------
Yearly Mean  0.61
