
                              FLARE INDEX OF SOLAR ACTIVITY
                                   SOUTHERN HEMISPHERE
       1986
--------------------------------------------------------------------------------
Day    Jan  Feb   Mar     Apr  May   Jun     Jul  Aug   Sep     Oct  Nov   Dec
================================================================================
  1   0.00  2.88  0.68   0.00  0.00  0.00   0.00  0.00  0.00   0.00  0.00  0.00
  2   0.00  5.45  1.67   0.00  0.00  0.00   0.00  0.00  0.00   0.00  1.10  0.00
  3   0.00 11.57  2.66   0.00  0.00  0.00   0.00  0.00  0.00   0.00  0.00  0.00
  4   0.00 17.64  1.21   0.00  0.00  0.00   0.00  0.00  0.00   0.00  1.72  0.00
  5   0.00  8.92  0.00   0.00  0.00  0.00   0.00  0.00  0.00   0.00  0.00  0.00

  6   0.00 17.34  0.00   0.00  0.00  0.00   0.00  0.00  0.00   0.29  0.15  0.00
  7   0.00 18.58  0.93   0.00  0.00  0.00   0.00  0.00  0.00   0.00  0.00  0.00
  8   0.00  6.19  0.00   1.26  0.00  0.00   0.00  0.00  0.00   0.00  0.00  0.00
  9   0.00  1.18  0.00   0.00  0.00  0.00   0.00  0.00  0.00   1.45  0.00  0.00
 10   0.00  6.46  0.00   0.82  0.00  0.00   0.00  0.00  0.00   0.00  0.00  0.19

 11   0.00 11.17  0.00   0.38  0.00  0.00   0.00  0.00  0.00   0.74  0.00  0.00
 12   0.00  0.81  0.00   0.67  0.00  0.00   1.13  0.00  0.00   1.58  0.00  0.72
 13   4.87  1.63  0.00   0.00  0.00  0.00   0.00  0.00  0.00   0.35  0.00  0.00
 14   4.12  0.84  0.00   0.17  0.00  0.00   0.19  0.00  0.00   0.00  0.00  0.00
 15   6.38  2.21  0.00   0.00  0.00  0.00   0.00  0.00  0.00   0.00  0.00  0.00

 16   3.00  0.00  0.00   0.00  0.21  0.00   0.00  0.00  0.00   0.00  0.00  3.29
 17   0.51  0.00  0.00   0.00  0.00  0.00   0.00  0.00  0.00   0.00  0.00  0.00
 18   0.00  0.00  0.00   0.00  0.00  0.00   0.00  0.00  0.00   0.00  0.00  0.00
 19   0.00  0.00  0.00   0.00  0.00  0.00   0.00  0.00  0.00   0.00  0.00  0.00
 20   0.00  0.00  0.00   0.00  0.00  0.00   0.00  0.00  0.00   0.00  0.00  0.00

 21   0.00  0.00  0.00   0.53  0.00  0.00   0.00  0.00  0.00   0.00  0.00  3.12
 22   0.00  0.00  0.00   0.00  0.00  0.00   0.00  0.00  0.00   0.26  0.00  0.00
 23   0.00  0.00  0.00   0.00  0.00  0.00   0.00  0.00  0.00   7.36  1.31  0.07
 24   0.00  0.00  0.00   0.00  0.00  0.00   0.00  0.00  0.00   0.00  0.44  0.00
 25   0.00  0.00  0.00   0.00  0.00  0.00   0.00  0.00  0.00   0.00  0.00  0.00

 26   0.13  0.00  0.00   0.00  0.00  0.00   0.00  0.00  0.00   1.13  0.00  0.00
 27   0.00  0.00  0.00   0.00  0.73  0.00   0.00  0.00  0.00   0.18  0.00  0.00
 28   0.00  0.00  0.00   0.58  0.00  0.00   0.00  0.00  0.00   1.46  0.34  0.00
 29   0.00        0.00   0.00  0.40  0.00   0.00  0.00  0.00   0.24  0.00  0.00
 30   0.00        0.00  10.64  0.00  0.00   0.00  0.00  0.00   0.87  0.00  0.00

 31   4.30        0.00         1.69         0.00  0.00         0.17        0.00
================================================================================
Mean  0.75  4.03  0.23   0.50  0.10  0.00   0.04  0.00  0.00   0.52  0.17  0.24
--------------------------------------------------------------------------------
Yearly Mean = 0.55
