
                              FLARE INDEX OF SOLAR ACTIVITY
                                   SOUTHERN HEMISPHERE
      1989
--------------------------------------------------------------------------------
Day    Jan   Feb   Mar    Apr   May   Jun    Jul   Aug   Sep    Oct   Nov   Dec
================================================================================
  1  10.31 18.23  1.58   4.13  0.78 13.27   1.00  8.00 20.74   4.44  3.34  0.54
  2  13.39  7.63  0.00   1.91 16.38 25.00   0.00 10.42 22.34  17.65  1.00  3.48
  3  10.77  4.23  1.48   8.79 11.53 23.31   2.29 15.52 13.08   5.49  1.51  1.66
  4  17.68  4.60  5.75   1.51 19.44 31.14   1.10 23.26 14.21   6.04  1.77  2.52
  5   4.98  0.00  3.77  15.67 11.09 33.97   4.17 17.15 11.48   2.48  0.17  4.10

  6   9.95  0.56  0.37   3.25 19.24 16.10  14.35 28.88  9.03   3.46  0.17  2.82
  7  15.28  0.13  2.85   3.49 13.33 25.08   4.26 30.83 12.31   0.77  0.00  4.73
  8  14.08  0.00  1.94   0.77  4.73  8.22  11.22 24.68 17.69   0.94  0.00  1.65
  9  19.92  0.15 16.21   1.39  3.51 20.20   8.55 12.93 13.52   3.76  0.00  0.76
 10  18.61  6.56  3.32   1.03  1.74 19.27   0.67  8.79 12.53   1.43  4.83  0.08

 11   7.19  0.88  5.42   2.25  6.54 10.00   0.00 16.08  2.91   3.19  1.04  0.83
 12  11.71  2.83  0.44   2.02  8.62 12.20   2.36 25.11  2.36   3.70  2.47  0.00
 13  47.99  5.71  2.80   1.98  3.60  9.58   5.41  8.12  0.33   6.27  0.35  0.11
 14  20.06  1.36 10.56   5.24  3.19 14.11   1.17 32.17  0.00   6.66  1.22  0.00
 15  15.02  7.04  7.89   2.02  4.29 34.04   1.75 25.21  2.54  10.71  3.40  0.00

 16  25.77  8.46  1.55   0.90  2.18 36.85   1.24  9.58  2.60   9.29  6.71  0.17
 17  11.21  7.87 10.56   2.36  9.65  8.61   1.84 17.43  5.63   3.60  4.29  0.17
 18  10.50  1.54  8.04   5.70  0.83  2.67   4.74  0.46  8.60  53.25 10.95  3.14
 19   3.97  3.26  3.15   4.54  2.40  6.50   3.42  1.14  6.42  88.96  9.65  6.54
 20   3.38  5.83 32.52   5.00  4.63  6.79   4.26  1.48  5.28  22.24 11.34  4.67

 21   0.00 18.33 15.46   5.09  6.95  5.78   9.87  2.20 13.86  19.08 11.19  4.15
 22   1.32  6.84  3.71   6.69 22.21  4.15  13.25  5.58  9.27  38.75  7.31  0.81
 23   1.16 10.45  1.39   4.81 15.27  7.58  10.16  2.96  3.48  27.23  2.70 10.94
 24   4.19  7.43  0.49   3.73  9.69  1.83   0.17  2.44  5.52  39.47  1.63  8.66
 25   5.58  4.27  0.46   5.06 16.44  7.04   0.42  0.74  5.02   7.67  4.05 29.71

 26   4.46  9.93  2.22   5.52  9.67  2.21   6.29  1.35 24.72   1.29  4.15 26.43
 27  15.95  9.56  7.04   9.52  2.11  2.95   1.47  0.13 14.44   1.88  3.10 11.45
 28   8.46  5.09  9.88   6.23  7.75  2.42   5.63  2.50 10.93   1.92  7.63 21.41
 29   5.90        6.88   3.52  8.33  1.37   4.79 20.12 16.80   0.69  8.81 11.92
 30  11.96        3.17   4.52  4.50  2.92   3.69 26.85 27.29   0.29  3.80  8.15

 31  25.40        9.46         2.44         5.04 14.47         2.14       13.83
================================================================================
Mean 12.13  5.67  5.82   4.29  8.16 13.17   4.34 12.79 10.50  12.73  3.95  5.98
--------------------------------------------------------------------------------
Yearly Mean = 8.30
