
                              FLARE INDEX OF SOLAR ACTIVITY
                                   NORTHERN HEMISPHERE
      1989
--------------------------------------------------------------------------------
Day    Jan   Feb   Mar    Apr   May   Jun    Jul   Aug   Sep    Oct   Nov   Dec
================================================================================
  1   3.25  6.50  8.93   2.79  8.98  0.25   5.92  1.16  1.17   3.40  5.39 10.90
  2   0.96  0.31 13.37   2.17 15.13  2.53  13.88  1.42  2.99   1.32 16.31 14.35
  3   1.27  2.04  6.03   1.45 19.33  6.25   9.02  2.94  3.23  12.12 10.59  3.57
  4   0.25  2.13  1.17   1.07  4.08  3.73   5.25  1.32  7.48  13.63  9.17 12.44
  5   1.36 13.05  4.39   3.79 17.36  5.42  10.81  4.25  6.17   8.86 11.66 11.15

  6   0.36  9.71 43.00   2.13  5.70  1.02   5.15  3.00  4.95   7.17 22.54  2.73
  7   2.89  8.00 31.52   7.24  3.83  6.15   7.09  1.52  3.97   4.35 31.21 13.46
  8   3.10 40.88 15.81   6.98 11.08  7.91   1.54  1.23 16.15   1.50 65.72  7.68
  9  10.75 19.32 37.31  16.10  4.37  3.44   1.95  2.15 17.59  14.66 58.85  2.81
 10   4.24 32.07 49.81   1.74  2.09  8.31  12.13 12.58 27.97   4.96 23.07  2.74

 11  18.17 15.69 34.56   0.00  0.43  3.06   0.56  5.56 20.25   9.75 20.23  3.87
 12  12.44  5.21 30.07  15.37  7.86  7.20   5.54  2.80 19.84  20.67 24.60  2.82
 13  16.14  8.01 33.96   6.98  9.00 16.19   4.93  4.94 17.63   5.04  8.34  2.54
 14  13.13 15.93 47.65   1.82  5.15 11.05   0.83 19.04 11.47   5.51 12.38  4.74
 15  14.04  7.99 29.57   4.67  2.06 21.06   4.10  4.21 14.95   2.77 48.67  4.43

 16   7.76 16.72 47.77   2.81  6.04 17.44   0.88  8.77 16.26   0.23 19.54  2.60
 17   9.98  0.35 38.94   1.51  2.04 24.54   0.35 15.34 11.28   2.17  2.01  4.73
 18  27.54  1.95  1.46   4.61  3.65  7.09   9.28  4.43 15.59   0.54  1.16  8.93
 19   6.05 12.49  6.27   6.91  7.23  6.81  10.19 10.25  7.22   0.00  2.78 10.71
 20   9.45  6.14  9.26   7.70 10.83 25.44   6.89  6.98  2.36   0.68  1.11  9.40

 21  16.74  3.43 20.94   7.36 15.06 25.31   5.53  2.97  2.08   0.00  3.04  1.79
 22  13.47  2.50 15.56   7.73  8.38 14.60   4.10  3.77  4.38   2.73  5.33  3.75
 23  16.51  5.84 36.67   4.98  4.85 10.58   7.76  6.83  1.02   3.85 16.88  6.00
 24  18.44  5.36 11.56   4.02  7.58  5.73   1.24  6.30  0.57   0.21  4.88  6.84
 25   6.65  6.10  4.31   0.40 11.31  2.39   4.38  0.44  0.00   0.00 37.66 13.06

 26  17.88  3.47 19.03   0.98  2.79 20.77   0.80  7.52  0.00   0.13 28.27  8.89
 27   6.25  8.66  7.00   1.40  0.50 19.16   0.00  1.52  0.00   0.27  7.34  6.43
 28  15.64 22.16  1.56   2.74  3.89 18.89   2.14  1.47  4.43   3.20  7.83  4.03
 29   4.65        0.63   0.58  4.27 18.91   4.08  0.67  2.73   7.88 15.68  9.66
 30  11.48        0.38   1.30  4.39 11.33   1.33  1.79  2.53   4.14 32.73  1.10

 31   3.26        2.52         2.56         2.62  0.19         6.70        3.21
================================================================================
Mean  9.49 10.07 19.71   4.31  6.83 11.09   4.85  4.75  8.21   4.79 18.50  6.49
--------------------------------------------------------------------------------
Yearly Mean = 9.09
