Kandilli Observatory
                              FLARE INDEX OF SOLAR ACTIVITY
                                   NORTHERN HEMISPHERE
      1999
--------------------------------------------------------------------------------
Day    Jan   Feb   Mar    Apr   May   Jun    Jul   Aug   Sep    Oct   Nov   Dec
================================================================================
  1   4.33  0.28  2.49   0.00  0.22  9.16   5.48  2.01  0.83   0.38  0.88  4.24
  2   1.89  0.00 13.45   0.42  3.19  1.38   6.38  4.61  7.09   1.00  0.00  3.92
  3   1.34  0.00  6.26   4.71 31.91  6.38   5.54  4.97  0.95   4.55  0.49  0.34
  4   0.25  0.00  0.61   0.98  3.81  9.42   2.23  3.09  0.00   3.13  0.13  1.60
  5   0.00  0.00  0.00   0.50  0.90  2.44   5.22  1.51  1.67   1.02  0.52  0.17
 
  6   1.39  0.00  1.00   2.57  2.07 10.53   2.78  2.12  0.26   2.86  1.58  4.47
  7   0.00  0.69  0.00   1.11 10.23  0.27   0.18  1.55  1.39   1.11  5.39  0.36
  8   1.47  2.56  1.48   5.89 33.06  2.44   0.56  0.00  0.52   5.10 13.99  2.27
  9   0.15  0.70  0.41   2.57  5.58  2.96   6.48  0.00  2.16   1.08 43.96  0.78
 10   0.00  0.79  1.35   2.31  7.30  1.88   4.85  3.42  1.29   0.89 18.14  0.55

 11   0.00  2.30  4.20   0.82  7.53  4.16   2.52  0.00  4.07   0.25 11.98  2.77
 12   0.00 14.59 10.44   0.31  0.00  2.28   1.64  0.00  3.06   0.00  8.97  0.15
 13   6.11  8.77  7.06   0.65  0.77  7.08   0.62  0.37  8.69   3.28  2.91  0.20
 14   9.43  5.36  6.90   0.00  0.00  6.01   0.47  0.80  1.83   3.58 27.99  0.11
 15  19.73 11.71  6.16   0.00  1.22  1.86   0.43  1.83  6.29   4.17  4.90  0.00

 16  13.01 10.56 17.45   0.00  0.36  3.48   0.25  1.44 13.54   1.42 65.14  0.00
 17   8.63  2.01  8.33   0.22  3.20  0.76   4.20  3.78  9.80   5.14 11.96  0.00
 18   5.49  1.55  6.65   0.33  1.80  3.94   0.57  0.48  3.25   7.10  7.44 12.67
 19   3.22  1.40  0.60   0.42  0.14  0.00  15.36  3.14  3.28   4.67  4.70  2.90
 20   2.42  0.75  0.00   0.56  1.33  3.33   2.00  1.48  4.07   4.62  0.31  5.04

 21   1.85  1.02  1.34   1.44  3.15  0.84   1.69  0.08  0.44   1.64  1.52  6.51
 22   4.38  0.10  1.85   0.00  0.17  2.86   5.62  0.88  3.19   0.38  2.11 13.85
 23   2.60  0.00  0.00   0.00  3.90 15.48  19.73  0.52  1.02   0.00  0.29  3.09
 24   4.20  0.19  1.30   0.76  1.81 12.95   4.10  0.90  0.63   0.42  0.17  1.69
 25   1.75  0.83  1.05   0.44  0.98  7.12   2.51  0.09  1.30   0.64  0.00  2.57

 26   0.63  2.49  0.29   0.52 12.38 16.99   0.29  0.00  6.44   0.00  0.00  0.83
 27  11.96  1.40  0.49   0.19  5.96 10.18   5.70  4.20  0.38   1.14  0.48  4.00
 28  12.66 13.97 13.32   1.10  0.81  3.91   6.09  6.76  0.00   2.96  0.53  6.56
 29   2.21        0.00   6.33  1.16  8.76  21.93  6.90  0.15   2.58  3.88  1.21
 30   0.37        0.00   1.85  2.81  2.75  14.96 17.33  0.12   0.00  8.90  0.19

 31   0.28        0.00         0.36         9.75  6.33         0.73        0.78
================================================================================
Mean  3.93  3.00  3.69   1.23  4.78  5.39   5.17  2.60  2.92   2.12  8.31  2.71
--------------------------------------------------------------------------------
Yearly Mean = 3.82
