Kandilli Observatory
                              FLARE INDEX OF SOLAR ACTIVITY
                                   SOUTHERN HEMISPHERE
      1999
--------------------------------------------------------------------------------
Day    Jan   Feb   Mar    Apr   May   Jun    Jul   Aug   Sep    Oct   Nov   Dec
================================================================================
  1   0.00  0.00  0.00   0.00  0.00  4.38  13.81  5.61  0.62   3.83  4.16  0.00
  2   0.00  0.26  0.00   0.00  0.00  2.44   7.54 13.84  0.00   0.52  0.60  0.25
  3   6.64  0.00  0.00   4.53  0.00 12.35   4.39  2.53  5.72   0.77  1.27  0.00
  4   0.00  0.00  0.51   2.78  0.00  1.07  13.47 14.82  0.12   0.32  7.20  0.00
  5   0.00  0.00  2.93   0.48  0.00  0.56  11.76  7.07  0.46   0.00  4.08  0.00

  6   0.25  0.09  0.63   0.88  0.38  0.36   1.09  2.53  0.00   0.36  0.62  0.00
  7   0.00  0.00  0.67   0.61  0.81  1.08   2.67  2.14  0.00   0.00  1.13  0.74
  8   5.67  1.23  0.32   0.00  0.17  1.49   2.19  2.79  0.00   0.00  1.50  0.25
  9   0.00  0.75  7.15   0.00  0.32  0.10   2.66  1.76  0.78   0.00  0.00  0.49
 10   0.57  4.70  1.82   0.17  0.86  0.22   1.28  4.41  1.00   0.00  3.70  0.37

 11   0.21  0.00  1.95   0.13  1.26  0.07   5.17  0.94  0.18   0.00  4.16  0.72
 12   1.22  7.57  0.00   1.80  0.23  6.82   3.03  0.07  0.42   0.00 12.02  0.00
 13   2.82  2.94  0.00   0.00  0.68  2.52   1.47  5.17  0.00   0.00 16.84  0.27
 14   0.88  2.58  0.00   0.00  2.00  0.30   1.58  1.45  0.67   0.36 31.12  1.24
 15   1.50  0.00  0.00   0.74  5.11  0.42   1.38  1.18  0.45   0.00 13.12  2.82

 16   1.09  2.58  0.00   0.00  2.13  0.79   0.22  0.00  0.85   0.00 20.08  2.98
 17   3.85  1.32  0.00   0.89  2.35  0.00   0.00  0.42  0.72   0.00  3.63  5.75
 18  10.40  2.07  0.11   0.00  0.80  0.34   0.00  0.00  0.00   0.70  6.38  3.99
 19   7.55  0.64  0.13   0.74  0.00  0.00   0.00  0.00  0.34   0.26  7.50  1.00
 20   3.21  0.65  0.00   0.10  0.00  0.24   0.30  3.55  0.00   0.46 20.10  3.23

 21   1.10  0.00  0.00   0.19  0.11  3.56   1.11  1.10  0.10   5.25 11.58  0.44
 22   4.23  0.00  0.00   0.00  0.95  3.51   0.33  2.60  1.90   0.94  7.74  2.51
 23   5.54  0.00  0.00   0.00  0.82  1.11   0.42  2.32  0.00   1.80  4.27  4.32
 24   1.74  0.00  0.35   0.00  1.21  0.63   1.72  8.90  0.00   1.14 14.38  0.64
 25   0.00  1.07  0.32   0.00  0.77  0.10   4.42  4.53  0.08  11.88 15.09  0.00

 26   0.00  0.35  0.00   0.00  1.00  1.69   1.62  9.64  0.75  10.40 45.08  0.00
 27   3.52  0.00  4.00   0.00  1.89  1.66   0.61 37.53  0.23   2.15 16.08  0.15
 28   0.23  0.00  0.00   0.00  1.19  8.19  12.61 39.04  0.00   0.44  6.18  0.00
 29   0.00        0.42   0.00  0.47  8.20  11.63  1.71  0.24   3.56 10.39  0.12
 30   0.00        0.00   0.00  0.00 29.93   6.97  4.55  1.48   0.00  0.33  0.00

 31   0.00        0.00         2.72         1.60  0.00         5.94        0.00
================================================================================
Mean  2.01  1.03  0.69   0.47  0.91  3.14   3.78  5.88  0.57   1.65  9.68  1.04
--------------------------------------------------------------------------------
Yearly Mean = 2.57

