Kandilli Observatory
                              FLARE INDEX OF SOLAR ACTIVITY
                                   SOUTHERN HEMISPHERE
      2001
--------------------------------------------------------------------------------
Day    Jan   Feb   Mar    Apr   May   Jun    Jul   Aug   Sep    Oct   Nov   Dec
================================================================================
  1   1.42  0.00  0.32   1.48  0.00  0.40   0.00  2.41  0.15   1.14  2.26 24.00
  2   0.00  0.00  0.00   0.23  0.00  1.04   0.00  1.48  8.34   2.76  1.38  1.96
  3   0.55  0.00  0.09   5.98  0.00  3.56   0.00  2.46  0.35   0.98  0.34  5.51
  4   0.09  0.55  0.13   3.41  0.00  2.96   0.00  1.20  4.77   0.77  2.28  7.11
  5   0.23  0.08  0.68  13.30  0.00  4.65   0.00  7.94  6.57   3.08  2.94  3.74

  6   1.59  0.00  0.00   2.76  0.00  3.24   0.02  2.36  8.62   3.17  4.39 11.66
  7   0.00  0.20  1.19   0.63  0.00  0.58   0.47  7.28  1.92   1.40 10.75  7.42
  8   0.13  0.00  0.00   0.17  0.00  8.81   2.01  1.55  8.34   0.00 16.58  2.15
  9   0.00  3.14  5.31  13.67  0.00 17.33   2.80  2.67 33.10  12.51 23.18  5.45
 10   0.00  1.94  2.93  29.93  0.56  4.67   0.25  0.50  6.49   1.66 10.54  6.84

 11   0.00  0.68  0.71  14.59  0.37  1.80   0.09  0.84  4.58   0.25  6.69  3.60
 12   0.74  0.99  1.94  19.01 12.60  1.60   0.06  0.27  4.89   1.27  1.07 10.26
 13   0.00  0.00  0.18   0.13  3.90  4.84   0.13  0.28  7.43   0.73  2.70 10.32
 14   0.00  0.00  1.07   3.04  1.66  0.00   3.88  0.77  5.45   0.38  4.82  4.10
 15   0.00  0.00  1.68  13.19  3.19  4.12   6.41  0.11 13.73   0.00  1.70  0.49

 16   0.00  0.00  1.47   0.09  1.76  0.77   7.85  0.13 22.12   0.17  0.60  0.96
 17   0.00  0.00  3.66   0.00  2.40  0.00   1.08  0.26 10.35   1.02 34.81  0.10
 18   0.00  0.00  4.29   0.00  2.32  0.00   0.78  0.29  1.79   4.36  0.72  0.42
 19   2.03  0.28  0.58   0.00  0.41  1.32   8.14  0.04  0.82   7.51  2.99  1.46
 20  26.49  0.56  6.54   0.00  0.00  0.00   0.72  0.91  0.88   2.28  4.52  0.11

 21   1.57  1.06  3.81   0.44  0.14  0.00   1.65  0.00  1.46   2.21  8.21  1.93
 22   0.82  1.01  0.00   0.00  0.57  1.22   1.90  3.50  5.69  28.32 24.25  1.99
 23   0.37  1.69  1.60   1.10  0.02  0.23   1.38  2.61  4.57   6.22  0.87  6.95
 24   1.49  0.00  2.75   0.09  0.44  0.00   0.84 10.53 27.15   1.22 12.03 11.41
 25   1.76  0.09  0.50   0.00  2.24  0.63   0.23 46.25 12.42  47.43  4.08  5.88

 26   2.24  0.10  3.66   0.00  0.00  0.00   0.00  4.40  5.55   2.39  0.33  8.44
 27   0.49  0.00 10.20   0.08  0.00  3.00   1.39  6.80  3.31   1.44  9.18 35.09
 28  10.91  0.26  2.34   0.33  0.00  1.59   2.95  3.59 21.81   0.00  3.35  3.98
 29   1.79        0.38   0.00  0.00  0.41   0.38  2.48  0.62   0.45  1.12  1.57
 30   0.34        3.81   0.00  0.00  0.05   0.00  9.84  2.33   0.00  3.22  1.05

 31   0.02        1.73         0.24         1.46  0.71         0.00        3.34
================================================================================
Mean  1.78  0.45  2.05   4.12  1.06  2.29   1.51  4.01  7.85   4.36  6.73  6.11
--------------------------------------------------------------------------------
Yearly Mean = 3.53

