Kandilli Observatory
                              FLARE INDEX OF SOLAR ACTIVITY
                                   NORTHERN HEMISPHERE
      2001
--------------------------------------------------------------------------------
Day    Jan   Feb   Mar    Apr   May   Jun    Jul   Aug   Sep    Oct   Nov   Dec
================================================================================
  1   0.11  1.20  0.00  12.31  6.59  0.22   0.00  0.42  1.07   0.65 10.63  1.96
  2   0.00  1.72  0.00  29.91  4.02  0.00   0.00  4.18 10.41   0.30  1.65  5.56
  3   0.37  0.00  1.92   2.33  2.39  0.17   0.31  1.84  6.52   6.30  1.97  1.70
  4   0.26  2.30  0.00   2.24  2.70  4.16   0.00  4.36  5.89   0.95 72.72  0.18
  5   1.77  2.44  1.47   1.56  3.08  0.71   0.15  3.35 10.18   0.28  2.04  0.18
  
  6   0.47  0.14  1.00   0.39  1.33  2.75   0.00  1.29  0.78   0.00  0.00  0.41
  7   0.00  0.00  3.94   0.06  8.96  0.98   0.00  1.52  2.06   0.00  1.93  4.23
  8   0.56  0.22  2.85   0.02  2.40  0.74   0.00  2.21  2.77   0.13  1.92  0.21
  9   1.87  0.14  3.24   1.58  4.65  1.93   0.29  1.96  0.02   1.76  0.94  0.65
 10   5.06  0.00  2.13   0.10  2.34  0.94   0.00  1.35  0.00   1.72  0.29  2.41

 11   0.33 10.21  0.81   0.30  0.00  0.79   0.00  2.32  1.65   0.98  0.87  8.38
 12   0.95  0.66  0.41   0.00  1.69  0.66   0.00  0.21  0.25   1.60  3.87  7.63
 13   1.15  0.61  0.00   0.00  0.00  3.02   0.19  0.00  0.79   0.27  0.00 16.72
 14   0.90  1.79  0.00   0.19  0.00  2.22   0.52  0.07  0.00   1.48  1.86 11.02
 15   2.31  0.00  0.50   0.00  0.13  2.81   0.20  0.00  0.00   2.85  3.30  3.02

 16   0.34  0.07  1.31   0.00  1.23  3.46   2.42  0.10  1.52   2.78  1.29 20.68
 17   0.67  0.00  0.12   0.00  4.31  0.42   0.26  0.93  0.29   1.92  0.64  1.70
 18   0.00  0.00  0.56   0.00  0.23 13.17   0.74  4.09  2.09   5.70  0.91  3.68
 19   0.14  0.00  0.19   0.52  0.14  0.19   1.95  0.75  2.58  39.67  0.16  2.66
 20   0.00  0.00  2.74   8.19  0.00  8.39   0.25  3.56  2.20   0.83  0.00  8.29

 21   1.66  0.00  1.87   1.87  0.52  3.69   0.94  0.31  4.65   9.29  0.00  2.11
 22   0.53  0.00  1.40   4.61  0.00  6.24   0.09  0.07  3.61   7.07  0.11  0.21
 23   0.35  0.38  1.29  16.79  0.35 14.17   0.38  0.00  3.17   5.86  0.00  1.26
 24   7.15  0.00 18.38  16.35  2.63  0.79   0.26  0.15  1.96   6.62  0.28  3.66
 25   0.21  0.00 13.20  21.69  6.27  1.09   0.81  0.00  0.69   3.31  2.01  4.31

 26   2.29  0.00 15.83  38.52  0.28  2.11   0.00  0.00  5.11   8.60  0.33 42.50
 27   0.31  0.44 20.18  11.77  0.00  0.63   0.00  0.19  1.94   5.09  2.44  2.93
 28   0.21  0.00 29.74   4.26  0.00  0.45   0.00  5.96 19.27  11.78  5.87  2.24
 29   0.00       25.02   1.68  0.43  0.00   0.00 15.43 20.07  13.01  7.49  1.57
 30   0.43       19.40   5.06  0.00  0.00   0.00  2.04  5.88  12.01  1.15  1.12

 31   0.00        3.93         0.00         0.37 14.76         6.42        0.58
================================================================================
Mean  0.98  0.80  5.59   6.08  1.83  2.56   0.33  2.37  3.91   5.14  4.22  5.28
--------------------------------------------------------------------------------
Yearly Mean = 3.27
