
                              FLARE INDEX OF SOLAR ACTIVITY
                                   SOUTHERN HEMISPHERE
      1990
--------------------------------------------------------------------------------
Day    Jan   Feb   Mar    Apr   May   Jun    Jul   Aug   Sep    Oct   Nov   Dec
================================================================================
  1   2.96  2.01  9.66   1.79  0.92  0.89  16.65  9.41  0.21   6.09  7.31  1.37
  2   4.37  1.65  6.52   3.75  0.00  0.00   7.73  5.23  3.93   8.08  1.26  6.27
  3   3.71  1.94  6.47   0.38  0.69  1.17   4.35  2.41  1.76   4.79  3.39  1.97
  4   2.91  0.00  1.87   0.42  1.24  1.60   9.57  1.31  2.04   1.45 10.02  5.19
  5   5.08  0.42  1.59   2.34  0.71  3.08   8.85  2.30  1.47   3.94 14.05  9.03

  6  13.48  0.00 13.63   0.00  4.94  4.42   7.36  1.40  9.54   2.48  8.07  4.11
  7   4.50  0.00  6.13   0.00  3.73  2.58  12.23  3.65  8.00   3.63 13.47  4.73
  8  18.52  6.05  7.16   0.54  8.33  0.32   4.31  3.94  2.42   6.49 12.38  7.19
  9   7.34  3.89  1.17   0.35  5.67  3.78   0.37  1.52  2.46  10.04  8.10  2.78
 10   6.90  0.11  0.00   0.00  4.45  0.58   3.83  1.15  0.98  10.85  4.42  7.01

 11   2.35  0.00  0.26   0.00  3.71  4.12   0.34  1.82  2.19   3.56  6.40  4.83
 12   1.87  0.00  0.11   0.00  2.14  4.10   3.08  0.00  2.98   6.31  3.10  1.45
 13   2.40  0.00  5.40   4.85 13.13  9.26   0.40  0.83  5.63   6.67  1.29  0.63
 14   0.56  0.19  7.43   6.95  5.23  5.77   1.22  0.59  6.68  10.00  4.85  0.00
 15   1.90  0.00  4.68   7.83  7.92 18.03   1.10  3.89  6.81  16.48  5.94  0.00

 16  10.05  0.88  7.39  10.39 11.81  3.98   1.54  6.46  2.84   1.90  5.06  0.00
 17   9.25  2.27  3.20   7.92  9.15  2.90   1.79  4.63 21.58  13.46  0.13  0.00
 18   1.94  2.15  8.25  18.35  7.95  0.23   5.65 10.54 12.91   8.28  0.31  0.13
 19  13.17 16.24 10.89   9.14 19.26  0.81   2.83 13.29  7.21   4.51  0.00  0.69
 20  14.13  7.04 17.57  14.23 10.58  3.53   0.79  6.68  6.07   7.16  0.00  4.36

 21  27.76  1.81 19.94  15.55 11.41  0.58   0.50 12.42  4.20   2.08  0.21  2.00
 22  23.58  6.11 24.52   3.20  9.96  2.79   1.08 10.61  3.98   3.10  0.00 30.59
 23  14.80 11.44 11.07   7.38 13.01  5.15   0.96 11.91  0.87   2.74  0.79  2.96
 24  18.13  7.73 14.21   2.59  5.85  4.94   0.33 15.69  3.29  13.39 10.44  8.55
 25   3.88 10.97 18.56   0.99  2.67  4.70  18.02  9.98  2.11   4.98  4.98  9.12

 26   2.34  4.97 15.18   1.26  2.79  9.98   3.91 34.63 12.21   4.09  6.57 19.68
 27   4.34 11.89 22.29   2.09  0.31  3.89   1.77  9.60  2.92   0.88  3.83 14.87
 28  10.27  2.13 25.94   2.42  1.46 10.02   0.58  7.65  3.45   0.21  7.30  6.74
 29  18.80        4.40   1.35  3.26 15.21   0.00 12.39  6.00   1.47  6.19  7.02
 30   5.04        3.00   0.00  1.53 10.44   0.66  9.71  8.71   2.58 12.21  8.94

 31   5.77        0.99         1.38         5.54  3.16         3.91        8.77
================================================================================
Mean  8.45  3.64  9.02   4.20  5.65  4.63   4.11  7.06  5.18   5.66  5.40  5.84
--------------------------------------------------------------------------------
Yearly Mean = 5.74
