
                              FLARE INDEX OF SOLAR ACTIVITY
                                   NORTHERN HEMISPHERE
      1990
--------------------------------------------------------------------------------
Day    Jan   Feb   Mar    Apr   May   Jun    Jul   Aug   Sep    Oct   Nov   Dec
================================================================================
  1   7.65  6.10 16.10   0.15  1.87  3.50   2.77  2.84 13.28   0.26  0.00  2.12
  2   8.81  1.83  8.94   4.33  0.00  1.96   4.70  2.57  4.61   8.35  0.00  3.78
  3   3.08  4.61  2.47   8.92  1.52  2.22   0.92  2.88  5.52  10.45  0.00  4.39
  4   1.88  5.79  0.25   9.33  4.15  5.50   6.51  1.37 16.45   4.26  2.78 21.25
  5   2.10  3.65  4.51   7.89  0.41  1.78  16.93  1.53  9.02   2.85  5.36 14.81

  6   3.38  9.54  3.56   3.20  2.42  1.60   7.97  3.17  0.48   2.21 18.63  5.89
  7   0.27  2.15  5.25   1.77  4.27  6.10  13.36  3.40  4.67   1.02 10.44  8.25
  8   1.64  1.68 10.96  14.08  8.25  2.68   3.69 12.13  5.13   3.59 19.74  9.65
  9   0.00  1.50  0.00   2.71  4.88  5.28   7.41 10.90  3.10   2.17 11.80 11.29
 10   2.42  1.41  0.56   5.04  5.70 21.29  17.10 22.52  0.33   4.04  8.83 40.36

 11   2.17  1.62  4.31   3.07  7.65  6.29  21.79  2.29 14.52   4.46  7.02 21.19
 12   4.34  5.93 10.04   1.39 14.38 22.08   3.23  3.56 12.31   4.31  7.01 25.96
 13   4.35  3.14  9.65   3.32  9.75 13.67   8.10 14.11  3.54   5.92  9.98 10.13
 14   4.33  2.22  9.27  10.25  6.89  4.77   1.27  6.86 12.54   8.60 10.44 13.58
 15   2.54  3.55  7.65  18.04 28.48 10.39   7.28  1.53  1.54   9.96  4.77 13.33

 16   3.49  1.25  4.94   6.43 13.13  0.67   2.00  3.81  2.77  10.75 10.15 11.54
 17   3.81  4.94  3.35   9.00  5.65  2.00   0.00  5.08  0.29   2.25 19.21 16.66
 18   1.58 12.56  8.98   0.98  2.95  0.70   0.08  3.69  0.77   8.22 24.65 18.29
 19   2.73  7.77 13.12   8.27  2.29  0.35   0.96  6.49  5.17  10.11 25.38 27.38
 20  10.42  0.00  3.18   3.70 16.15  7.44   5.56  2.44 13.48   2.90 11.29 13.88

 21   4.87  6.88  2.88   3.91 25.30  0.30   2.76 12.56  3.25  18.38  8.44  5.02
 22   4.82  8.22  8.79   7.92  1.58  0.40   4.75  3.29  1.85   7.65  3.29  3.69
 23   7.13  1.73  0.67   3.31  5.50  1.27   6.15  1.68  2.10  11.00 14.40  8.48
 24   2.58  6.90  0.00  10.44  6.15  4.24   4.41  7.98  6.75   4.14  8.38  6.96
 25   4.33  4.09  0.00   6.60  6.33  0.27  14.38  3.38  6.51  15.46 10.60  0.00

 26   7.75  4.66  1.14  13.57  7.23 11.98   5.83  8.77  0.33   7.83  7.10  0.00
 27   2.73 18.70  1.23   8.83  6.50  5.79   2.77 21.35  0.21   7.38  1.63  0.18
 28   2.28 26.57  8.75   1.44  2.60 10.79   2.21 19.73  1.08   3.48  0.50  2.79
 29   2.60        2.82   1.48  3.03 11.87   3.70 13.22  0.88   2.13  0.92  0.00
 30   5.69        1.38   2.78  3.16  6.06   9.42 12.94  0.30   0.13  7.71  0.00

 31   7.90        0.29         3.63         0.83  8.80         0.00        0.00
================================================================================
Mean  3.99  5.68  5.00   6.07  6.83  5.78   6.09  7.32  5.09   5.94  9.01 10.35
--------------------------------------------------------------------------------
Yearly Mean = 6.43
