090101 SGMR                                                                 
090102 SGMR  10      22      41      54      64     127     202     452     
090103 SGMR  10      22      40      53      65     126     210     456     
090104 SGMR  10      21      36      54      65     146     209     456     
090105 SGMR  10      21      39      53      63     120     195     332     
090106 SGMR  10      21      36      54      63     128     212     459     
090107 SGMR   9      20      32      46      62     111     172     268     
090108 SGMR  10      21      36      54      63     126     209     457     
090109 SGMR  10      23      40      53      64     127     212     457     
090110 SGMR  11      22      40      56      73     127     213     457     
090111 SGMR  10      22      39      55      68     124     197     438     
090112 SGMR  10      20      37      50      65     110     188     450     
090113 SGMR  10      22      38      55      64     128     212     457     
090114 SGMR  10      23      41      55      74     126     212     458     
090115 SGMR  10      23      41      55      75     128     217     455     
090116 SGMR  10      23      41      55      70     127     211     458     
090117 SGMR   9      23      39      56      73     128     211     457     
090118 SGMR  11      22      39      53      68     129     187     365     
090119 SGMR  11      22      35      54      66     119     179     426     
090120 SGMR  11      22      37      54      66     127     215     455     
090121 SGMR  10      21      39      53      65     124     212     454     
090122 SGMR  12      23      39      53      61     128     211     453     
090123 SGMR  11      22      38      55      63     126     192     453     
090124 SGMR  12      23      39      54      63     125     214     450     
090125 SGMR  11      22      40      54      70     122     208     457     
090126 SGMR  11      21      39      53      62     126     209     458     
090127 SGMR  11      23      39      54      65     124     209     458     
090128 SGMR  11      21      39      54      64     128     218     412     
090129 SGMR  10      21      37      54      65     125     210     456     
090130 SGMR  10      22      39      53      63     125     211     454     
090131 SGMR  11      22      39      54      59     124     198     456     
090201 SGMR  11      21      39      53      61     125     200     452     
090202 SGMR  11      21      39      55      61     126     209     451     
090203 SGMR  12      23      40      56      63     127     214     452     
090204 SGMR  11      23      39      53      65     124     212     459     
090205 SGMR  11      23      41      53      72     125     214     459     
090206 SGMR  10      22      40      54      67     125     211     458     
090207 SGMR  11      22      41      56      60     126     213     456     
090208 SGMR  11      22      40      55      65     128     212     456     
090209 SGMR  12      21      40      54      63     125     212     459     
090210 SGMR  11      22      40      54      64     126     214     457     
090211 SGMR  11      22      39      56      64     132     211     457     
090212 SGMR  11      22      39      55      65     129     221     441     
090213 SGMR  11      22      39      54      67     125     212     428     
090214 SGMR  11      21      38      54      61     124     211     457     
090215 SGMR  11      22      39      53      65     125     209     456     
090216 SGMR  11      22      39      55      62     125     210     457     
090217 SGMR  11      22      39      55      62     127     210     454     
090218 SGMR  11      21      39      55      62     125     214     458     
090219 SGMR  10      21      37      55      67     123     206     445     
090220 SGMR  11      22      39      52      62     132     217             
090221 SGMR  10      22      39      55      60     129     203             
090222 SGMR  11      21      40      55      66     125     216     452     
090223 SGMR  11      22      39      57      63     126     215     447     
090224 SGMR  11      22      39      54      65     127     210     460     
090225 SGMR  11      21      39      54      65     124     212     455     
090226 SGMR  11      22      40      55      67     125     214     451     
090227 SGMR  11      21      39      56      64     127     218     451     
090228 SGMR  10      22      40      56      65     126     219     455     
090301 SGMR  11      22      39      53      64     125     215     447     
090302 SGMR  11      22      39      53      63     123     215     441     
090303 SGMR  12      22      39      53      62     125     215     450     
090304 SGMR  11      22      40      54      64     120     208     455     
090305 SGMR  10      21      39      54      58     124     214     459     
090306 SGMR  10      22      38      53      61     126     218     435     
090307 SGMR  10      21      38      54      61     132     249     460     
090308 SGMR  11      22      38      54      60     128     235     455     
090309 SGMR                          49      62     109     180     370     
090310 SGMR  11      22      38      54      61     124     223     454     
090311 SGMR  10      20      36      53      64     122     199     400     
090312 SGMR  11      21      38      55      63     126     215     459     
090313 SGMR  11      22      39      54      62     133     204     457     
090314 SGMR  11      21      40      54      63     124     215     458     
090315 SGMR  11      21      38      55      60     128     237     458     
090316 SGMR  11      21      33      54      67     126     219     456     
090317 SGMR  10      21      39      54      62     126     230     457     
090318 SGMR  10      21      39      55      63     129     227     452     
090319 SGMR  11      22      39      54      62     125     229     420     
090320 SGMR  11      22      40      54      62     128     231     459     
090321 SGMR  11      23      40      57      65     122     222     457     
090322 SGMR  11      23      40      54      66     126     227     456     
090323 SGMR  11      23      40      55      60     139     227     456     
090324 SGMR  11      22      41      53      65     123     224     456     
090325 SGMR  10      22      40      56      66     126     235     458     
090326 SGMR  10      22      40      55      60     131     216     456     
090327 SGMR  12      22      40      55      66     125     240     464     
090328 SGMR  11      22      39      56      64     128     229     455     
090329 SGMR  11      21      37      54      67     124     207     404     
090330 SGMR  11      20      37      56      61     125     209     400     
090331 SGMR  11      22      39      55      62     125     207     453     
090401 SGMR  12      26      37      55      72     125     220     510     
090402 SGMR  11      26      35      53      71     121     208     524     
090403 SGMR  12      26      34      53      69     121     194     462     
090404 SGMR  11      26      36      54      72     122     205     529     
090405 SGMR  12      26      36      53      70     122     208     530     
090406 SGMR  12      26      35      54      72     121     206     498     
090407 SGMR  11      25      34      53      71     122     204     530     
090408 SGMR  12      26      35      54      72     117     206     526     
090409 SGMR  12      27      35      54      71     124     229     532     
090410 SGMR  11      26      35      54      69     125     234     530     
090411 SGMR  11      25      35      54      64     119     205     516     
090412 SGMR  12      26      35      54      75     119     201     534     
090413 SGMR  12      26      36      52      76     119     208     532     
090414 SGMR  12      26      36      53      70     124     222     533     
090415 SGMR  12      26      35      53      68     118     222     533     
090416 SGMR  12      26      34      54      80     119     219     536     
090417 SGMR  11      24      35      54      69     117     222     532     
090418 SGMR  11      26      36      55      68     127     225     530     
090419 SGMR  12      27      37      54      75     120     224     537     
090420 SGMR  11      26      36      55      74     118     220     528     
090421 SGMR  11      26      36      55      75     120     218     490     
090422 SGMR  12      26      36      56      74     128     226     531     
090423 SGMR  12      26      36      55      70     124     223     536     
090424 SGMR  12      26      36      55      70     124     213     536     
090425 SGMR  12      26      36      55      72     118     218     532     
090426 SGMR  12      25      35      55      71     114     220     625     
090427 SGMR  12      26      35      54      68     116     219     628     
090428 SGMR  13      26      35      55      70     115     217     528     
090429 SGMR  14      26      35      54      69     116     221     528     
090430 SGMR  12      26      36      56      71     115     219     529     
090501 SGMR  12      26      30      54      73     117     220     511     
090502 SGMR  12      25      34      53      69     116     223     522     
090503 SGMR                                                                 
090504 SGMR  12      25      35      53      72     116     223     524     
090505 SGMR                                                                 
090506 SGMR  12      26      35      54      75     116     220     520     
090507 SGMR  12      26      35      54      75     116     200     500     
090508 SGMR  13      27      36      57      72     119     222     531     
090509 SGMR  12      27      37      58      75     119     220     525     
090510 SGMR  13      27      37      57      71     120     219     532     
090511 SGMR  12      26      36      59      78     121     224     534     
090512 SGMR  13      26      37      60      81     120     222     533     
090513 SGMR  12      27      38      61      74     120     225     527     
090514 SGMR  13      27      38      62      83     120     221     522     
090515 SGMR  12      27      38      62      73     121     223     530     
090516 SGMR  12      27      38      61      83     121     226     523     
090517 SGMR  13      26      37      60      81     113     214     509     
090518 SGMR  14      27      38      61      82     126     224     519     
090519 SGMR  12      27      38      60      79     120     223     529     
090520 SGMR  11      27      36      60      84     120     220     526     
090521 SGMR  12      27      37      59      71     120     220     534     
090522 SGMR  12      27      38      60      81     120     223     530     
090523 SGMR  12      28      37      57      74     119     225     525     
090524 SGMR  13      27      36      58      70     119     220     521     
090525 SGMR  12      26      36      57      74     119     219     525     
090526 SGMR  11      32      37      55      74     113     216     530     
090527 SGMR  12      31      34      52      75     110     209     317     
090528 SGMR  12      26      36      54      75     117     222     493     
090529 SGMR  11      25      33      54      75     111     212     382     
090530 SGMR  12      26      36      56      73     118     221     525     
090531 SGMR  11      26      35      56      74     117     222     525     
090601 SGMR  13      27      36      58      75     121     222     534     
090602 SGMR  14      27      37      58      78     121     224     529     
090603 SGMR  11      26      37      60      77     122     224     528     
090604 SGMR  12      26      34      59      79     121     221     527     
090605 SGMR  12      26      37      58      80     119     227     524     
090606 SGMR  12      27      37      57      74     114     216     526     
090607 SGMR  13      27      37      58      71     119     225     527     
090608 SGMR  12      26      35      58      77     119     221     540     
090609 SGMR  13      27      38      57      77     117     224     471     
090610 SGMR  12      27      37      58      75     118     223     608     
090611 SGMR  12      28      38      57      79     115     217     611     
090612 SGMR  12      27      37      57      74     112     214     558     
090613 SGMR  12      26      35      57      77     117     220     668     
090614 SGMR  12      27      35      56      74     117     217     472     
090615 SGMR  13      26      35      55      71     120     220     629     
090616 SGMR  12      26      36      56      65     118     221     625     
090617 SGMR  12      26      21      56      74     117     223     617     
090618 SGMR  11      26      34      56      76     118     226     607     
090619 SGMR  12      23      25      54      64     102     181     395     
090620 SGMR  12      26      31      55      67     118     222     620     
090621 SGMR  12      25      31      54      67     114     214     384     
090622 SGMR  11      23      32      55      73     112     207     429     
090623 SGMR  11      24      32      55      71     116     216     563     
090624 SGMR  12      25      26      56      74     115     222     566     
090625 SGMR  12      26      25      58      74     117     223     605     
090626 SGMR  12      26      31      56      71     115     220     619     
090627 SGMR  13      25      34      55      73     118     223     622     
090628 SGMR  12      24      16      54      71     113     216     525     
090629 SGMR  12      23      36      56      73     116     222     461     
090630 SGMR  11      26      34      57      74     116     226     609     
090701 SGMR  11      25      23      56      81     113     216     610     
090702 SGMR  11      24      27      55      73     108     201     211     
090703 SGMR  11      25      28      55      72     116     220     620     
090704 SGMR  13      26      18      59      83     122     225     618     
090705 SGMR  12      26      33      58      76     123     226     601     
090706 SGMR  15      26      30      58      73     118     223     621     
090707 SGMR  35      31      31      58      79     120     226     481     
090708 SGMR  26      29      32      58      79     118     219     604     
090709 SGMR                                                                 
090710 SGMR  13      25      35      55      74     117     222     619     
090711 SGMR  12      26      33      56      73     119     225     624     
090712 SGMR  12      26      36      56      70     119     225     626     
090713 SGMR  11      25      35      55      72     117     223     627     
090714 SGMR  12      26      33      55      70     117     225     609     
090715 SGMR  12      25      26      55      71     116     222     617     
090716 SGMR  12      25      33      55      73     117     223     619     
090717 SGMR  12      26      33      54      70     112     215     621     
090718 SGMR  11      26      31      53      71     117     223     605     
090719 SGMR  11      25      33      55      74     114     220     604     
090720 SGMR  12      26      33      57      72     119     226     600     
090721 SGMR  12      24      21      56      74     115     220     422     
090722 SGMR  11      25       4      54      75     116     225     439     
090723 SGMR  12      25      31      56      74     117     223     605     
090724 SGMR  11      24      30      56      74     113     213     472     
090725 SGMR  11      25      32      56      72     117     223     616     
090726 SGMR  10      25      33      55      71     118     221     586     
090727 SGMR  11      26      33      56      77     118     223     605     
090728 SGMR  11      26      32      56      71     113     212     616     
090729 SGMR  11      26      33      57      72     117     223     600     
090730 SGMR  12      26      33      57      69     117     218     537     
090731 SGMR  11      26      34      56      71     114     210     401     
090801 SGMR  12      26      32      55      74     116     223     608     
090802 SGMR  12      25      32      56      73     116     225     600     
090803 SGMR  12      26      31      56      71     114     219     603     
090804 SGMR  13      26      26      54      67     115     222     602     
090805 SGMR  12      25      34      54      67     116     218     578     
090806 SGMR  13      26      23      56      71     116     222     516     
090807 SGMR  12      26      32      57      68     116     225     504     
090808 SGMR  12      26      29      55      70     116     222     504     
090809 SGMR  12      26      31      54      70     116     223     520     
090810 SGMR  13      26      35      55      72     116     223     499     
090811 SGMR  12      25      32      55      67     115     223     501     
090812 SGMR  12      25      33      55      73     113     213     509     
090813 SGMR  11      26      30      55      70     116     223     494     
090814 SGMR  12      26      25      56      69     115     223     510     
090815 SGMR  12      26      35      56      70     114     210     513     
090816 SGMR  12      26      35      57      75     118     218     519     
090817 SGMR  12      26      33      56      74     117     221     522     
090818 SGMR  12      26      29      55      69     113     211     508     
090819 SGMR  12      25      35      55      72     115     219     517     
090820 SGMR  12      26      33      55      71     116     224     516     
090821 SGMR  11      25      31      54      68     115     219     505     
090822 SGMR  12      25      29      55      69     114     219     540     
090823 SGMR  12      25      32      55      66     115     220     519     
090824 SGMR  12      25      31      54      68     115     218     510     
090825 SGMR  12      25      35      54      71     115     219     524     
090826 SGMR  12      26      33      55      70     115     219     524     
090827 SGMR  13      26      33      54      65     115     220     529     
090828 SGMR  12      25      34      55      67     112     218     517     
090829 SGMR  12      25      33      55      69     104     188     364     
090830 SGMR  12      25      33      54      71     114     221     518     
090831 SGMR  12      25      34      56      73     115     224     524     
090901 SGMR  12      26      34      55      69     117     221     507     
090902 SGMR  12      27      34      55      66     116     221     526     
090903 SGMR  12      26      36      55      69     117     225     508     
090904 SGMR  12      26      34      56      67     116     221     507     
090905 SGMR  12      27      34      55      72     116     220     514     
090906 SGMR  12      26      35      55      75     110     214     518     
090907 SGMR  12      26      35      54      69     116     223     521     
090908 SGMR  13      26      35      56      71     114     219     525     
090909 SGMR  12      26      34      55      72     118     226     524     
090910 SGMR  12      26      35      54      74     115     216     495     
090911 SGMR  12      26      36      56      74     117     226     509     
090912 SGMR  12      25      31      55      73     110     209     403     
090913 SGMR  12      25      33      55      71     117     223     538     
090914 SGMR  11      26      34      55      71     116     221     527     
090915 SGMR  21      36      38      55      74     116     224     533     
090916 SGMR  12      26      35      54      71     113     225     522     
090917 SGMR  12      26      35      56      75     113     222     513     
090918 SGMR  11      26      35      54      74     110     215     516     
090919 SGMR  12      26      36      56      78     118     225     531     
090920 SGMR  12      26      32      57      76     117     224     511     
090921 SGMR  12      26      35      58      71     117     223     527     
090922 SGMR  12      26      36      58      78     121     228     519     
090923 SGMR  13      27      35      62      80     120     226     518     
090924 SGMR  12      27      35      60      76     119     221     529     
090925 SGMR  12      26      36      60      72     119     227     530     
090926 SGMR  12      27      37      59      73     117     218     534     
090927 SGMR  12      25      36      59      79     115     221     514     
090928 SGMR  12      26      35      60      72     119     227     529     
090929 SGMR  12      26      35      57      82     118     225     530     
090930 SGMR  12      26      35      58      74     119     228     513     
091001 SGMR  13      27      38      58      77     118     226     519     
091002 SGMR  13      27      38      58      73     131     229     528     
091003 SGMR  12      26      35      56      77     108     194     404     
091004 SGMR  13      27      36      57      75     117     217     524     
091005 SGMR  13      27      32      56      74     118     222     525     
091006 SGMR  12      26      33      55      74     114     215     526     
091007 SGMR  12      26      33      53      71     112     217     481     
091008 SGMR  12      25      32      55      77     128     223     527     
091009 SGMR  12      26      35      56      74     121     213     492     
091010 SGMR  11      25      35      55      72     113     215     516     
091011 SGMR  12      27      34      56      76     126     224     527     
091012 SGMR  12      26      35      55      75     121     217     532     
091013 SGMR  12      25      34      55      73     114     211     469     
091014 SGMR  12      27      35      57      75     115     219     528     
091015 SGMR  13      26      36      57      78     117     222     525     
091016 SGMR  12      26      36      56      81     116     226     520     
091017 SGMR  12      26      37      56      80     120     225     524     
091018 SGMR  13      26      35      54      78     110     194     433     
091019 SGMR  13      26      36      55      77     120     227     534     
091020 SGMR  13      27      35      55      71     120     214     529     
091021 SGMR  13      26      35      56      76     124     220     523     
091022 SGMR  12      27      36      58      75     121     222     532     
091023 SGMR  13      26      36      56      79     121     231     533     
091024 SGMR  12      27      36      60      78     118     212     469     
091025 SGMR  14      27      37      59      78     134     228     515     
091026 SGMR  14      28      37      61      81     129     218     534     
091027 SGMR  19      30      39      62      85     132     235     526     
091028 SGMR  16      28      36      61      85     125     210     484     
091029 SGMR  15      30      38      61      83     123     222     528     
091030 SGMR  25      31      38      57      77     123     221     529     
091031 SGMR  17      31      38      58      73     118     220     523     
091101 SGMR  14      27      36      57      75     126     225     523     
091102 SGMR  13      27      35      57      80     118     217     513     
091103 SGMR  13      26      35      58      74     121     222     524     
091104 SGMR  12      26      36      56      78     118     218     533     
091105 SGMR  12      26      36      56      77     118     225     505     
091106 SGMR  12      26      35      55      79     117     218     546     
091107 SGMR  12      26      36      55      76     117     222     534     
091108 SGMR  12      25      35      56      73     126     216     527     
091109 SGMR  13      26      35      57      76     117     226     520     
091110 SGMR  12      26      35      58      74     120     229     521     
091111 SGMR  12      26      37      57      78     121     223     527     
091112 SGMR  13      27      37      58      78     121     223     530     
091113 SGMR  12      27      37      58      77     123     227     531     
091114 SGMR  13      26      35      58      78     107     157     255     
091115 SGMR  13      27      35      58      78     124     221     443     
091116 SGMR  12      27      38      61      79     128     222     530     
091117 SGMR  12      27      39      61      89     121     221     536     
091118 SGMR  12      26      38      61      83     123     222     561     
091119 SGMR  14      28      40      64      85     130     221     533     
091120 SGMR  12      26      36      63      77     131     218     457     
091121 SGMR  12      27      39      62      81     128     223     526     
091122 SGMR  13      28      39      64      83     123     228     526     
091123 SGMR  13      27      38      62      81     120     223     513     
091124 SGMR  13      26      37      60      80     119     219     509     
091125 SGMR  15      27      36      59      83     117     215     499     
091126 SGMR  13      28      37      61      84     120     222     513     
091127 SGMR  14      26      35      58      81     110     183     303     
091128 SGMR  13      27      37      57      73     120     220     527     
091129 SGMR  14      27      36      57      76     117     216     524     
091130 SGMR  14      26      37      56      77     119     216     483     
091201 SGMR  14      27      37      56      83     117     221     530     
091202 SGMR  14      27      37      57      74     119     221     513     
091203 SGMR  12      26      35      57      76     119     227     520     
091204 SGMR  13      27      35      56      74     121     220     530     
091205 SGMR  14      27      37      54      77     119     228     499     
091206 SGMR  13      28      30      55      83     120     221     525     
091207 SGMR  13      27      37      54      75     117     226     513     
091208 SGMR  13      26      36      55      75     118     222     524     
091209 SGMR  13      24      36      53      77     110     204     407     
091210 SGMR  14      27      38      57      77     124     226     531     
091211 SGMR  14      27      39      58      90     116     235     533     
091212 SGMR  15      27      38      58      86     123     229     526     
091213 SGMR  12      14      34      60      82     127     230     522     
091214 SGMR  15      28      38      60      82     126     223     530     
091215 SGMR  10       9      25      63      90     129     232     518     
091216 SGMR  16      28      39      64      92     121     236     539     
091217 SGMR  24      31      40      65     109     128     310     536     
091218 SGMR  46      32      41      66     107     124     298     520     
091219 SGMR  23      35      42      67      97     136     295     534     
091220 SGMR                          65      99     124             531     
091221 SGMR  27      31      42      68      89     134     234     528     
091222 SGMR  23      30      43      66      90     131     250     529     
091223 SGMR  17      30      42      63      93     118     248     512     
091224 SGMR  17      28      39      62      78     129     231     506     
091225 SGMR  17      28      41      61      83     128     236     507     
091226 SGMR  15      27      40      61      84     126     230     501     
091227 SGMR  16      25      37      61      84     124     214     464     
091228 SGMR  15      26      40      62      83     130     230     509     
091229 SGMR  14      27      40      60      90     118     237     517     
091230 SGMR  14      27      39      61      87     117     234     508     
091231 SGMR  15      28      41      61      88     131     234     505     

