810101 SGMR  18      50     118     158     189     200     372     500         
810102 SGMR  21      46     111     141     180     190     354     463         
810103 SGMR  18      46     115     139     169     193     360     518         
810104 SGMR  15      40     112     130     161     182     351     511         
810105 SGMR  22      38     112     128     161     188     368     524         
810106 SGMR  28      42     102     124     151     178     347     509         
810107 SGMR  35      37     110     134     165     177     316     505         
810108 SGMR  25      45     106     129                             517         
810109 SGMR  43      49     109     127     160     178     322     511         
810110 SGMR  39      48     111     132     163     183     353     497         
810111 SGMR  25      48     109     131                             509         
810112 SGMR  22      46     108     121     154     174     338     495         
810113 SGMR  26      45     110     126     153     183     347     510         
810114 SGMR  21      40     110     123     150     173     330     496         
810115 SGMR  22      45     107     125     149     173     342     498         
810116 SGMR  20      32     109     123     151     179     335     508         
810117 SGMR  21      43     110     125     155     175     332     513         
810118 SGMR  21      39     107     124     157     178     323     518         
810119 SGMR  22      37     105     125     159     181     327     503         
810120 SGMR  20      38     109     123     162     181     328     516         
810121 SGMR  20      39     107     125     158     175     325     519         
810122 SGMR  21      42     112     133     152     174     327     515         
810123 SGMR  19      34     109     128     153     173     324     516         
810124 SGMR  18      36     106     131     152     174     330     519         
810125 SGMR  20      40     118     132     164     186     347     527         
810126 SGMR                                                                     
810127 SGMR  22      38     113     136     171     224     361     523         
810128 SGMR  22      41     115     147     217     249     413     553         
810129 SGMR                                                                     
810130 SGMR  27      47     119     146     205     218     374     618         
810131 SGMR  25      44     127     150     201     216     366     604         
810132 SGMR  23      41     107     132     165     187     345     518         
810201 SGMR  24      46     118     154     200     215     370     568         
810202 SGMR                                                         539         
810203 SGMR  69      60     139     159     206     214     370     614         
810204 SGMR  25      47     116     152     195     205     354     610         
810205 SGMR  72      68     123     154     187     210     368     610         
810206 SGMR  70      81     122     146     188     207     351     606         
810207 SGMR  34      53     124     137     187     214     369     606         
810208 SGMR  33      51     124     139     176     200     339     527         
810209 SGMR                                                                     
810210 SGMR  43      40     122     138     186     218             602         
810211 SGMR  43      40     122     138     186     218             574         
810212 SGMR  22      39     107     132                             598         
810213 SGMR  21      40     108             192     214     350     606         
810214 SGMR                         137                                         
810215 SGMR  26      38     117     124     184     195     349     601         
810216 SGMR                                                                     
810217 SGMR  18      35      86     129     176     193     329     599         
810218 SGMR  23      36     103     136     183     204     342     605         
810219 SGMR  19      39     105     127     168     185     342     592         
810220 SGMR  22      32     111     132     182     201     352     613         
810221 SGMR  20      37     104     134     188     213     364     602         
810222 SGMR  27      43     115             192     225     375     597         
810223 SGMR                                                                     
810224 SGMR  28      42     121     156     222     257     398     545         
810225 SGMR                                                                     
810226 SGMR                                                                     
810227 SGMR                                                                     
810228 SGMR                                                                     
810232 SGMR  39      45     115     140     189     210     358     591         
810301 SGMR                                                                     
810302 SGMR  34      40     118     172     236     241     384     624         
810303 SGMR  34      38     120     167     234     242     404     627         
810304 SGMR  24      43     115     167     241     249     388     629         
810305 SGMR  23      38     124     158     216     224     401     620         
810306 SGMR  25      36     117     155     206     213     396     605         
810307 SGMR  21      36     111     151     192     195     365     571         
810308 SGMR  19      43     116     148     193     206     370     607         
810309 SGMR  20      43     128     144     193     210     369     609         
810310 SGMR  22      40     119                                     610         
810311 SGMR  18      37     111     152     195     203     363     586         
810312 SGMR  20      38     113     148     191     196     347     609         
810313 SGMR  32      36      90     143     208     210     340     604         
810314 SGMR  27      42     125     152     206     214     383     620         
810315 SGMR  20      35     123     143     202     228     374     617         
810316 SGMR  20      35     118     140     188     209     347     599         
810317 SGMR  15      35     100                                     605         
810318 SGMR  19      33     117                                     605         
810319 SGMR  28      30      98     132     168     181     335     598         
810320 SGMR  46      38      96     134     170     195     352     581         
810321 SGMR  79      44     119     136     176     201     351     604         
810322 SGMR  64      51     131     144     187     209     368     612         
810323 SGMR                                                                     
810324 SGMR  26      37     109     135     181     203     363     605         
810325 SGMR  30      39     112     146     189     213     362     546         
810326 SGMR  21      36     121     144     190     223     358     606         
810327 SGMR  24      35     111     151     185     188     271     577         
810328 SGMR  21      35     106     149     197     225     373     620         
810329 SGMR                                                                     
810330 SGMR                                                                     
810331 SGMR  18      36      97                                     589         
810332 SGMR  28      38     114     148     198     212     364     603         
810401 SGMR  18      35      91     181     216     258     470     631         
810402 SGMR  18      42     100             226     212     345     607         
810403 SGMR  18      36     343     174     211     206     322     617         
810404 SGMR  21      35     111                                     616         
810405 SGMR  21      34      97     173     214     232     378     608         
810406 SGMR  19      36             182     225     236     394     626         
810407 SGMR                                                                     
810408 SGMR  65      63             219     309     320     482     673         
810409 SGMR  23      50             194     271     286     449     666         
810410 SGMR                                                                     
810411 SGMR  18      37             183     253     273     400     619         
810412 SGMR  23      40             180     238     246     401     632         
810413 SGMR  91      39             182     251     269     415     651         
810414 SGMR  27      35             172     255     266     394     602         
810415 SGMR                                                                     
810416 SGMR                                                                     
810417 SGMR  21      33             157     229     235     373     605         
810418 SGMR  31      37             167     218     230     358     617         
810419 SGMR  29                     149     218     222     347     612         
810420 SGMR  24      42             149     194     208     348     594         
810421 SGMR  20      32                                             621         
810422 SGMR  23      41             142     183     205     358     614         
810423 SGMR  21      39             149     195     213     395     632         
810424 SGMR  25      49             171     218     234     399     630         
810425 SGMR  32      40                                                         
810426 SGMR  23      39             142             199             617         
810427 SGMR  20      39             142             192             604         
810428 SGMR  21      40             140     181     173     316     600         
810429 SGMR  19      39             145     173     184             579         
810430 SGMR  21      29             142     167     179     327     580         
810432 SGMR  27      39     148     165     221     229     384     618         
810501 SGMR  18      36             151     175     183     349     588         
810502 SGMR  20      38             158     372     192     346     602         
810503 SGMR  20      38                                             608         
810504 SGMR                                                         610         
810505 SGMR  22      38             175     242     230     382     627         
810506 SGMR  23      40             175     237     228     368     616         
810507 SGMR  23      41             166     221     231     384     624         
810508 SGMR  26      40             160     237     225     364     616         
810509 SGMR  30      39             153     205     217     369     625         
810510 SGMR                                                                     
810511 SGMR  22      35             163     227     242     396     627         
810512 SGMR  23                     159     221     219     365     602         
810513 SGMR                                                                     
810514 SGMR  20                     153     217     223     371     604         
810515 SGMR  23      40             140     210     217     374     595         
810516 SGMR  53      53             149     207     221     368     600         
810517 SGMR          48                                             593         
810518 SGMR  21      51             145     200     200     349     593         
810519 SGMR  21      39             139     183     189     342     596         
810520 SGMR  18      50             137     169             327     595         
810521 SGMR  55      83             134     172     177     317     604         
810522 SGMR  34      37             126     164     163     269     586         
810523 SGMR  18      39             123     157     170     319     587         
810524 SGMR  20      38             115     164     178     332     604         
810525 SGMR                                                                     
810526 SGMR                                                                     
810527 SGMR  14      38             131     167     182     318     577         
810528 SGMR  14      37             133     172     185     337     589         
810529 SGMR  16      30             128     161     174     326     489         
810530 SGMR  14      32             131     158     168     321     588         
810531 SGMR  15      37             123     146     162     312     556         
810532 SGMR  23      41             144     199     198     346     596         
810601 SGMR  16      38             119     143     165     324     589         
810602 SGMR  13      38             113     135     156     309     578         
810603 SGMR  15      36             109     127     153     317     590         
810604 SGMR  15      33             111     126     145     292     574         
810605 SGMR  17      34             119     129     148     304     583         
810606 SGMR  14      33             108     129     154     310     565         
810607 SGMR  13      35             123     138     153     317     586         
810608 SGMR  13      35             125     139     157     320     588         
810609 SGMR                                                                     
810610 SGMR  14      35             134     148     161     313     583         
810611 SGMR                                                                     
810612 SGMR  15      34             132     145     157     304     573         
810613 SGMR                                                                     
810614 SGMR  18      37             142     148     162     316     582         
810615 SGMR  19      37             141     153     166     319     578         
810616 SGMR                                                                     
810617 SGMR                                                                     
810618 SGMR                                                                     
810619 SGMR                         144     151     167     330                 
810620 SGMR  16      36             140     147     167     319     573         
810621 SGMR  16      34             129     145     173     328     584         
810622 SGMR  18      38             145     165     195     345     593         
810623 SGMR                                                                     
810624 SGMR                                                                     
810625 SGMR                                                                     
810626 SGMR  71      53             163     191     201     347     609         
810627 SGMR  34      44             149     183     210     359     604         
810628 SGMR  18      36             137     179     199     349     597         
810629 SGMR                                                                     
810630 SGMR  19      44             136     165     190             596         
810632 SGMR  20      37             131     149     168     322     586         
810701 SGMR                                                                     
810702 SGMR                                                                     
810703 SGMR                                                                     
810704 SGMR                                                                     
810705 SGMR  15      41             127     140     158     316     578         
810706 SGMR                                                         576         
810707 SGMR                         127                                         
810708 SGMR                                                                     
810709 SGMR                                                                     
810710 SGMR  22      47             130     145     172     315     581         
810711 SGMR  17      41     108     139     151     171     322     588         
810712 SGMR  17      43             137     154     174     322     581         
810713 SGMR  17      41             144     167     191     334     565         
810714 SGMR  15      41             143     169     189     332     588         
810715 SGMR          39      98     157     185     201     355     602         
810716 SGMR  17      45     100     162     195     217     362     603         
810717 SGMR                                                                     
810718 SGMR  17      36      98     156     193     229     371     619         
810719 SGMR  38      43     109     170     205     227     409     614         
810720 SGMR  24      46     142     172     224     269     429     620         
810721 SGMR  56             128     174     217     267     438     626         
810722 SGMR                                                                     
810723 SGMR                         177                                         
810724 SGMR  25      50     112     184     243     305     452     634         
810725 SGMR  31      58     119     183     240     295     453     639         
810726 SGMR  39      69     126     202     271     327     500     664         
810727 SGMR                                                                     
810728 SGMR                                                                     
810729 SGMR  17      42      96     160     210     247     390     610         
810730 SGMR                                 196                                 
810731 SGMR  21      52      95     151     183     205     340     597         
810732 SGMR  24      45     111     158     194     226     379     605         
810801 SGMR                                                                     
810802 SGMR  19      42      93     131     164     188     327     590         
810803 SGMR  16      41      89     137                                         
810804 SGMR  21      38      90     132                                         
810805 SGMR  18      43      86     130     166     199     347     587         
810806 SGMR  20      50      94     128     148     190     343     581         
810807 SGMR  39      58      97     131     160     190     333     585         
810808 SGMR  32      49     101     143     167     199     338     593         
810809 SGMR          52      98     144     168     185     330     599         
810810 SGMR  17      43     102     151     174     193     333     588         
810811 SGMR  18      50     107     158     187     209     363     600         
810812 SGMR  17      41     103     163     198     223     373     611         
810813 SGMR  17      46     107     157     192     217     364     612         
810814 SGMR  14      54     110     159     189     221     366     608         
810815 SGMR  22      51     119     168     204     230     373     605         
810816 SGMR                                                                     
810817 SGMR  28      55     123     183     218     229     373     616         
810818 SGMR  27      41     127     189     219     235     370     626         
810819 SGMR  57      62     125     205     235     251     374     613         
810820 SGMR                                                                     
810821 SGMR  21      65     133     221     254     254     384     630         
810822 SGMR  17      50     124     214     238     231     372     616         
810823 SGMR  24      57     136     206     231     230     372     624         
810824 SGMR  17      46     122     210     240     233     380     613         
810825 SGMR                                                                     
810826 SGMR  15      41     114     214     257     252     384     627         
810827 SGMR  15      46     115     213     261     265     406     640         
810828 SGMR  16      47     115     202     250     264     395     638         
810829 SGMR  17      45     109     206     259     244     393     638         
810830 SGMR  24      50     117     198     233     240     387     632         
810831 SGMR  18      45     107     208     244     247     396     630         
810832 SGMR  22      48     110     174     210     224     367     612         
810901 SGMR                                                                     
810902 SGMR                                                                     
810903 SGMR                                                                     
810904 SGMR                                                                     
810905 SGMR                                                                     
810906 SGMR                                                                     
810907 SGMR                                                                     
810908 SGMR                                                                     
810909 SGMR                                                                     
810910 SGMR                                                                     
810911 SGMR                                                                     
810912 SGMR                                                                     
810913 SGMR                                                                     
810914 SGMR                                                                     
810915 SGMR                                                                     
810916 SGMR                                                                     
810917 SGMR                                                                     
810918 SGMR                                                                     
810919 SGMR                                                                     
810920 SGMR                                                                     
810921 SGMR                                                                     
810922 SGMR                                                                     
810923 SGMR                                                                     
810924 SGMR                                                                     
810925 SGMR                                                                     
810926 SGMR                                                                     
810927 SGMR                                                                     
810928 SGMR                                                                     
810929 SGMR                                                                     
810930 SGMR                                                                     
810932 SGMR                                                                     
811001 SGMR  24      59             188     205     213     372     609         
811002 SGMR  19      50             184     204     217     362     614         
811003 SGMR  19      43             176     190     199     350     593         
811004 SGMR  16      46             172             200     328     602         
811005 SGMR  17      44             179     192     210     349     597         
811006 SGMR                                                                     
811007 SGMR                                                                     
811008 SGMR  19      54             173     197     234     376     620         
811009 SGMR  19      51             166     190     225     374     613         
811010 SGMR  20      49             166     199     252     394     630         
811011 SGMR  25      69             173     204     255     417     654         
811012 SGMR  88       2             197     219     289     461     666         
811013 SGMR  77      65             195     239     312     448     664         
811014 SGMR  34      63             198     253     342     462     667         
811015 SGMR                                                                     
811016 SGMR  27                     231     275     359     502     607         
811017 SGMR  59                     218     275     349     458     648         
811018 SGMR  85                     212     280     356     471     655         
811019 SGMR  40                     207     258     311     441     641         
811020 SGMR  43                     199     245     311     446     650         
811021 SGMR  23                     186     222     277     411     380         
811022 SGMR                                                                     
811023 SGMR  29                     169     204     244     284     584         
811024 SGMR  16                     167     189     218     287     606         
811025 SGMR  16                     150     162     186     263     549         
811026 SGMR                                                                     
811027 SGMR  17                     157     160     188     253     588         
811028 SGMR                                                                     
811029 SGMR                                                                     
811030 SGMR  18                     186     183     217     288     589         
811031 SGMR  19                     185     189     233     290     596         
811032 SGMR  32      57             185     215     258     379     609         
811101 SGMR  25                     195     206     244     297     608         
811102 SGMR  26                     203     224     255     289     620         
811103 SGMR  28                     213     242     267     312     636         
811104 SGMR  95                     206     244     255     296     618         
811105 SGMR                                                                     
811106 SGMR  33                     206     229     244     285     588         
811107 SGMR  35                     223     233     245     309     607         
811108 SGMR  77                     230     220     231     287     628         
811109 SGMR  24                     215     214     243     290     613         
811110 SGMR  39                     201     229     246     332     597         
811111 SGMR  34                     202     204     230     284     613         
811112 SGMR                                                                     
811113 SGMR  32                     194     205     232     306     613         
811114 SGMR  22                     180     191     219     310     593         
811115 SGMR  18                     170     182     197             515         
811116 SGMR  16      44                                             471         
811117 SGMR  22                     163     163     194     277     559         
811118 SGMR  22                     154     157     185     279     552         
811119 SGMR                                                                     
811120 SGMR          44      91     141     146     180     261     459         
811121 SGMR          45      99     138     147     181     301     575         
811122 SGMR                                                                     
811123 SGMR          47     105     144     148     177     292     589         
811124 SGMR          48     103     139     147     176     294     586         
811125 SGMR          51     109     144     150     184     303     580         
811126 SGMR          49     110     165     170     201     313     591         
811127 SGMR          49     106     167     183     211     300     572         
811128 SGMR          52     111     171     194     223     312     583         
811129 SGMR                                                                     
811130 SGMR                                                                     
811132 SGMR  34      47     104     181     193     218     297     582         
811201 SGMR                                                                     
811202 SGMR          58     115     205             229     297     549         
811203 SGMR          49     113     206             244     337     618         
811204 SGMR          48     117     205             242     327     627         
811205 SGMR          52     126     231             266     371     631         
811206 SGMR                                                         598         
811207 SGMR          52     120     229             271     373     622         
811208 SGMR                         243     282     300     401     627         
811209 SGMR                                                                     
811210 SGMR          43     132     233     274     285     395     618         
811211 SGMR          51     129     220     257     273     366     618         
811212 SGMR          49     126     212     243     265     367     611         
811213 SGMR          49     131     186     214     230     323     610         
811214 SGMR  23                     174     191     211     325     595         
811215 SGMR          42      82     151     169     190     310     486         
811216 SGMR          41      80     135     152     170     297     580         
811217 SGMR                  79     132                     294     581         
811218 SGMR          45      65     127                     273     498         
811219 SGMR          45      73     118                     287     570         
811220 SGMR  18      49             120             156     290     561         
811221 SGMR          51      73     128             168     290     575         
811222 SGMR          46      76     133             172     282     552         
811223 SGMR          39      65     136             160     245     416         
811224 SGMR          45      81     151             179     293     577         
811225 SGMR          47      83     163             180     295     551         
811226 SGMR          43      87     160             180     293     588         
811227 SGMR          42      89     178             189     303     506         
811228 SGMR          43      95     175             203     312     598         
811229 SGMR                         226             244     421     623         
811230 SGMR                                                                     
811231 SGMR                                                                     
811232 SGMR  21      46      97     176     223     217     322     577         

