790101*SGMR  12.2    37.1    81.2   142.9   212.4   238     381     604         
790102*SGMR  20.1    39.6    80.0   151.2   210.7   247     384     609         
790103 SGMR  14.7    41.1    84.1   152.2   224.7   250     387     612         
790104 SGMR  14.5    40.2    89.8   153.2   202.0   235     384     607         
790105 SGMR  14.3    39.3    81.0   147.6   211.0   232     393     611         
790106*SGMR  14.4    39.2           145.3   207.2   230     386     599         
790107*SGMR  13.4    33.7           144.2   202.0   222     378     598         
790108*SGMR  17.1    38.9           147.8   200.0   225     377     601         
790109 SGMR  21.6    46.3    92.7   139.8   198.8   228     376     604         
790110 SGMR  29.0    51.1    91.0   136.8   197.1   226     371     603         
790111 SGMR  18.1    45.6    90.0   138.3   189.7   214     373     592         
790112 SGMR  30.8    42.3    85.7   138.6   181.4   210     382     597         
790113*SGMR  27.2    42.6           140.8   201.6   229     380     607         
790114*SGMR  30.0    42.2    77.6   144.4   202.6   240     380     612         
790115 SGMR  15.2    41.1    80.4   140.6   200.0   224     380     616         
790116 SGMR  18.5    43.1    77.0   138.1   206.7   232     374     606         
790117*SGMR  16.2    40.6    75.1   129.2   175.2   208     367     603         
790118 SGMR  15.1    36.1    78.0   125.2   191.4   219     390     611         
790119 SGMR  21.6    38.3    77.3   131.2   204.7   231     391     617         
790120 SGMR  14.2    38.4    77.4   136.4   203.6   236     396     601         
790121*SGMR  15.4    38.5    75.2   139.6   214.0   239     390     605         
790122 SGMR  14.9    37.0    79.4   147.1   226.5   242     383     609         
790123 SGMR  15.7    38.2    78.3   155.0   235.5   252     403     625         
790124 SGMR  14.4    38.7    79.6   151.3   216.2   233     375     608         
790125*SGMR          49.5    76.6   154.0   208.0   225     372     600         
790126*SGMR  14.8    27.5    71.4   150.0   200.0   220     370     597         
790127*SGMR  16.7    27.2    71.8   147.2   203.0   224     374     603         
790128 SGMR  22.6    32.6    72.6   141.8   206.4   234     378     611         
790129 SGMR          38.0    79.2   138.0   213.1   234     391     615         
790130*SGMR  16.0    36.9    77.5   142.5   212.5   224     388     609         
790131*SGMR  17.6    37.9    80.7   151.5   214.2   214     388     602         
790132 SGMR  18.1    39.3    80.0   143.3   206.4   230     382     606         
790201 SGMR  17.0    37.6    85.2   148.2   197.2   208     375     590         
790202 SGMR  10.5    19.9    82.1   146.2   193.6   224     374     612         
790203 SGMR  10.0    26.2    81.6   141.7   196.9   224     367     610         
790204 SGMR  12.4    25.4    91.4   134.0   194.3   217     367     601         
790205 SGMR  12.2    39.0    86.9   151.2   211.6   226     365     609         
790206 SGMR  12.4    37.6    86.5   154.8   220.8   238     376     608         
790207 SGMR  12.3    39.6    87.3   156.4   220.5   231     372     602         
790208 SGMR  13.3    28.9    89.1   158.0   227.5   233     383     614         
790209 SGMR  13.5    37.9    82.2   151.6   203.9   223     389     610         
790210 SGMR  12.9    38.3    88.9   155.2   207.6   240     419     625         
790211 SGMR  15.1    43.2    88.8   156.7   216.5   249     429     631         
790212 SGMR  35.3    31.0    84.6   143.6   206.5   242     406     613         
790213 SGMR  13.4    37.6    82.8   142.6   213.2   243     401     623         
790214 SGMR  12.9    42.6    83.9   140.2   231.5   261     433     645         
790215 SGMR  14.2    38.4    83.2   143.1   228.0   247     404     612         
790216 SGMR  24.4    38.6    88.4   149.5   235.5   260     425     615         
790217 SGMR  31.3    46.1    92.3   150.3   230.0   254     423     628         
790218 SGMR          62.6U  101.0U  160.0U  256.1U  289U    448U    656U        
790219 SGMR  33.2    44.3    91.2   164.5U  249.6U  285U    445U    634         
790220 SGMR  19.7    28.4           154.0   232.5   278     422     618         
790221 SGMR  27.6    24.8    71.7   145.1   234.0   265     414     629         
790222 SGMR  14.8    24.7                   212.7   253     421     629         
790223*SGMR  14.1    27.9    76.9   112.6   195.1   232     386     609         
790224*SGMR  11.7    22.9    79.8   108.9   179.0   214     367     601         
790225 SGMR  13.1    26.2    78.5   104.6   165.8   201     347     596         
790226*SGMR  13.8    40.5    80.6   109.3   154.4   195     328     585         
790227 SGMR                                 155.9   179     320     574         
790228 SGMR  11.7    21.8    78.4   102.9   170.1   194     352     599         
790232 SGMR  16.6    34.5    84.9   141.7   208.6   236     391     614         
790301 SGMR  11.2    22.7    83.8   106.0   168.7   203     357     603         
790302 SGMR  12.6    25.1    81.2   112.2   171.4   200     346     589         
790303 SGMR  12.5    23.4    83.6   114.0   170.6   200     355     597         
790304 SGMR  12.2    23.5    85.2   118.5   179.6   208     360     606         
790305 SGMR  12.2    24.0    88.6   126.1   200.1   223     371     608         
790306 SGMR  15.4    24.3    82.0   118.5   186.5   207     357     590         
790307 SGMR  12.7    22.2           120.9   180.2   195     356     579         
790308 SGMR  13.2    25.2    78.7   121.6   173.9   207     354     601         
790309 SGMR  13.6    24.4    78.8   115.1   174.5   207     361     610         
790310 SGMR  11.6    22.2           114.6   187.6   208     362     606         
790311*SGMR  15.1    24.1    80.0   122.5   181.4   213     372     612         
790312 SGMR  13.4    28.8    79.9   116.4   201.9   211     383     619         
790313 SGMR  12.4    25.4    82.5   121.1   184.2   207     380     620         
790314 SGMR  12.4    24.6    72.0   121.2   191.1   209     375     608         
790315*SGMR  11.8    25.7    74.6   119.8   179.3   205     370     610         
790316 SGMR  16.9    31.7    79.4   123.3   188.2   213     383     616         
790317 SGMR  12.1    22.5    73.5   114.6   190.0   207     375     608         
790318 SGMR  13.6    26.2    74.4   126.0   203.6   222     384     619         
790319 SGMR  10.6    23.0    77.1   118.2   191.9   221     379     612         
790320 SGMR  11.9    24.3    77.0   115.8   184.2   218     376     606         
790321 SGMR  14.2    20.5    77.6   110.9   182.9   213     369     600         
790322 SGMR  12.0    20.0    77.5   109.1   177.1   211     377     612         
790323 SGMR  13.6    26.0    79.1   111.3   187.1   222     377     612         
790324 SGMR  14.8    26.1    79.5   114.9   195.6   224     395     616         
790325*SGMR  12.6    25.9    81.2   117.3   190.3   232     389     627         
790326 SGMR  14.6    21.7    85.1   127.1   210.1   228     397     638         
790327 SGMR  17.3    33.0    98.3   119.6   193.2   225     394     617         
790328 SGMR  11.4    27.7    88.3   115.2   190.8   221     390     610         
790329 SGMR  12.0    29.4    84.7   119.3   202.5   221     377     598         
790330*SGMR  13.2    27.2    82.5   117.4   188.0   224     384     603         
790331*SGMR  50.6    40.9    95.2   128.6   209.9   240     389     609         
790332 SGMR  14.3    25.5    81.4   118.0   187.6   214     374     608         
790401*SGMR  10.5    20.0    82.6   128.8   205.5   246     374     604         
790402*SGMR  21.5    28.3    84.2   127.7   209.8   238     383     601         
790403 SGMR  25.3    29.9    86.5   121.1   201.4   232     367     599         
790404 SGMR  15.9    27.4    79.5   110.1   192.4   223     374     611         
790405 SGMR  10.6    26.0    76.6   107.3   186.1   215     367     606         
790406 SGMR  12.5    29.3    73.9   100.8   187.3   211     365     602         
790407 SGMR  12.0    26.5    71.3    97.0   169.5   201     368     609         
790408 SGMR  13.6    25.8    70.7    96.2   178.1   192     361     599         
790409*SGMR  13.0    25.7    71.3   105.6   178.7   197     365     605         
790410 SGMR  11.8    24.0    71.2   100.9   179.4   202     368     611         
790411 SGMR  11.8    24.5    71.0   101.6   178.2   196     364     617         
790412 SGMR  14.2    26.1    71.3   102.9   185.1   202     366     601         
790413 SGMR  12.8    26.7    71.9   106.3   182.0   201     371     603         
790414*SGMR  12.1    24.2    74.9   110.5   175.4   195     363     601         
790415*SGMR  10.8    25.6    76.8   109.3   179.1   194     356     598         
790416*SGMR  13.7    27.5    77.4   111.0   183.5   194     352     597         
790417 SGMR  12.7    27.4    74.0   104.6   171.3   195     365     599         
790418 SGMR  12.3    29.5    73.1   101.3   170.6   185     355     594         
790419 SGMR  12.6    30.5    78.1    96.9   168.2   189     342     582         
790420 SGMR  11.9    29.2    71.1    89.9   160.3   180     350     595         
790421 SGMR  13.4    32.6    71.2    89.6   151.4   184     352     579         
790422 SGMR  15.2    33.8    72.2    92.2   169.5   195     354     603         
790423 SGMR  18.2    47.7    72.2    89.9   163.6   194     363     598         
790424 SGMR  45.0    43.5    83.6    91.8   159.3   197     361     588         
790425 SGMR  18.4    42.2    76.9    94.5   166.7   194     345     593         
790426 SGMR  35.9    41.0    79.7   100.7   185.6   213     356     584         
790427*SGMR  32.3    42.0    93.9   112.7                           590         
790428 SGMR  16.7    29.6    80.6   107.0   192.5   205     376     596         
790429 SGMR  18.0    39.4    96.0   111.2   188.9   195     361     584         
790430 SGMR  15.0    42.6    79.0   109.0   193.2   212     373     601         
790432 SGMR  16.7    31.0    77.1   104.3   179.7   203     363     598         
790501 SGMR  18.1    39.2    78.6   103.7   191.0   195     360     592         
790502 SGMR  17.5    35.7    78.5   102.0   181.8   197     362     596         
790503 SGMR  11.5    32.0    74.8    95.3   171.2   187     357     586         
790504 SGMR  14.9    37.6    78.0   103.3   181.6   196     360     589         
790505 SGMR  20.5    38.2    77.1    98.1   172.4   187     348     601         
790506 SGMR  15.9    33.2    74.4    96.5   178.5   194     368     597         
790507 SGMR  14.4    31.8    77.0   102.2   188.0   203     361     606         
790508 SGMR  11.8    30.3    76.1   109.2   185.0   209     368     602         
790509 SGMR  13.2    31.6    75.1   106.3   180.8   203     372     591         
790510 SGMR  12.2    31.3    78.1   103.6   174.3   192     366     585         
790511 SGMR  13.1    40.3    82.7   106.1   177.6   206     378     587         
790512 SGMR  13.3    33.4    81.1   109.7   180.0   210     377     599         
790513*SGMR  11.9    36.9    85.0   113.9   188.0   208     374     589         
790514*SGMR  16.7    32.2    82.9   113.6   183.4   203     370     592         
790515*SGMR  16.7    35.2    80.7   111.4   182.5   203     369     595         
790516*SGMR  14.3    42.5    78.6   102.3   184.0   204     369     598         
790517 SGMR  15.5    36.4    79.2   102.5   197.1   212     388     611         
790518*SGMR  13.3    33.2    83.5   100.6   173.3   194     370     588         
790519*SGMR  13.9    30.4    72.0    94.3   158.7   187     355     580         
790520 SGMR  13.3    29.3    69.5    85.9   157.4   177     352     571         
790521 SGMR  11.3    32.3    64.8    87.8   156.4   181     347     584         
790522 SGMR  11.0    30.3    70.2    92.8   160.1   184     358     605         
790523*SGMR  18.5    35.5    73.2    97.1   162.1   178     344     592         
790524*SGMR  16.2    34.9    77.8   101.2   157.0   175     338     590         
790525*SGMR  11.7    30.9    74.9    99.0   153.0   173     336     584         
790526*SGMR  10.2    30.0    80.6    96.5   161.0   174     337     588         
790527 SGMR  11.5    31.8    76.1    96.6   153.4   173     338     590         
790528*SGMR  10.2    37.3    75.0    95.0   148.9   169     335     586         
790529 SGMR  13.3    33.4    75.0    93.3   153.1   175     336     588         
790530*SGMR  12.6    29.5    73.2    91.5   162.9   189     346     592         
790531 SGMR  13.6    34.1    80.1    96.4   172.8   204     357     597         
790532 SGMR  13.9    33.9    76.9   100.2   171.8   192     358     592         
790601 SGMR  25.9    33.0    74.4    98.4   194.1   236     419     620         
790602 SGMR          41.7    81.4   109.5   206.3   254     434     622         
790603 SGMR  32.2    39.2    81.8   112.6   217.9   268     421     610         
790604 SGMR  17.4    34.5    85.7   122.9   232.4   271     409     604         
790605 SGMR  34.1            87.3   123.9   234.9   254     422     598         
790606 SGMR  13.4    38.1    81.0   121.6   241.2   261     416     614         
790607 SGMR  24.4    45.7    85.6   122.7   238.2   266     414     617         
790608 SGMR  33.2    47.1    84.7   128.2   244.6   268     415     610         
790609 SGMR  22.7    41.4    86.4   128.7   241.3   276     423     610         
790610 SGMR  22.9    46.1    85.8   122.7   239.1   274     428     603         
790611 SGMR                         115.9   227.6   263     415     605         
790612 SGMR          44 6    80.5   105.7   219.3   250     413     607         
790613 SGMR                         101.5   190.9   229             608         
790614 SGMR  17.7    40.3    82.3    93.8   190.2   215     404     596         
790615 SGMR  13.5    36.6    73.9    91.1   174.6   199     376     579         
790616 SGMR  13.3    33.8    69.9    87.1   166.5   189     386     583         
790617 SGMR  14.6    33.7    69.4    87.6   159.3   186     371     574         
790618 SGMR  11.6    33.9    70.8    87.1   157.0   182     363     580         
790619 SGMR  14.7    33.4    67.8    79.4   145.0   170     366     588         
790620 SGMR  13.1    32.2    74.7    87.4   157.0   173     368     596         
790621 SGMR  12.4    33.6    71.3    85.9   147.5   170     367     591         
790622 SGMR  13.5    32.9    74.1    82.8   142.8   165     351     585         
790623 SGMR  11.9    28.6    66.7    82.8   140.0   162     351     568         
790624 SGMR  11.9    31.2    73.3    85.4   145.2   164     658     577         
790625 SGMR  13.0    33.1    73.0    86.3   150.0   167     368     583         
790626 SGMR  13.5    32.9    74.7    84.6   149.7   172     378     584         
790627 SGMR  13.8    34.2    76.7    91.9   154.3   180     378     589         
790628 SGMR  14.6    32.4    72.2    92.0   164.2   174     372     589         
790629 SGMR  12.8    31.8    74.7    95.0   166.6   184     384     595         
790630 SGMR  19.2    36.6    80.8   105.0   170.9   202     387     589         
790632 SGMR  17.7    36.4    77.2   100.7   187.0   214     392     596         
790701 SGMR  18.4    34.8    78.7   101.6   189.5   201     399     585         
790702 SGMR  13.7    36.6    82.1   115.4   219.8   229     412     611         
790703 SGMR  17.2    39.9    90.8   120.3   217.3   224     404     611         
790704 SGMR  22.7    40.9    92.2   124.0   223.6   229     416     611         
790705 SGMR  14.2    50.5    85.4   121.0   202.0   208     409     597         
790706 SGMR  14.2    37.6    86.6   121.4   211.3   216     421     603         
790707 SGMR  16.8    42.7    92.9   118.8   206.1   211     402     601         
790708 SGMR  15.5    32.8    84.3   109.7   205.1   213     405     600         
790709 SGMR                  87.7   108.5   197.2   209     405     599         
790710 SGMR                  82.3   102.6   184.1   202     393     604         
790711 SGMR                  80.0    97.5   173.7   196     377     608         
790712 SGMR                  74.5   106.8   162.7   182     365     595         
790713 SGMR                  72.0   110.0   158.1   175     368     581         
790714 SGMR                  70.0   106.0   153.0   171     358     569         
790715 SGMR                  70.0   103.7   145.0   166     349     573         
790716 SGMR                  71.2    97.9   137.6   162     345     569         
790717 SGMR                  68.5    98.4   136.5   161     347     577         
790718 SGMR                  73.0   100.8   136.5   159     342     565         
790719 SGMR                  75.0    99.4   139.8   167     355     589         
790720 SGMR                  85.0   104.3   143.7   169     351     577         
790721 SGMR                  90.0   105.2   145.8   173     347     576         
790722 SGMR                  89.0   109.4   148.6   181     364     576         
790723 SGMR                  95.0   108.5   160.2   182     358     584         
790724 SGMR                  84.5   117.9   163.9   202     379     599         
790725 SGMR                  79.9   111.9   159.5   184     369     569         
790726 SGMR                  87.4   115.6   161.7   188     383     561         
790727 SGMR                  85.9   118.1   156.3   176     355     568         
790728 SGMR                  75.3   115.3   156.5   181     354     560         
790729 SGMR                  78.8   104.2   152.8   161     359     557         
790730 SGMR                  79.6   108.6   157.0   175     361     568         
790731 SGMR                  80.4   105.0   146.7   170     356     558         
790732 SGMR  16.6    39.5    81.5   109.3   169.4   188     374     584         
790801 SGMR                  82     105     144     166     346     558         
790802 SGMR                  83     107     140     164     341     558         
790803 SGMR                                                                     
790804 SGMR                  80     106     136     162     342     550         
790805 SGMR                  73     100     136     162     337     570         
790806 SGMR                  76     107     141     167     341     563         
790807 SGMR                  75     108     143     173     363     576         
790808 SGMR                  75     108     153     177     383     558         
790809 SGMR  18              93     109     156     187     375     554         
790810 SGMR  20              78     114     149     179     357     518         
790811 SGMR  20              79     116     151     168     349     504         
790812 SGMR  18              77     111     128     163     304     507         
790813 SGMR  31              73     117     153     182     370     571         
790814 SGMR  19              69     129     170     204     379     581         
790815 SGMR  17              83     125     164     192     374     585         
790816 SGMR  27              82     122     161     184     373     566         
790817 SGMR  31              83     117     158     189     380     578         
790818 SGMR  25              86     131     172     205     398     593         
790819 SGMR  31              84     136     182     205     367     571         
790820 SGMR                                                                     
790821 SGMR  29              92     144     205     244     420     598         
790822 SGMR  22              83     147     216     250     438     605         
790823 SGMR  24              99     151     217     257     429     595         
790824 SGMR  30              96     151     215     250     414     571         
790825 SGMR                                                                     
790826 SGMR  36             118     170     246     282     443     658         
790827 SGMR  23              92     144     212     246     414     584         
790828 SGMR  26              93     141     206     231     406     593         
790829 SGMR  17              91     140     191     215     384     562         
790830 SGMR  21              84     134     185     201     367     573         
790831 SGMR  22              89     130     176     192     379     582         
790832 SGMR  24              84     121     172     200     378     571         
790901 SGMR  22              83     128     173     191     389     585         
790902 SGMR  23              80     126     178     202     372     580         
790903 SGMR  56              81     128     183     205     376     583         
790904 SGMR  34              87     133     179     199     393     573         
790905 SGMR  38              85     124     178     195     367     568         
790906 SGMR  34      55      80     129     179     197     342     531         
790907 SGMR  29      51      82     122     181     198     382     582         
790908 SGMR  24      51      79     122     182     195     366     566         
790909 SGMR  20              88     122     188     209     380     597         
790910 SGMR  22              80     124     186     205     380     571         
790911 SGMR  20              99     123     184     216     401     596         
790912 SGMR  21              83     121     179     195     376     566         
790913 SGMR  20      50      85     129     184     197     388     584         
790914 SGMR  35      47      91     138     191     216     383     565         
790915 SGMR  36      46      97     136     198     218     410     588         
790916 SGMR  28             102     137     198     226     423     595         
790917 SGMR  21              85     140     202     223     423     577         
790918 SGMR  20              77     136     215     233     424     598         
790919 SGMR  20      44      81     148     229     238     449     596         
790920 SGMR  18      40      89     146     227     235     433     589         
790921 SGMR  20             115     154     221     230     409     579         
790922 SGMR  19              87     142     203     219     375     568         
790923 SGMR                 110     151     239     230     416     573         
790924 SGMR  25      47     110     151     236     239     411     598         
790925 SGMR  23      42     104     160     231     229     404     596         
790926 SGMR          41      93     156     228             394     596         
790927 SGMR          43      88     142     221     221     414     608         
790928 SGMR          46      90     153     223     236     425     587         
790929 SGMR          51      88     144     212     240     407     574         
790930 SGMR          54      91     152     208     259     379     572         
790932 SGMR  27      47      90     137     201     217     396     581         
791001 SGMR          48      87     176     206     241     399     576         
791002 SGMR          46      81     172     210     242     405     589         
791003 SGMR          43      79     179     206     224     387     552         
791004 SGMR          52      83     157     207     235     425     601         
791005 SGMR          51      94     177     192     211     398     583         
791006 SGMR          53      98     175     191     211     393     589         
791007 SGMR          48     114     176     203     217     392     583         
791008 SGMR          52      95     176     210     219     405     584         
791009 SGMR          50     105     142     198     214     356     550         
791010 SGMR          38      97     140     199     212     361     542         
791011 SGMR          47      89     138     219     229     398     575         
791012 SGMR          42      85     142     226     229     412     588         
791013 SGMR          59      92     141     240     249     409     580         
791014 SGMR          44      95     149     242     250     441     615         
791015 SGMR          48      95     154     243     248     446     602         
791016 SGMR          46                     234     247     455     607         
791017 SGMR          45      93     156     238     263     456     593         
791018 SGMR          45             155     237     262     441     584         
791019 SGMR          57             155     247     252     455     617         
791020 SGMR          51             156     242     245     435     606         
791021 SGMR          49             156     223     233     412     583         
791022 SGMR          51             150     219     304     412     578         
791023 SGMR          48             154     215     224     407     578         
791024 SGMR          50                     233     237     418     577         
791025 SGMR          46                     219     228     420     588         
791026 SGMR          52                     205     209     415     582         
791027 SGMR          44                     216     230     405     585         
791028 SGMR          47                     220     228     406     557         
791029 SGMR          46                     218     223     412     580         
791030 SGMR          35                     223     231     414     577         
791031 SGMR          50                     223     234     413     585         
791032 SGMR          48      93     158     219     235     413     583         
791101 SGMR          49                     215     219     430     583         
791102 SGMR          45                     215     221     394     577         
791103 SGMR          50                     177     193     290     425         
791104 SGMR          47                     215     222     415     606         
791105 SGMR          54                     254     260     458     618         
791106 SGMR          71                     277     298     513     634         
791107 SGMR          62                     295     324     509     632         
791108 SGMR          66                     316     342     540     629         
791109 SGMR          62                     329     345     520     619         
791110 SGMR                                                                     
791111 SGMR          66                     340     352     535     620         
791112 SGMR          76                     290     301     451     568         
791113 SGMR          49                     255     269     411     551         
791114 SGMR                                                                     
791115 SGMR                                                                     
791116 SGMR          47                     240     240     432     600         
791117 SGMR                                                                     
791118 SGMR                         172                                         
791119 SGMR          43             164     225     235     426     586         
791120 SGMR          53             163     210     220     392     536         
791121 SGMR                         146                                         
791122 SGMR          45             159     191     197     395     537         
791123 SGMR          45             144     184     201     389     552         
791124 SGMR          44             143     178     198     372     555         
791125 SGMR          40             137     167     198     356     534         
791126 SGMR          39             126     164     175     349     519         
791127 SGMR                                                                     
791128 SGMR                                                                     
791129 SGMR                                                                     
791130 SGMR          40             123     159     181     371     549         
791132 SGMR          52             148     233     247     426     573         
791201 SGMR          42             116     170     191     380     557         
791202 SGMR          41             122     182     197     393     567         
791203 SGMR                                                                     
791204 SGMR          47             137     230     245     426     573         
791205 SGMR                                                                     
791206 SGMR          42             143     223     231     407     562         
791207 SGMR          46             148     224     228     416     577         
791208 SGMR          46             157     250     245     430     582         
791209 SGMR                                                                     
791210 SGMR          54             165     235     223     427     577         
791211 SGMR          48             166     237     234     420     582         
791212 SGMR          48             190     229     230     437     575         
791213 SGMR          48             196     247     240     421     532         
791214 SGMR          51             194     248     238     436     588         
791215 SGMR          45                     248     239     430     583         
791216 SGMR          44             165     229     240     428     579         
791217 SGMR          52             161                             581         
791218 SGMR          61             150     197     215     399     580         
791219 SGMR          60             148     189     215     413     568         
791220 SGMR                                                                     
791221 SGMR          48             137     191     215     402     583         
791222 SGMR          40             124     173     197     376     540         
791223 SGMR          41             121     169     195     363     541         
791224 SGMR          41             115     164     189     354     539         
791225 SGMR          39             123     153     180     323     512         
791226 SGMR          40             115     159     184     353     539         
791227 SGMR          37             121     160     182     367     543         
791228 SGMR          38             116     162     189     371     561         
791229 SGMR          38             128     179     200     394     571         
791230 SGMR          39                     189     199     373     575         
791231 SGMR          38             139     197     214     406     578         
791232 SGMR          44             144     201     213     398     565         

