860101 SGMR   9      18      49      52      63     101     290     542         
860102 SGMR   8      20      48      51      63      89     292     543         
860103 SGMR   9      19      43      54      66      91     286     501         
860104 SGMR  10      21      52      55      66      87     301     551         
860105 SGMR  10      21      47      50      64      87     285     505         
860106 SGMR  11      22      56      68      67      90     308     544         
860107 SGMR  12      23      54      57      61      85     301     542         
860108 SGMR  10      21      54      57      66      87     298     549         
860109 SGMR  17      22      54      57      71      86     297     533         
860110 SGMR                                                                     
860111 SGMR  12      45      70      56      69      90     304     543         
860112 SGMR  10      22      52      56      67      95     286     538         
860113 SGMR  12      22      57      57      70      97     294     537         
860114 SGMR  13      24      50      60      71     103     316     555         
860115 SGMR  10      23      56      57      69     100     317     551         
860116 SGMR  13      22      56      59      72     102     307     552         
860117 SGMR                                                                     
860118 SGMR                                                                     
860119 SGMR  11      20      41      55      67     102     272     460         
860120 SGMR   6      21      49      53      65      92     268     435         
860121 SGMR   8      23      43      52      64      83     261     543         
860122 SGMR          23      45      52      64     103     288     541         
860123 SGMR  10      20      50      52      64      90     300     554         
860124 SGMR   6      19      43      53      60      89     301     547         
860125 SGMR  10      21      48      53      62      89     303     528         
860126 SGMR  10      21      45      52      64      99     263     426         
860127 SGMR                                                                     
860128 SGMR          21      50      46      66      70     301     554         
860129 SGMR  12      21      50      57      68      95     304     549         
860130 SGMR  10      21      50      55      68     108     308     550         
860131 SGMR   3      24      47      57      74     101     304     558         
860132 SGMR  10      22      50      55      66      93     295     531         
860201 SGMR   1      26      50      68      77     108     290     568         
860202 SGMR   1      25      52      74      85     111     318     552         
860203 SGMR                                                                     
860204 SGMR  32      39      59      72      96     136     334     556         
860205 SGMR  47      41      58      74      89     129     296     443         
860206 SGMR  79      33      58      76      95     120     329     568         
860207 SGMR  61      26      60      73      90     124     328     568         
860208 SGMR  11      24      60      75      91     106     313     564         
860209 SGMR                                                                     
860210 SGMR  56      37      65      71      91     109     330     566         
860211 SGMR  21      23      56      70      89     128     321     558         
860212 SGMR  41      31      59      70      85     118     314     573         
860213 SGMR  29      23      54      67      83     118     326     567         
860214 SGMR  18      25      59      68      84     119     316     573         
860215 SGMR  14      21      51      61      78      98     306     569         
860216 SGMR   8      20      49      55      68      98     297     488         
860217 SGMR  12      20      45      53      64     100     291     510         
860218 SGMR  11      20      44      52      63      90     281     492         
860219 SGMR  12      20      41      51      64      97     297     532         
860220 SGMR  12      19      46      53      64      91     292     550         
860221 SGMR  12      19      46      52      64      98     282     469         
860222 SGMR                                                                     
860223 SGMR   7      12      27      51      66      94     275     552         
860224 SGMR   8      14      36      52      64     100     298     556         
860225 SGMR   7      16      41      55      67      95     301     564         
860226 SGMR  13      20      44      56      72     108     313     565         
860227 SGMR  12      20      51      59      75     106     309     564         
860228 SGMR  12      22      51      60      74     105     305     551         
860232 SGMR  33      23      50      63      78     108     306     545         
860301 SGMR  10      22      44      65      78      99     320     568         
860302 SGMR  17      25      58      68      85     104     310     566         
860303 SGMR  16      25      62      70      91     126     314     569         
860304 SGMR  13      24      57      71      86     108     308     561         
860305 SGMR  14      22      58      72      88     119     317     568         
860306 SGMR  15      29      57      77      95     115     327     565         
860307 SGMR                                                                     
860308 SGMR                                                                     
860309 SGMR                                                                     
860310 SGMR  11      21      51      65      79     114     307     555         
860311 SGMR  12      21      52      61      81     111     283     493         
860312 SGMR  10      21      55      61      73     100     292     569         
860313 SGMR  11      21      52      58      73      97     260     374         
860314 SGMR  14      21      48      56      68     103     295     539         
860315 SGMR  10      20      53      55      67      99     295     554         
860316 SGMR  11      19      48      54      67     104     301     556         
860317 SGMR  11      20      48      52      66     103     293     558         
860318 SGMR   9      20      50      53      68     101     300     550         
860319 SGMR                                                                     
860320 SGMR  10      20      48      54      67      99     304     568         
860321 SGMR  12      20      49      54      64     101     300     563         
860322 SGMR  10      18      48      52      66      92     301     558         
860323 SGMR  11                                                                 
860324 SGMR                                                                     
860325 SGMR  10      20      47      54      66      88     287     545         
860326 SGMR  10      20      49      55      68     105     292     554         
860327 SGMR  11      20      48      56      68     106     298     546         
860328 SGMR  11      20      49      55      68     105     301     558         
860329 SGMR  10      20      52      58      68     103             554         
860330 SGMR   9      21      49      57      68      99             549         
860331 SGMR  10      21      55      57      68      99             548         
860332 SGMR  11      21      51      60      73     104     300     548         
860401 SGMR  11      21      52      60      72     105     289     550         
860402 SGMR  11      21      44      57      72     103     293     547         
860403 SGMR                                                                     
860404 SGMR  11      22      54      58      68     106     304     553         
860405 SGMR  11      21      54      59      70      94     308     559         
860406 SGMR   9      21      50      57      69     102     301     535         
860407 SGMR   9      22      53      57      71     101     305     536         
860408 SGMR  11      17      35      57      70     104     305     403         
860409 SGMR  13      21      52      56      70     108     302     565         
860410 SGMR  11      20      52      56      70     107     299     561         
860411 SGMR  13      20      44      57      71      97     300     547         
860412 SGMR  15      20      53      59      72     136     292     555         
860413 SGMR                                                                     
860414 SGMR  13      20      51      59      73     109     293     558         
860415 SGMR  10      21      51      60      74     110     306     562         
860416 SGMR  12      20      53      62      72     110     305     562         
860417 SGMR  12      20      50      62      74     108     298     560         
860418 SGMR  11      20      48      60      69      98     304     558         
860419 SGMR   9      21      53      64      71     100     307     558         
860420 SGMR  10      20      49      61      68     101     304     558         
860421 SGMR  11      22      52      61      74     100     308     559         
860422 SGMR  11      21      52      63      75     109     286     555         
860423 SGMR  17      24      56      64      77      95     282     526         
860424 SGMR  49      53      81      66      85     122     309     547         
860425 SGMR  18      26      55      64      81     103     303     540         
860426 SGMR  37      28      51      63      85     121     312     540         
860427 SGMR  33      24      54      61      82     116     304     547         
860428 SGMR  17      22      49      62      79     112     301     570         
860429 SGMR  14      23      49      59      76     112     284     566         
860430 SGMR  16      22      50      58      71     108     298     553         
860432 SGMR  15      22      52      60      74     107     300     548         
860501 SGMR  18      25      51      59      72     108     296     556
860502 SGMR
860503 SGMR  10      19      48      56      70     101     293     532
860504 SGMR  11      20      50      56      70     108     303     562
860505 SGMR  10      20      46      56      69     103     285     540
860506 SGMR  11      19      51      54      68     105     301     515
860507 SGMR  12      20      46      55      69     104     292     545
860508 SGMR   9      20      50      55      68     102     269     540
860509 SGMR   9      20      51      56      68     104     303     562
860510 SGMR  11      20      60      58      72     108     289     561
860511 SGMR   9      20      48      57      69     106     303     563
860512 SGMR  10      20      47      56      66      89     273     514
860513 SGMR  11      19      50      58      70     106     298     559
860514 SGMR  10      20      53      59      71     106     289     561
860515 SGMR
860516 SGMR
860517 SGMR
860518 SGMR  11      21              60      78             296     567
860519 SGMR  10      21              65      80             277     552
860520 SGMR  11      21      49      65      82             292     563
860521 SGMR  12      21      50      64      77             291     541
860522 SGMR  10      22      52      65      81             240     494
860523 SGMR  15      21      54      65      79             288     571
860524 SGMR  11      19      50      64      76             272     565
860525 SGMR  10      21      50      65      78             293     555
860526 SGMR  10      22      51      62      75             288     575
860527 SGMR  13      42      50      62      72             283     568
860528 SGMR  10      20      47      62      72                     568
860529 SGMR  11      22      47      60      71             279     559
860530 SGMR  12      20      46      58      71             264     555
860531 SGMR  11      21      46      58      73             294     566
860532 SGMR  11      21      50      60      73     103     287     552
860601 SGMR  11      20      45      57      68             285     557         
860602 SGMR  10      18      29      53      63             238     548         
860603 SGMR  12      20      48      56      69             278     581         
860604 SGMR   6      19      43      54      67             287     562         
860605 SGMR  10      20      45      52      58             202     224         
860606 SGMR                          53      64             241     480         
860607 SGMR                          56      68             286     557         
860608 SGMR                          55      70             282     560         
860609 SGMR   8      18      37      57      68             284     568         
860610 SGMR  11      19      46      57      69             294     578         
860611 SGMR  12      19      44      57      68             275     527         
860612 SGMR                          55      65             248     476         
860613 SGMR  11      20      47                                     568         
860614 SGMR  12      21      47              72     104     281     570         
860615 SGMR  12      20      49              82     103     282     567         
860616 SGMR  13      21      47                                     558         
860617 SGMR  10      21      48              69     100     290     562         
860618 SGMR  13      18      49      56      70      99     279     565         
860619 SGMR  10      21      45      54      68      99     279     562         
860620 SGMR   9      16      26      53      65      88     229     430         
860621 SGMR  10      21      48      57      69     103     294     570         
860622 SGMR  13      20      45      55      66      97     270     559         
860623 SGMR  11      20      44      57      68      99     279     533         
860624 SGMR  13      19      45      54      66      99     286     551         
860625 SGMR  12      19      45      62      64      98     293     562         
860626 SGMR  31      20      43      52      65      97     284     559         
860627 SGMR  49      19      43      53      66      98     290     559         
860628 SGMR  13      20      44      52      66     102     273     556         
860629 SGMR  13      19      42      53      65      98     282     564         
860630 SGMR  12      19      44      53      65     101     292     555         
860632 SGMR  13      19      43      54      67      99     274     538         
860701 SGMR  11      19      42      53      64      98     281     557         
860702 SGMR  11      19      42      51      62      92     252     460         
860703 SGMR  12      19      44      53      65      98     290     559         
860704 SGMR  10      19      43      53      66      97     276     565         
860705 SGMR  10      19      42      53      66     100     284     553         
860706 SGMR  11      20      46      58      70     102     288     563         
860707 SGMR  13      19      44      55      68     102     267     559         
860708 SGMR  13      20      44      56      68     100     272     567         
860709 SGMR  11      20      44      50      69     102     284     559         
860710 SGMR  12      23      48      59      72     104     287     535         
860711 SGMR  12      21      46      59      74     101     287     566         
860712 SGMR  15      24      48      57      70     100     268     519         
860713 SGMR  20      22      49      58      70     102     290     537         
860714 SGMR  10      21      49      59      71     105     282     562         
860715 SGMR  13      21      46      58      71     102     290     560         
860716 SGMR   9      20      46      57      72     100     287     550         
860717 SGMR   9      21      46      59      70     102     280     569         
860718 SGMR   9      22      47      59      78     103     287     552         
860719 SGMR   9      18      46      57      71     102     289     566         
860720 SGMR   9      17      45      58      70     102     285     560         
860721 SGMR   9      18      42      58      69     101     275     558         
860722 SGMR   9      20      45      57      68     102     282     565         
860723 SGMR   9      19      43      55      67      99     271     564         
860724 SGMR  12      20      45      57      71     100     276     561         
860725 SGMR   8      21      43      56      74     101     278     560         
860726 SGMR   8      19      43      55      67      99     282     553         
860727 SGMR   9      19      45      55      67     100     289     552         
860728 SGMR  10      20      45      55      68     102     292     566         
860729 SGMR   9      20      44      57      67     103     299     565         
860730 SGMR  11      20      44      55      67      95     259     479         
860731 SGMR                                                                     
860732 SGMR  10      20      44      56      69     100     280     551         
860801 SGMR  14      19      37      57      68     100     288     553         
860802 SGMR  10      19      40      57      68     102     272     558         
860803 SGMR  12      17      39      56      68     102     288     546         
860804 SGMR  10      13      41      56      67     100     276     554         
860805 SGMR  18      15      36      57      68     103     281     561         
860806 SGMR  12      18      39      56      70     110     223     521         
860807 SGMR  11      16      35      55      68     111     238     509         
860808 SGMR   8      19      38      54      66     110     218     479         
860809 SGMR   9      19      38      56      70     113     234     524         
860810 SGMR                                                                     
860811 SGMR   9       9      15      54      68     109     222     504         
860812 SGMR  13       9      11      54      66     109     238     527         
860813 SGMR                          52      65     109     227     515         
860814 SGMR                          53      65     110     243     513         
860815 SGMR  10      21      38      53      64     109     237     515         
860816 SGMR  13      23      39      55      67     110     230     497         
860817 SGMR   6      23      39      53      69     112     230     498         
860818 SGMR   9      24      37      54      65     107     230     480         
860819 SGMR   6      23      40      54      66     109     237     510         
860820 SGMR   6      20      33      54      65     109     241     512         
860821 SGMR   8      19      34      54      66     109     242     515         
860822 SGMR   8      22      34      54      67     111     244     519         
860823 SGMR   7      20      34      54      67     111     252     517         
860824 SGMR   8      20      33      53      65     109     246     510         
860825 SGMR   7      23      34      53      65     109     237     517         
860826 SGMR   6      19      31      53      65     111     226     518         
860827 SGMR   8      20      34      54      63     109     235     500         
860828 SGMR   8      20      34      53      68     110     249     509         
860829 SGMR  10      23      36      53      69     109     245     526         
860830 SGMR   8      21      36      54      68     111     239     526         
860831 SGMR   7      21      33      54      68     110     243     517         
860832 SGMR   9      19      34      54      66     108     243     518         
860901 SGMR   9      44      34      55      68     111     237     509         
860902 SGMR   8      22      34      54      71     110     244     505         
860903 SGMR   7      22      34      53      67     109     239     507         
860904 SGMR   7      22      36      53      68     111     244     519         
860905 SGMR   8      22      35      55      69     110     245     522         
860906 SGMR   9      22      35      54      68     110     234     523         
860907 SGMR   7      21      35      54      68     110     243     519         
860908 SGMR   8      22      34      54      69     110     249     523         
860909 SGMR   7      23      36      55      72     109     241     524         
860910 SGMR   7      23      35      55      71     113     236     519         
860911 SGMR   7      19      32      53      68     109     227     512         
860912 SGMR   9      19      28      48      67     104     230     455         
860913 SGMR   7      17      27      49      68     103     225     471         
860914 SGMR   8      20      32      51      71     110     242     486         
860915 SGMR   8      19      32      51      71     112     234     484         
860916 SGMR   9      21      32      50      66     107     238     479         
860917 SGMR   8      19      31      49      63     107     231     487         
860918 SGMR   9      19      31      49      72     107     232     481         
860919 SGMR   9      17      32      48      69     105     233     473         
860920 SGMR   8      18      31      49      66     106     229     474         
860921 SGMR   9      20      28      48      63     105     232     455         
860922 SGMR   8      18      30      51      69     105     236     474         
860923 SGMR   9      19      27      48      66     106     230     448         
860924 SGMR   8      18      28      48      65     105     231     451         
860925 SGMR   8      19      31      49      67     107     226     480         
860926 SGMR   8      19      31      49      66     106     238     472         
860927 SGMR   8      21      33      49      66     106     235     490         
860928 SGMR   9      18      32      50      68     106     228     480         
860929 SGMR   4      18      31      51      71     108     232     472         
860930 SGMR   8      19      31      51      66     107     225     462         
860932 SGMR   7      20      31      51      67     107     234     488         
861001 SGMR   8      18      32      51      66     107     228     479         
861002 SGMR   8      22      32      52      67     109     235     472         
861003 SGMR   8      18      32      52      68     110     228     484         
861004 SGMR   8      18      32      51      68     108     224     479         
861005 SGMR   8      18      32      52      66     108     236     486         
861006 SGMR                                                                     
861007 SGMR   8      19      34      55      69     111     240     490         
861008 SGMR   7      19      34      53      74     111     238     486         
861009 SGMR   8      18      32      55      68     109     232     478         
861010 SGMR   7      18      33      53      67     109     237     488         
861011 SGMR   7      18      32      52      67     109     239     479         
861012 SGMR   8      19      33      53      70     109     235     478         
861013 SGMR   8      18      31      53      69     121     241     473         
861014 SGMR   9      18      30      53      68     110     228     470         
861015 SGMR                                                                     
861016 SGMR   9      19      34      54      71     115     233     486         
861017 SGMR  19      21      35      56      79     118     240     477         
861018 SGMR  14      22      37      59      83     127     250     489         
861019 SGMR  12      22      36      61      82     129     241     487         
861020 SGMR  12      21      37      60      89     134     243     486         
861021 SGMR   9      20      35      56      88     131     241     482         
861022 SGMR   9      20      36      63      95     132     237     486         
861023 SGMR  10      21      37      67      94     135     242     479         
861024 SGMR  12      21      37      67      95     129     235     488         
861025 SGMR  13      21      38      68      93     129     238     487         
861026 SGMR  14      22      39      65      93             246     462         
861027 SGMR  11      21      34      69      92     127     249     461         
861028 SGMR  13      22      39      67      91     127     244     478         
861029 SGMR  13      23      38      68      92     126     248     487         
861030 SGMR  16      22      33      68      89     128     250     479         
861031 SGMR  22      24      42      68      88     123     247     489         
861032 SGMR  10      20      34      58      79     119     238     480         
861101 SGMR  11      22      41      67      89     129     248     490         
861102 SGMR  15      22      36      63      80     125     239     455         
861103 SGMR   8      17      22      62      78     116     242     487         
861104 SGMR   9      20      37      61      79     120     238     482         
861105 SGMR   3      19      34      60      75     117     248     487         
861106 SGMR  15      18      29      57      72     108     225     443         
861107 SGMR   3      18      27      55      73     118     234     483         
861108 SGMR   9      19      33      51      71     112     227     449         
861109 SGMR   8      19      32      49      68     109     228     467         
861110 SGMR   7      20      33      50      67     107     233     485         
861111 SGMR   9      20      32      50      65     108     238     477         
861112 SGMR   9      20      30      51      68     108     231     484         
861113 SGMR   8      19      35      55      73     114     239     491         
861114 SGMR   9      19      35      52      70     110     238     490         
861115 SGMR   9      19      35      54      72     112     232     486         
861116 SGMR  12      19      34      54      72     111     229     478         
861117 SGMR  13      20      35      54      68     110     239     481         
861118 SGMR   9      18      34      55      69     109     230     481         
861119 SGMR   9      22      43      51      74     108     239     473         
861120 SGMR   9      19      40      55      66     109     244     477         
861121 SGMR  11      19      40      55      70     107     222     444         
861122 SGMR  12      20      43      55      72     112     233     490         
861123 SGMR   9      20      42      56      73     113     237     482         
861124 SGMR  12      20      44      57      73     115     235     474         
861125 SGMR  14      20      44      56      71     110     232     482         
861126 SGMR  12      19      39      55      69     104     207     328         
861127 SGMR  11      19      44      54      70     109     232     479         
861128 SGMR  10      20      43      54      68     110     236     483         
861129 SGMR  10      17      43      53      68     108     227     474         
861130 SGMR  12      18      43      52      68     109     236     487         
861132 SGMR   9      19      36      55      71     111     233     472         
861201 SGMR  11      16      43      51      56     109     238     478         
861202 SGMR  12      16      41      51      67     109     230     478         
861203 SGMR   9      17      39      51      62     107     224     447         
861204 SGMR   9      17      40      49      63     108     233     481         
861205 SGMR   9      17      40      50      63     106     232     425         
861206 SGMR   9      16      39      48      68     107     236     424         
861207 SGMR  12      15      39      49      72     105     236     476         
861208 SGMR  10      20      39      49      70     106     242     478         
861209 SGMR  10      17      41      50      65     107     237     436         
861210 SGMR  14      17      41      51      69     109     241     472         
861211 SGMR  10      17      41      52      78     109     248     484         
861212 SGMR  12      15      40      51      67     108     242     471         
861213 SGMR   9      16      43      52      69     107     238     434         
861214 SGMR  15      18      42      51      69     106     231     440         
861215 SGMR  11      18      41      52      70     109     258     475         
861216 SGMR  11      17      41      52      69     109     230     464         
861217 SGMR  11      17      42      52      68     108     244     464         
861218 SGMR  12      16      42              68     108     227     395         
861219 SGMR  11      20      41      52      68     104     228     424         
861220 SGMR  13      20      42      51      67     107     240     470         
861221 SGMR  13      21      43      51      75     106     238     476         
861222 SGMR  12      21      42      51      69     106     234     476         
861223 SGMR   9      19      42      51      68     104     231     465         
861224 SGMR  10      19      37      51      69     108     236     454         
861225 SGMR  10      19      36      50      67     108     227     441         
861226 SGMR  10      18      37      49      67     107     242     473         
861227 SGMR   9      19      41      49      68     106     239     415         
861228 SGMR  10      19      40      49      68     109     246     475         
861229 SGMR   9      19      40      49      67     108     240     476         
861230 SGMR   9      18      40      49      62     107     237     441         
861231 SGMR   8      19      40      49      68     110     239     470         
861232 SGMR  39      46      40      50      67     107     236     457         

