710101 SGMR  10.8            61.7    94.4   120.9   200     242     536         
710102 SGMR  10.3            60.7    95.7   124.0   202     244     539         
710103 SGMR  10.8            61.8    97.4   127.2   211     249     543         
710104 SGMR  12.0            63.5   101.2   130.5   212     256     535         
710105 SGMR  10.2            65.0   104.7   135.2   226     255     552         
710106 SGMR  15.9            66.1   105.8   137.5   227     259     535         
710107 SGMR  47.6            84.3   107.2   142.1   228     260     537         
710108 SGMR  17.8            69.1   105.6   140.0   225     259     533         
710109 SGMR  25.1            73.1   110.0   145.5   228     259     543         
710110 SGMR  47.0            68.3   110.2   143.1   224     267     543         
710111 SGMR  93.0            73.9   105.8   141.3   221     260     539         
710112 SGMR  82.7            68.4   110.5   142.9   224     261     547         
710113 SGMR  24.4            67.4   104.8   138.2   219     256     547         
710114 SGMR  21.2            71.0   111.0   145.0   225     265     537         
710115 SGMR  33.4            65.6   108.5   144.0   233     270     559         
710116 SGMR  15.3            71.7   113.9   152.6   240     269     564         
710117 SGMR  15.4            65.8   103.9   145.0   243     271     545         
710118 SGMR  16.9            64.2   101.9   148.5   258     271     539         
710119 SGMR  25.4            65.3   107.7   155.0   260     276     538         
710120 SGMR  62.5            66.1   107.7   163.6   258     267     537         
710121 SGMR  38.6            65.5   115.8   169.3   271     278     542         
710122 SGMR  14.8            65.9   117.4   169.8   259     273     540         
710123 SGMR  19.5            65.4   120.9   159.9   252     273     563         
710124 SGMR  12.7            68.3   118.3   167.6   259     272     551         
710125 SGMR  13.0            67.7   120.9   158.9   255     271     556         
710126 SGMR  11.9            63.2   113.6   155.5   247     263     548         
710127 SGMR  11.7            63.8   111.6   157.2   243     267     555         
710128 SGMR  13.5            68.6   112.6   157.2   245     267     555         
710129 SGMR  15.4            65.8   109.8   150.9   236     258     544         
710130 SGMR  49.3            70.7   110.2   154.0   246     266     544         
710131 SGMR  25.7            67.8   116.9   164.4   247     264     539         
710132 SGMR  26.6            67.3   108.9   148.0   236     263     545         
710201 SGMR  23.3            69.9   114.3   158.4   236     259     538         
710202 SGMR  13.6            68.0   115.4   154.1   239     268     540         
710203 SGMR  17.8            66.8   109.6   142.4   234     262     544         
710204 SGMR  14.8            66.2   104.1   143.7   226     256     536         
710205 SGMR  13.3            64.5   105.2   141.3   228     257     536         
710206 SGMR  17.0            64.7   100.2   136.6   222     263     542         
710207 SGMR  22.5            61.8    90.4   128.6   210     251     537         
710208 SGMR  17.5            60.2    81.4   118.2   196     243     531         
710209 SGMR  12.5            57.2    79.5   108.7   179     233     525         
710210 SGMR  11.9            55.9    73.9   105.9   172     233     529         
710211 SGMR  11.8            54.7    72.9   107.6   173     233     523         
710212 SGMR  11.7            55.0    74.1   108.9   177     234     529         
710213 SGMR  11.9            55.2    74.6   112.4   184     236     527         
710214 SGMR  12.8            56.1    78.5   111.9   177     235     522         
710215 SGMR  11.2            56.7    79.2   114.1   183     237     530         
710216 SGMR  12.2            59.9    84.4   126.0   195     245     537         
710217 SGMR  13.4            63.4    89.9   129.7   200     251     546         
710218 SGMR  11.9            62.5    87.9   124.5   199     254     533         
710219 SGMR  13.1            65.0    88.8   136.7   209     253     551         
710220 SGMR  12.0            62.8    94.1   129.0   201     238     546         
710221 SGMR  11.1            61.2    93.4   131.0   200             536         
710222 SGMR  10.2            62.8    96.1   139.2   212     254     543         
710223 SGMR  10.9            60.8    94.3   137.5   212     247     524         
710224 SGMR  10.9            61.1    95.7   138.5   208     252     536         
710225 SGMR  10.8            61.9    91.8   135.7   209     255     538         
710226 SGMR  10.9            59.3    90.0   126.6   207     247     529         
710227 SGMR  10.9            59.3    96.1   123.4   202     237     548         
710228 SGMR   9.4            59.2    89.0   122.4   209     254     524         
710232 SGMR  13.3            61.1    90.9   128.3   204     248     535         
710301 SGMR  11.8            59.2    86.2   122.5   194     246     528         
710302 SGMR  10.0            58.9    82.0   112.3   190     240     523         
710303 SGMR  11.0            59.3    85.1   108.7   183     242     531         
710304 SGMR  10.1            60.8    85.4   104.6   185     236     531         
710305 SGMR  10.0            59.0    81.8   100.1   176     240     521         
710306 SGMR  11.0            57.2    77.3   101.4   173     239     523         
710307 SGMR  10.8            57.4    74.8    94.4   170     235     518         
710308 SGMR  11.5            54.3    74.7    93.4   175     237     523         
710309 SGMR  10.7            54.8    69.3    89.4   169     236     518         
710310 SGMR  11.0            55.1    68.9    94.6   174     237     523         
710311 SGMR  10.8            55.0    76.2    96.6   151     213     509         
710312 SGMR  10.6            57.8    74.4   104.5   181     241     524         
710313 SGMR  10.9            56.8    73.4   102.7   177     235     520         
710314 SGMR  11.0            58.8    77.6   101.3   177     236     520         
710315 SGMR  10.6            59.0    78.7    97.4   177     230     523         
710316 SGMR   9.6            58.7    77.5   101.4   175     236     521         
710317 SGMR  10.6            56.6    78.5   101.0   178     240     521         
710318 SGMR  10.4            61.5    76.7   100.5   178     238     526         
710319 SGMR   8.3            60.1    76.4    96.4   172     236     524         
710320 SGMR  12.7            60.7    72.8    96.3   175     239     522         
710321 SGMR   9.8            58.6    76.8    97.0   174     235     523         
710322 SGMR  10.5            58.8    75.8    98.6   174     238     523         
710323 SGMR  10.2            55.9    70.2    94.3   175     232     521         
710324 SGMR  11.2            56.3    71.2    95.1   169     236     518         
710325 SGMR   9.4            57.0    68.2    96.0   171     238     522         
710326 SGMR                  54.5    68.1    95.4   179     231     520         
710327 SGMR  10.3            54.8    70.4    95.4   172     234     520         
710328 SGMR  16.7            53.9    72.8    91.8   170     232     520         
710329 SGMR  10.2            54.8    65.6    90.5   169     229     515         
710330 SGMR  10.3            54.6    66.0    85.6   167     229     516         
710331 SGMR  10.3            52.7    64.2    90.3   170     236     516         
710332 SGMR  10.7            57.2    74.7    98.4   175     236     521         
710401 SGMR  11.2            51.1    63.3    87.9   167     232     516         
710402 SGMR  11.4            52.6    64.6   101.2   176     236     526         
710403 SGMR                  55.4    66.8   100.1   172     229     510         
710404 SGMR  11.1            55.1    65.3   102.0   174     235     514         
710405 SGMR  11.7            54.3    69.0   103.1   175     236     520         
710406 SGMR  11.4            51.7    66.9   102.9   175     236     524         
710407 SGMR                  56.6    74.8   107.9   178     236     526         
710408 SGMR  13.8            56.0    70.5   104.2   175     236     520         
710409 SGMR  14.7            58.2    69.8   103.8   175     236     521         
710410 SGMR  19.5            53.9    71.3   104.4   176     235     520         
710411 SGMR  14.2            59.6    79.9   118.0   189     243     525         
710412 SGMR  23.0            60.6    81.3   125.1   194     243     528         
710413 SGMR  17.3            60.0    87.2   135.2   205     249     529         
710414 SGMR  13.6            63.7    90.0   136.5   197     247     525         
710415 SGMR  28.5            70.2    90.9   135.7   196     250     531         
710416 SGMR  17.3            66.1    92.0   135.6   194     248     526         
710417 SGMR  20.2            70.9    88.5   136.2   199     247     526         
710418 SGMR  13.6            62.4    90.8   135.9   199     248     528         
710419 SGMR  13.5            64.2    86.5   132.2   201     248     527         
710420 SGMR  11.3            59.8    85.5   132.2   205     247     531         
710421 SGMR  11.3            58.2    78.9   122.8   190     239     530         
710422 SGMR  10.7            53.1    72.7   115.9   189     238     528         
710423 SGMR  10.6            57.9    77.9   117.3   192     247     532         
710424 SGMR  13.0            52.9    67.0   105.2   178     244     527         
710425 SGMR  13.9            51.9    66.8    99.5   170     229     517         
710426 SGMR  12.9            50.6    65.5    99.3   169     231     516         
710427 SGMR  12.4            51.4    65.8    96.3   164     230     519         
710428 SGMR  11.4            51.7    64.1    94.1   161     224     515         
710429 SGMR                  49.8    64.5    90.1   157     221     508         
710430 SGMR   9.8            49.0    62.4    90.0   157     217     516         
710432 SGMR  14.2            57.0    74.7   112.4   182     238     523         
710501 SGMR   9.7            46.9    62.3    90.9   159     217     513         
710502 SGMR   9.7            47.9    63.5    94.5   166     226     519         
710503 SGMR                  50.7    67.9   100.2   171     228     532         
710504 SGMR  11.4            52.2    71.7   107.1   180     230     519         
710505 SGMR  12.7            54.9    71.8   112.8   193     242     527         
710506 SGMR  20.9            57.0    75.3   120.5   205     250     529         
710507 SGMR  28.5            62.2    72.7   123.1   217     251     530         
710508 SGMR  22.0            60.3    75.9   124.8   215     246     521         
710509 SGMR  38.2            60.9    87.2   127.9   215     245     532         
710510 SGMR  18.0            60.9    87.1   132.1   209     242     528         
710511 SGMR  11.7            61.8    82.8   132.1   210     247     529         
710512 SGMR  11.1            60.7    82.3   123.4   199     243     525         
710513 SGMR   9.9            61.1    85.5   120.8   191     238     524         
710514 SGMR   9.5            59.9    82.0   116.0   192     239     525         
710515 SGMR   9.6            60.6    76.0   112.9   180     234     521         
710516 SGMR   9.4            58.6    79.3   110.9   175     230     519         
710517 SGMR   9.0            56.1    76.1   110.6   175     231     520         
710518 SGMR   8.8            55.2    74.0   106.6   174     229     521         
710519 SGMR   9.2            52.0    74.1   106.6   176     231     517         
710520 SGMR   8.9            53.4    73.5   102.7   170     226     518         
710521 SGMR   9.0            49.5    67.3    98.3   165     218     507         
710522 SGMR   8.9            46.0    64.2    82.9   147     218     513         
710523 SGMR   8.7            45.5    57.6    82.8   151     222     507         
710524 SGMR   8.5            46.9    58.5    82.0   154     221     508         
710525 SGMR  10.1            47.1    60.3    85.8   160     221     510         
710526 SGMR  10.1            48.0    60.8    91.4   161     224     508         
710527 SGMR  26.7            50.2    66.2    99.0   171     232     513         
710528 SGMR  17.6            51.5    70.1   102.3   171     231     513         
710529 SGMR  12.3            52.3    69.7   103.0   172     233     518         
710530 SGMR  17.8            50.9    72.5   102.3   169     233     521         
710531 SGMR  15.4            50.1    72.0   104.3   176     233     518         
710532 SGMR  13.8            53.9    72.3   106.8   180     233     529         
710601 SGMR  14.5            51.7    69.9   103.0   170     235     517         
710602 SGMR                  52.0    72.3   102.9   168     226     521         
710603 SGMR  11.4            52.1    73.2   101.8   169     230     521         
710604 SGMR  12.2            54.5    74.1   102.7   170     231     516         
710605 SGMR  11.6            55.0    75.6   103.2   167     232     510         
710606 SGMR  11.4            52.4    73.2   101.0   166     233     514         
710607 SGMR  11.4            52.5    67.8    97.5   163     233     512         
710608 SGMR  10.8            56.2    66.2    96.5   161     229     506         
710609 SGMR  12.0            54.9    67.4    96.4   163     228     510         
710610 SGMR  11.9            48.6    64.3    92.3   160     229     509         
710611 SGMR  11.2            51.0    60.0    89.8   157     224     507         
710612 SGMR  11.4            48.4    57.8    88.4   155     228     513         
710613 SGMR  11.2            49.1    60.6    89.1   156     226     512         
710614 SGMR  11.7            48.9    61.9    90.3   158     227     513         
710615 SGMR  11.5            48.2    56.9    87.2   154     225     513         
710616 SGMR  12.2            46.1    58.6    85.8   152     226     517         
710617 SGMR  12.4            47.4    58.7    87.9   155     226     513         
710618 SGMR  11.9            46.8    57.9    89.9   155     224     511         
710619 SGMR  11.8            46.8    57.5    89.8   154     228     514         
710620 SGMR  11.6            48.0    60.0    88.6   152     228     508         
710621 SGMR  11.6            47.7    60.2    90.2   154     224     510         
710622 SGMR  13.4            49.1    62.2    92.2   159     224     515         
710623 SGMR  12.5            48.5    63.0    89.8   157     221     515         
710624 SGMR  12.8            50.3    66.1    98.1   170     223     519         
710625 SGMR  12.5            51.7    69.2   104.3   171     229     523         
710626 SGMR  11.8            51.9    70.8   109.4   179     231     525         
710627 SGMR  12.5            51.1    78.2   115.2   183     238     530         
710628 SGMR  15.4            54.4    82.0   124.6   195     247     533         
710629 SGMR  19.8            55.1    85.2   135.0   201     248     534         
710630 SGMR  14.5            56.1    83.5   139.0   210     253     533         
710632 SGMR  12.4            50.9    67.1    99.4   166     230     516         
710701 SGMR  12.9            58.0    85.0   135.9   203     246     532         
710702 SGMR  39.1            69.1    82.2   130.0   203     247     525         
710703 SGMR  17.6            54.0    75.3   120.9   194     236     519         
710704 SGMR  12.7            54.7    79.5   126.0   207     250     522         
710705 SGMR  14.0            55.1    77.6   125.2   206     252     523         
710706 SGMR  12.8            52.6    74.0   120.0   198     245     520         
710707 SGMR  13.0            53.0    68.3   112.1   186     245     510         
710708 SGMR  12.7            52.3    69.1   109.0   183     244     522         
710709 SGMR  11.8            48.7    62.6   100.7   171     234     517         
710710 SGMR  13.8            49.3    65.0   100.6   167     238     519         
710711 SGMR  13.4            48.8    67.0   103.7   172     237     518         
710712 SGMR  17.9            47.5    64.7   103.3   175     240     521         
710713 SGMR  22.8            48.1    68.1   105.4   176     238     519         
710714 SGMR  26.7            52.2    70.0   107.2   177     242     516         
710715 SGMR  40.6            53.2    73.6   116.1   185     250     517         
710716 SGMR  70.0            76.8    72.0   116.3   186     249     525         
710717 SGMR  31.6            50.5    73.5   112.9   180     243     517         
710718 SGMR  17.1            54.7    74.3   114.4   180     246     524         
710719 SGMR  52.0            54.6    81.0   121.4   185     242     538         
710720 SGMR  14.4            52.1    73.2   110.4   177     240     520         
710721 SGMR  13.4            51.6    71.3   104.4   169     243     516         
710722 SGMR  16.2            50.9    71.4   108.6   177     245     524         
710723 SGMR  11.9            51.3    75.2   114.2   189     253     526         
710724 SGMR  19.0            55.9    79.4   125.3   197     254     531         
710725 SGMR  17.1            56.3    78.6   115.8   184     244     521         
710726 SGMR  15.6            52.8    75.7   114.1   187     246     531         
710727 SGMR  20.8            53.2    73.2   110.5   181     241     531         
710728 SGMR  15.2            50.6    72.6   107.1   180     237     525         
710729 SGMR  13.1            50.8    71.0   106.9   176     235     528         
710730 SGMR  15.2            53.4    76.3   109.2   176     235     528         
710731 SGMR  14.5            51.0    71.9   105.3   173     232     522         
710732 SGMR  20.6            53.6    73.3   113.3   184     243     523         
710801 SGMR  13.2            51.4    69.8   103.5   173     230     514         
710802 SGMR  13.0            49.2    65.0   102.0   170     230     517         
710803 SGMR  13.4            50.3    68.6    99.3   166     229     508         
710804 SGMR  13.4            52.2    66.0    98.3   164     227     517         
710805 SGMR  14.0            49.4    68.0    99.5   167     230     517         
710806 SGMR  14.3            47.2    61.9    99.9   166     227     517         
710807 SGMR  13.4            48.8    60.4    97.1   164     230     526         
710808 SGMR  19.8            48.3    64.7   106.1   179     232     517         
710809 SGMR  40.9            52.2    66.3   104.8   175     236     521         
710810 SGMR  14.2            48.8    64.4   102.0   169     229     515         
710811 SGMR  13.8            49.8    66.3    99.4   165     230     513         
710812 SGMR  11.6            50.4    64.3    96.3   161     227     517         
710813 SGMR  11.6            49.8    64.9    96.3   162     229     520         
710814 SGMR  12.3            49.7    64.6    94.1   161     227     517         
710815 SGMR  11.8            47.7    63.8    93.0   161     225     520         
710816 SGMR  12.2            46.6    61.9    93.2   161     228     511         
710817 SGMR  12.4            48.0    63.5    97.9   165     229     518         
710818 SGMR  15.0            51.2    66.9   106.1   182     241     520         
710819 SGMR  21.9            54.9    71.7   118.9   205     255     524         
710820 SGMR  73.3            68.4    80.4   133.8   223     260     521         
710821 SGMR 109.8            71.1    82.7   140.7   234     263     523         
710822 SGMR 144.2            63.2    83.4   141.3   223     248     526         
710823 SGMR  81.7            59.3    83.8   140.5   226     253     527         
710824 SGMR 182.5            66.4    85.7   150.6   237     259     525         
710825 SGMR  40.8            57.0    81.6   134.3   209     245     520         
710826 SGMR  16.7            55.0    76.4   128.0   200     243     516         
710827*SGMR  23.5            55.9    80.7   129.3   199     237     520         
710828*SGMR  12.8            53.2    73.7   118.7   189     230     518         
710829 SGMR  14.3            50.9    66.2   105.5   176     232     523         
710830 SGMR  11.8            48.4    63.9    96.9   163     227     524         
710831 SGMR  11.7            47.2    58.8    90.3   160     223     514         
710832 SGMR  32.8            53.0    69.7   110.2   182     236     519         
710901 SGMR  11.3    27.1    47.4    56.7    85.4   129     252     514         
710902 SGMR  11.6    28.3    46.7    56.2    85.1   128     252     513         
710903 SGMR  10.7    27.6    47.6    58.1    86.9   130     250     516         
710904 SGMR  14.1    29.1    47.8    58.5    88.4   131     252     513         
710905 SGMR  11.4    26.9    46.3    58.4    88.1   131     250     511         
710906*SGMR  19.0    32.7    48.7    65.5    97.6   145     252     525         
710907 SGMR  27.7    32.4    48.9    66.8   100.2   145     257     517         
710908 SGMR  17.9    29.8    49.4    61.6    97.7   145     258     521         
710909 SGMR  17.4    32.7    50.1    60.6    91.6   137     254     518         
710910 SGMR  12.0    28.7    47.1    57.7    86.7   133     250     520         
710911 SGMR  11.5    28.0    45.2    58.1    84.9   128     249     521         
710912*SGMR  12.3    29.1    45.0    55.9    85.3   133     244     527         
710913 SGMR  11.1    27.5    45.5    62.4    92.3   140     247     522         
710914 SGMR  11.4    27.5    47.4    66.5   103.5   146     255     526         
710915 SGMR  12.8    29.9    49.0    70.7   109.7   153     262     530         
710916 SGMR  11.6    29.3    47.8    68.2   106.6   145     257     524         
710917 SGMR  12.3    27.7    50.2    74.3   108.8   146     260     522         
710918 SGMR  12.7    32.9    52.1    76.0   111.7   146     258     522         
710919 SGMR  12.4    31.8    51.7    74.3   106.8   145     263     522         
710920 SGMR  11.4    30.3    52.1    75.0   104.8   141     259     520         
710921 SGMR  12.4    29.9    52.4    77.3   106.0   144     254     523         
710922 SGMR  11.8    31.0    51.9    72.8   104.3   143     252     522         
710923 SGMR  12.4    28.9    49.7    71.0   103.9   142     261     530         
710924 SGMR  12.8    30.4    53.3    70.4   102.8   145     261     526         
710925 SGMR  12.8    30.2    49.4    67.7   103.5   145     266     528         
710926 SGMR  12.8    30.0    50.1    71.2   103.9   149     269     533         
710927 SGMR  12.4    30.3    50.5    73.1   109.8   154     276     538         
710928 SGMR  12.4    28.7    49.2    74.0   109.8   155     275     531         
710929 SGMR  11.9    27.3    48.8    71.8   107.5   155     271     521         
710930 SGMR  13.4    29.2    49.2    69.9   108.2   156     268     524         
710932 SGMR  13.3    29.5    49.0    66.7    99.4   142     258     523         
711001 SGMR  11.6    29.3    54.9    70.9   106.9   152     265     527         
711002 SGMR  12.5    30.2    49.1    68.0   107.4   150     265     529         
711003 SGMR  90.6    44.9    57.0    77.4   113.7   154     269     530         
711004 SGMR  13.9    33.3    51.2    68.5   102.9   142     269     526         
711005 SGMR  13.2    30.6    49.0    63.9   102.0   141             519         
711006 SGMR  12.3    29.4    48.5    65.7    99.3   138     263     519         
711007 SGMR  11.2    29.4    48.3    64.8    95.0   135     260     521         
711008 SGMR  13.1    28.2    48.3    63.1    96.5   132     259     521         
711009 SGMR  11.0    27.0    48.5    66.2    96.6   139     264     527         
711010*SGMR  11.1    29.4    47.5    64.0    88.7   132     263     527         
711011 SGMR  10.9    27.6    47.5    63.2    89.5   135     257     524         
711012 SGMR  11.0    29.6    48.8    64.0    90.5   133     260     519         
711013 SGMR  11.2    27.9    48.2    60.5    88.5   128     254     520         
711014 SGMR  11.2    30.3    48.6    59.9    85.3   128     253     518         
711015 SGMR  11.2    28.6    49.6    62.2    83.0   128     248     517         
711016 SGMR  11.4    29.1    48.7    62.0    83.9   128     248     513         
711017 SGMR  11.6    30.1    48.0    63.2    89.1   134     249     509         
711018 SGMR  12.4    30.0    47.3    63.1    93.9   142     258     512         
711019 SGMR  15.6    31.5    49.8    68.0   102.5   156     271     518         
711020 SGMR  18.7    36.9    52.1    72.3   115.9   171     283     522         
711021 SGMR  14.0    37.3    51.4    70.0   114.3   177     280     518         
711022 SGMR  15.9    41.9    50.1    74.7   116.0   178     283     522         
711023 SGMR  29.4    47.4    54.1    72.6   114.9   170     277     519         
711024 SGMR                  51.6    74.3   122.1   174     288     530         
711025*SGMR                  50.5    78.0   119.6   171     283     525         
711026 SGMR  14.3    32.9    50.4    74.1   113.6   161     272     525         
711027 SGMR  23.6    36.8    51.8    71.6   110.3   159     271     523         
711028 SGMR  21.4    33.9    51.5    73.4   104.4   150     263     521         
711029 SGMR  13.7    31.6    49.3    69.4   100.6   142     262     517         
711030 SGMR  16.2    32.3    50.6    71.7   102.9   145     265     528         
711031 SGMR  13.7    31.7    49.8    72.8   102.7   145     268     524         
711032 SGMR  16.8    32.4    50.1    68.2   101.7   147     266     522         
711101 SGMR  18.3    31.6    50.5    73.6   103.7   146     269     523         
711102*SGMR  13.6    28.0    49.0    77.2   103.7   147     269     523         
711103*SGMR  12.0    27.6    48.0    76.6   106.8   148     270     524         
711104*SGMR  11.4    29.6    48.9    73.5   108.6   151     268     530         
711105 SGMR  12.8    30.0    51.5    78.3   113.2   151     268     526         
711106 SGMR  12.2    30.3    49.4    76.0   105.3   142     264     515         
711107*SGMR  11.9    30.1    49.9    72.9   100.5   139     263     520         
711108 SGMR  11.8    31.4    50.3    72.9    99.2   138     259     520         
711109 SGMR  12.2    31.8    51.4    70.7    97.2   140     259     517         
711110 SGMR  13.5    32.6    54.8    74.8   101.4   140     264     520         
711111 SGMR  13.0    35.5    53.4    75.3   101.4   140     263     525         
711112 SGMR  12.8    32.9    53.7    73.4   100.4   140     262     526         
711113 SGMR  12.9    33.3    52.6    73.1    98.1   140     263     524         
711114 SGMR  12.6    30.3    50.2    71.9    99.2   141     265     530         
711115 SGMR  12.2    32.0    50.8    74.2    99.7   144     264     524         
711116 SGMR  14.9    33.3    52.1    73.3    98.9   145     266     522         
711117 SGMR  13.4    33.8    53.7    74.2   101.9   145     270     519         
711118 SGMR  25.7    33.8    53.9    72.4   100.7   146     272     519         
711119 SGMR  25.1    34.4    53.5    74.1   103.4   151     274     523         
711120 SGMR  14.9    33.9    50.6    74.5   107.5   154     272     522         
711121 SGMR  12.2    31.8    51.7    77.8   110.2   157     277     521         
711122 SGMR  14.7    31.4    51.3    80.5   117.7   162     280     530         
711123 SGMR  12.7    31.0    51.9    79.3   117.2   162     279     526         
711124 SGMR  11.7    33.6    53.2    81.7   120.2   165     283     531         
711125*SGMR  11.6    32.3    52.1    82.1   120.2   165     282     531         
711126 SGMR  11.3    30.4    52.7    84.5   124.5   171     277     533         
711127 SGMR  11.3    30.2    50.1    85.4   124.6   166     275     529         
711128 SGMR  10.3    29.8    52.5    87.6   128.9   170     276     524         
711129 SGMR  10.1    29.2    51.4    83.5   118.3   161     271     519         
711130 SGMR   9.8    28.6    50.3    81.6   113.4   155     268     524         
711132 SGMR  13.4    31.5    51.5    76.9   108.2   151     270     524         
711201 SGMR  10.2    30.2    51.0    80.8   114.1   157     270     523         
711202 SGMR   8.9    30.6    50.9    75.6   110.8   151     265     528         
711203 SGMR  10.5    30.8    50.1    73.0   107.4   150     269     528         
711204 SGMR  11.7    30.6    49.9    70.0   101.8   146     272     531         
711205 SGMR  26.7    36.4    54.8    75.3   110.5   155     271     534         
711206 SGMR  11.5    32.7    53.0    75.7   109.0   152     276     531         
711207 SGMR  12.7    36.4    54.5    80.1   110.0   156     273     524         
711208 SGMR  12.6    35.3    55.5    81.0   112.2   156     277     527         
711209 SGMR  14.2    35.3    56.6    85.8   115.9   160     284     533         
711210 SGMR  12.4    34.2    56.3    89.9   118.9   163     281     538         
711211 SGMR  17.2    38.4    57.1    89.8   118.1   166     284     539         
711212 SGMR  13.8    37.5    58.0    86.9   120.7   163     282     533         
711213 SGMR  26.2    41.5    57.2    87.5   121.4   160     278     523         
711214 SGMR                  55.6    85.9   115.9   155     278     525         
711215*SGMR  11.3    34.6    58.7    93.7   115.3   157     279     529         
711216 SGMR  12.6    31.3    56.9    85.1   113.3   155     280     534         
711217 SGMR  17.5    37.0    60.1    94.2   126.4   169     287     529         
711218*SGMR  13.7    35.2    59.3    95.6   127.6   166     284     530         
711219 SGMR  13.0    35.8            91.9   128.0   166     285     536         
711220*SGMR  13.2    33.3    55.9    96.4   129.5   162     283     540         
711221 SGMR  11.6    28.4    54.3    95.6   132.8   169     281     531         
711222 SGMR  10.5    32.0    56.2    98.6   135.1   170     285     531         
711223 SGMR  14.2    35.7    55.9    92.7   133.0   169     281     539         
711224 SGMR  10.7    31.3    56.6    97.1   126.2   165     281     539         
711225 SGMR                  54.2    93.1   125.8   159     275     541         
711226 SGMR  11.6    30.6    51.1    86.5   118.5   158     272     531         
711227*SGMR  10.1    29.4    51.7    87.1   118.0   154     270     536         
711228 SGMR  12.4    31.3    50.5    80.3   109.6   148     269     530         
711229 SGMR   9.9    31.1    50.8    79.1   106.9   149     270     536         
711230 SGMR  10.1    30.5    52.7    80.8   109.1   149     273     538         
711231 SGMR  12.1    33.6    52.3    78.3   104.0   149     286     527         
711232 SGMR  13.2    33.5    54.6    85.9   117.6   158     277     532         

