880101 SGMR  14      38      50      83      94     132     276     517     
880102 SGMR   9      51      50      87      83     126     260     517     
880103 SGMR  10              50      84      99     133     271     520     
880104 SGMR   9      35      47      73      90     122     275     498     
880105 SGMR  10      25      53      74      92     134     279     531     
880106 SGMR  11      32      52      75      95     132     270     525     
880107 SGMR  12      68      54      83     100     135     285     531     
880108 SGMR  11      54      53      80      96     135     268     517     
880109 SGMR  11      46      51      81      94     136     280     522     
880110 SGMR  14      15      48      80      92     132     283     508     
880111 SGMR  11      54      53      81      90     134     264     521     
880112 SGMR  12              55      84     104     145     285     530     
880113 SGMR  13      35      52      85      97     144     279     520     
880114 SGMR  19      30      57      84     105     147     337     535     
880115 SGMR  19      31      54      88     109     151     298     526     
880116 SGMR  17      28      53      91     111     152     274     534     
880117 SGMR  12      29      53      88     100     142     262     528     
880118 SGMR  13      29      50      88     101     140     261     434     
880119 SGMR  14      29      53      79      99     144     289     524     
880120 SGMR  11      28      52      84     104     141     278     493     
880121 SGMR                          82     104     139     262     527     
880122 SGMR  14      27      51      80      95     134     284     527     
880123 SGMR  12      28      50      78      98     132     274     523     
880124 SGMR  13      26      48      55      92     132     260     531     
880125 SGMR  12      26      42      72      86     127     251     501     
880126 SGMR  11      25      46      72      90     132     273     514     
880127 SGMR  12      27      49      74      92     132     267     533     
880128 SGMR  24      33      51      77      92     137     266     530     
880129 SGMR  23      29      51      76      92     134     291     533     
880130 SGMR  16      29      49      76      95     131     263     523     
880131 SGMR  19      29      47      78      93     136     278     527     
880301 SGMR  12      28      49      81      91     134     270     517     
880302 SGMR  18      27      48      83      92     133     282     488     
880303 SGMR  15      30      53      83      98     130     256     515     
880304 SGMR  14      28      52      80      91     124     240     455     
880305 SGMR  12      29      55      83      94     134     290     530     
880306 SGMR  11      28      53      84      93     135     276     532     
880307 SGMR  11      29      55      83      98     137     308     535     
880308 SGMR  11      28      52      83      96     135     272     527     
880309 SGMR                                                                 
880310 SGMR                                                                 
880311 SGMR                                                                 
880312 SGMR                                                                 
880313 SGMR                                                                 
880314 SGMR                                                                 
880315 SGMR                                                                 
880316 SGMR                                                                 
880317 SGMR                                                                 
880318 SGMR                                                                 
880319 SGMR                                                                 
880320 SGMR                                                                 
880321 SGMR                                                                 
880322 SGMR                                                                 
880323 SGMR                                                                 
880324 SGMR                                                                 
880325 SGMR                                                                 
880326 SGMR                                                                 
880327 SGMR                                                                 
880328 SGMR                                                                 
880329 SGMR                                                                 
880330 SGMR                                                                 
880331 SGMR                                                                 
880301 SGMR                                                                 
880302 SGMR                                                                 
880303 SGMR                                                                 
880304 SGMR                                                                 
880305 SGMR                                                                 
880306 SGMR                                                                 
880307 SGMR                                                                 
880308 SGMR                                                                 
880309 SGMR                                                                 
880310 SGMR                                                                 
880311 SGMR                                                                 
880312 SGMR                                                                 
880313 SGMR                                                                 
880314 SGMR                                                                 
880315 SGMR                                                                 
880316 SGMR                                                                 
880317 SGMR                                                                 
880318 SGMR                                                                 
880319 SGMR                                                                 
880320 SGMR                                                                 
880321 SGMR                                                                 
880322 SGMR                                                                 
880323 SGMR                                                                 
880324 SGMR                                                                 
880325 SGMR                                                                 
880326 SGMR                                                                 
880327 SGMR                                                                 
880328 SGMR                                                                 
880329 SGMR                                                                 
880330 SGMR                                                                 
880331 SGMR                                                                 
880401 SGMR                                                                 
880402 SGMR 131      40      56      81     124     149     248             
880403 SGMR                          80     122     154     252     549     
880404 SGMR  35      29      50      81     119     150     251     533     
880405 SGMR  30      29      51      77     111     141     238     561     
880406 SGMR  20      24      52      76     115     146     253     560     
880407 SGMR  31      28      53      80     117     147     249     546     
880408 SGMR  14      25      59      83     123     153     252     574     
880409 SGMR  22      26      56      87     124     149     255     570     
880410 SGMR  14      25      50      86     123     150     255     564     
880411 SGMR  17      25      56      88     131     150     247     554     
880412 SGMR  15      26      60      91     133     161     262     583     
880413 SGMR  59      27      64      90     130     153     256     578     
880414 SGMR  41      36      68      95     142     164     255     573     
880415 SGMR  12      13      49      90     186     143     253     490     
880416 SGMR  49      32      58      94     142     178     276     565     
880417 SGMR  50      38      68      93     141     172     269     567     
880418 SGMR  28      29      61      90     139     169     261     535     
880419 SGMR  50      42      68      88     134     162     262     574     
880420 SGMR  18      26      57      85     133     160     257     570     
880421 SGMR  19      26      47      85     124     152     258     578     
880422 SGMR  16      23      50      80     116     145     248     578     
880423 SGMR  14      23      40      76     108     138     248     574     
880424 SGMR  12      23      52      74     109     129     227     484     
880425 SGMR  12      21      47      71     102     135     243     562     
880426 SGMR  14      22      54      72     102     135     240     559     
880427 SGMR  12      22      48      70      98     129     231     549     
880428 SGMR  12      21      44      70      97     120     213     494     
880429 SGMR  13      23      47      71      99     128     236     553     
880430 SGMR  31      22      47      71     102     133     239     561     
880501 SGMR  21      24      55      75     108     137     234     542     
880502 SGMR  19      23      54      76     115     129             562     
880503 SGMR  17      23      50      80     121     153     254     572     
880504 SGMR  13      27      48      83     123     161     255     569     
880505 SGMR  13      25      47      83     121     155     251     584     
880506 SGMR          26      47      82     111     149     247     577     
880507 SGMR  15      27      49      82     109     145     252     591     
880508 SGMR  17      27      55      84     111     148     249     598     
880509 SGMR  16      27      59      86     119     151     251     586     
880510 SGMR  18      25      53      84     113     146     243     524     
880511 SGMR  15      24      41      81     110     125     206     500     
880512 SGMR  16      25      46      82     108     143     246     586     
880513 SGMR  15      25      53      77     104     139     242     574     
880514 SGMR  15      25      48      75     102     139     239     581     
880515 SGMR  18      25      50      72     100     139     239     578     
880516 SGMR  28      25      50      70     100     137     239     572     
880517 SGMR  32      26      47      71     101     139     242     573     
880518 SGMR  20      40      43      72     104     140     235     572     
880519 SGMR  21      26      50      68     101     133     225     480     
880520 SGMR  23      25      47      72     104     143     248     527     
880521 SGMR                                                                 
880522 SGMR  23      26      42      77     110     146     249     596     
880523 SGMR  15      25      51      82     115     152     244     593     
880524 SGMR  18      20      40      84     117     154     248     582     
880525 SGMR  13      26      48      84     122     147     228     396     
880526 SGMR  17      26      51      85     125     160     249     587     
880527 SGMR  39      27      49      88     125     160     251     584     
880528 SGMR  30      27      49      90     126     158     241     574     
880529 SGMR  26      28      47      94     133     172     257     592     
880530 SGMR  18      27      55      92     139     170     244     556     
880531 SGMR  17      28      55      96     146     181     266     608     
880601 SGMR  13      28      57     100     153     185     263     568     
880602 SGMR  15      29      58      97     145     181     266     626     
880603 SGMR  12      29      58     101     149     181     274     592     
880604 SGMR  15      30      59     107     153     183     270     581     
880605 SGMR  18      29      60     110     154     185     280     571     
880606 SGMR  23      29      59     108     155     185     273     573     
880607 SGMR  21      30      57     110     162     190     266     577     
880608 SGMR  27      33      66     111     163     190     268     582     
880609 SGMR  19      30      60     106     162     186     269     547     
880610 SGMR  22      28      57     101     146     170     265     582     
880611 SGMR  19      29      58      97     138     160     257     572     
880612 SGMR  16      27      54      93     121     150     244     552     
880613 SGMR  15      26      52      88     115     145     231     542     
880614 SGMR  15      25      48      85     113     143     232     547     
880615 SGMR  19      26      47      83     115     148     240     550     
880616 SGMR  16      25      52      85     120     154     244     555     
880617 SGMR  25      27      55      86     121     157     257     589     
880618 SGMR 114      32      55      86     121     156     260     585     
880619 SGMR 110      27      52      85     117     152     258     595     
880620 SGMR 161      37      52      84     115     153     251     578     
880621 SGMR  56      42      91      87     120     154     249     597     
880622 SGMR  31      29      44      90     126     164     272     647     
880623 SGMR  24      33      53      89     130     170     274     712     
880624 SGMR  39      32      60     101     155     220     355     792     
880625 SGMR  17      30      60      96     149     205     317     733     
880626 SGMR  61      38      71     113     183     240     354     816     
880627 SGMR  25      33      62     103     161     215     320             
880628 SGMR  52      37      62     130     220     296     391     748     
880629 SGMR  66      39      66     115     186     271     402             
880630 SGMR  35      35      65     112     187     270     360     748     
880701 SGMR  36      41      66     122     198     267     354     736     
880702 SGMR  73      54      70     119     196     255     328     736     
880703 SGMR 190      50      71     116     186     241     304     752     
880704 SGMR  32      35      64     112     179     224     285     725     
880705 SGMR  27      35      55     106     171     215     286     734     
880706 SGMR  21      32      58     102     156     200     278     596     
880707 SGMR  19      32      59      97     149     186     263     585     
880708 SGMR  29      34      59      92     138     177     260     584     
880709 SGMR  21      32      57      89     133     167     264     585     
880710 SGMR  25      32      59      91     136     167     260     582     
880711 SGMR  16      29      54      95     141     170     258     594     
880712 SGMR  20      31      54      91     137     164     249     572     
880713 SGMR  14      30      53      94     142     180     279     596     
880714 SGMR  16      29      55      99     151     189     274     606     
880715 SGMR  15      29      56      96     147     194     284     589     
880716 SGMR  23      30      56     102     154     197     275     590     
880717 SGMR  28      34      62     101     162     201     273     598     
880718 SGMR 145      54      61      99     155     199     273     607     
880719 SGMR  25      27      55      92     141     175     258     561     
880720 SGMR  25      31      57      94     143     174     267     587     
880721 SGMR  28      30      56      90     143     166     238     506     
880722 SGMR  34      40      57      95     142     175     269     563     
880723 SGMR  20      29      57      96     143     173     264     595     
880724 SGMR  20      30      56      98     143     166     263     569     
880725 SGMR  24      29      56     101     142     164     261     593     
880726 SGMR  19      30      55     103     149     177     268     591     
880727 SGMR  42      32      61     107     164     195     285     586     
880728 SGMR  19      31      64     112     176     197     265     562     
880729 SGMR  56      36      63     116     178     210     272     591     
880730 SGMR  33      36      60     118     187     214     274     581     
880731 SGMR  53      33      58     122     192     210     275     529     
880801 SGMR  45      43      63     119     181     205     280     588     
880802 SGMR  31      32      63     124     190     213     288     580     
880803 SGMR  21      36      59     116     179     205     276     705     
880804 SGMR  17      31      57     108     164     191     264     572     
880805 SGMR  21      31      56     105     156     183     259     542     
880806 SGMR  12      29      55     105     160     190     267     580     
880807 SGMR  22      32      55     106     169     197     270     494     
880808 SGMR  32      35      56     110     181     217     284     562     
880809 SGMR  27      33      55     113     183     214     275             
880810 SGMR  31      36      57     113     180     220     290     582     
880811 SGMR  12      36      57     106     172     191     276     561     
880812 SGMR  10      26      40     103     168     178     265     556     
880813 SGMR  14      31      54      99     158     170     262     555     
880814 SGMR   8      29      51      96     148     160     261     542     
880815 SGMR  14      31      53      95     143     151     253     550     
880816 SGMR  18      29      53      93     136     152     266     572     
880817 SGMR  27      32      55      96     125     150     269     531     
880818 SGMR  24      27      55      92     115     145     256     577     
880819 SGMR  20      30      54      92     113     141     254     478     
880820 SGMR  39      32      55      91     110     139     255     543     
880821 SGMR  16      30      55      90     107     132     239     502     
880822 SGMR  18      29      55      90     107     134     246     564     
880823 SGMR  27      33      61     117     147     149     255     580     
880824 SGMR  32      31      56     103     122     149     263     544     
880825 SGMR  24      31      58     109     134     157     269     574     
880826 SGMR  23      31      59     115     141     161     263     564     
880827 SGMR  26      33      62     123     149     171     275     588     
880828 SGMR  23      31      60     128     157     178     280     543     
880829 SGMR  80      35      58     132     170     194     290     503     
880830 SGMR  88      37      64     134     170     193     290     484     
880831 SGMR  48      36      62     135     173     197     293     484     
880901 SGMR  39      33      61     133     168     187     287     532     
880902 SGMR  14      29      62     133     165     182     276     539     
880903 SGMR  20      31      57     127     159     179     272     568     
880904 SGMR  17      35      60     125     156     178     279     504     
880905 SGMR  15      31      56     119     157     172     278     499     
880906 SGMR  19      31      56     103     157     186     278     511     
880907 SGMR  16      30      58     106     146     162     271     476     
880908 SGMR  13      31      58     107     125     150     258     474     
880909 SGMR  20      30      52     100     118     140     242     443     
880910 SGMR  24      27      39      96     112     133     236     476     
880911 SGMR  23      31      50      96     107     138     252     478     
880912 SGMR  41      35      58      98     113     142     255     468     
880913 SGMR  81      40      55      98     116     143     254     458     
880914 SGMR  68      33      55      97     118     144     270     476     
880915 SGMR  36      33      52      95     118     142     250     483     
880916 SGMR  39      30      54      92     115     143     248     477     
880917 SGMR  20      29      52      97     123     149     253     482     
880918 SGMR  21      29      53      99     126     150     259     474     
880919 SGMR  27      28      51      99     127     152     258     476     
880920 SGMR          46      59     109     140     163     267     480     
880921 SGMR  58      40      56     113     145     164     267     489     
880922 SGMR  31      37      62     124     167     182     285     521     
880923 SGMR  18      30      54     132     162     179     283     521     
880924 SGMR  13      37      61     133     161     177     281     530     
880925 SGMR  15      31      62     134     159     175     277     523     
880926 SGMR  37      32      60     132     156     173     278     506     
880927 SGMR  53      37      60     139     178     202     310     536     
880928 SGMR  17      30      58     129     154     172     274     508     
880929 SGMR  20      31      57     132     156     171     276     503     
880930 SGMR  24      34      62     129     159     176     275     501     
881001 SGMR  24      34      61     131     168     189     288     509     
881002 SGMR  18      34      60     134     175     199     301     548     
881003 SGMR  84      46      62     139     174     214     313     593     
881004 SGMR  32      35      61     131     171     200     306     516     
881005 SGMR  43      43      67     134     174     200     312     511     
881006 SGMR  52      44      72     134     173     197     303     590     
881007 SGMR  72      49      67     129     164     194     304     589     
881008 SGMR  42      40      63     126     152     168     251     510     
881009 SGMR  34      35      59     128     159     191     297     576     
881010 SGMR  28      38      57     127     159     191     306     548     
881011 SGMR  42      34      57                                     485     
881012 SGMR  21      34      61     118     152     181     284     523     
881013 SGMR  29      33      56     113     142     168     278     518     
881014 SGMR  24      33      58     112     136     158     267     560     
881015 SGMR  39      31      53     112     132     159     267     573     
881016 SGMR  22      30      48     112     146     167     262     571     
881017 SGMR  12      30      57     124     157     185     285     597     
881018 SGMR  26      41      56     113     146     175     272     566     
881019 SGMR  21      33      60     116     150     187     289     599     
881020 SGMR  21      32      54     114     152     186     281     547     
881021 SGMR  19      31      59     115     156     196     287     530     
881022 SGMR  21      31      59     115     157     197     274     496     
881023 SGMR  20      35      57     118     157     194     273     577     
881024 SGMR  42      39      57     119     163     191     264     549     
881025 SGMR  34      37      59     114     153     187     267     586     
881026 SGMR  42      41      59     114     145     180     266     591     
881027 SGMR  36      35      61     120     153     181     269     577     
881028 SGMR  21      34      60     118     150     179     274             
881029 SGMR  21      34      65     118     147     172     274     602     
881030 SGMR  25      32      65     122     155     184     299     619     
881031 SGMR  25      32      61     119     146     175     290     604     
881101 SGMR  20      33      63     139     179     205     326     581     
881102 SGMR  35      34      63                                     567     
881103 SGMR  36      38      62     120     152     187     299     594     
881104 SGMR  40      37      61                                     574     
881105 SGMR 150      49      67     119     151     190     296             
881106 SGMR  66      47      62     115     147     179     292     574     
881107 SGMR  46      34      58     113     141     173     288     568     
881108 SGMR          56      56     111     137     168     296     563     
881109 SGMR          63      72     113     143     175     289     578     
881110 SGMR  23      35      54     109     137     169     276     579     
881111 SGMR  27      33      60     110     140     172     278     589     
881112 SGMR  20      32      59     113     146     174     280     589     
881113 SGMR  19      33      60     118     152     185     291     564     
881114 SGMR  22      38      60     127     164     194     290     556     
881115 SGMR  20      33      66     122     159     183     286     541     
881116 SGMR  27      36      62     131     174     193     287     527     
881117 SGMR  30      33      58     124     164     167     249     466     
881118 SGMR  22      32      60     118     152     170     296     545     
881119 SGMR  17      31      57     113     139     164     273     541     
881120 SGMR  18      29      50     106     131     146     248     444     
881121 SGMR  22      31      60     113     141     167     273     539     
881122 SGMR  19      30      59     118     149     175     283     554     
881123 SGMR  19      32      58     106     129     156     266     547     
881124 SGMR  19      31      57     105     127     154     267     546     
881125 SGMR  19      31      55     102     126     156     268     546     
881126 SGMR  18      32      55     106     131     160     273     547     
881127 SGMR  16      31      57     107     131     160     267     535     
881128 SGMR  22      28      52     103     128     148     244     412     
881129 SGMR  15      30      49     105     129     160     271     544     
881130 SGMR  16      31      60     108     132     159     274     547     
881201 SGMR  18      36      62     114     139     164     273     546     
881202 SGMR  26      39      67     117     136     165     274     542     
881203 SGMR  24      38      60     114     138     163     268     542     
881204 SGMR  27      33      62     112     136     164     273     546     
881205 SGMR  22      34      70     119     147     172     280     543     
881206 SGMR  22      33      66     120     148     169     276     511     
881207 SGMR  36      35      62     123     145     167     277     550     
881208 SGMR  12      32      63     125     154     172     279     542     
881209 SGMR  25      49      69     127     154     176     277     548     
881210 SGMR  30      34      62     126     156     174     272     526     
881211 SGMR  27      36      68     135     167     192     301     554     
881212 SGMR  19      35      58                                     474     
881213 SGMR  26      40      67     139     169     198     299     478     
881214 SGMR  24      35      63     145     187     216     316     453     
881215 SGMR  26      35      67     144     195     231     332     495     
881216 SGMR  26      41      71     158     215     245     344     491     
881217 SGMR  39      40      73     156     220     266     366     476     
881218 SGMR  51      42      70     156     219     250     340     468     
881219 SGMR  58      47      74     159     220     257     359     498     
881220 SGMR  27      38      75     159     221     265     356     489     
881221 SGMR  46      45      69     157     224     264     346     491     
881222 SGMR  33      42      73     157     229     275     362     505     
881223 SGMR  23      38      67     150     216     256     347     472     
881224 SGMR  38      43      69     145     203     236     328     480     
881225 SGMR  33      41      65     142     194     214     312     465     
881226 SGMR          58      75     138     188     212     317     479     
881227 SGMR  35      39      69     137     185     216     306     475     
881228 SGMR          44      69     136     186     222     307     488     
881229 SGMR  34      37      66     132     178     203     303     479     
881230 SGMR  17      32      61     122     162     183     285     476     
881231 SGMR  15      32      60     120     160     182     285     476     
 
