920101 SGMR                         146     232     267     317     609     
920102 SGMR  30      58     101     148     239     286     318     591     
920103 SGMR  26      65     100     157     251     310     332     591     
920104 SGMR          37      60     159     253     294     309     561     
920105 SGMR  64      48      65     157     246     307     334     583     
920106 SGMR          57             155     236     294     327     584     
920107 SGMR          63             161     243     295     328     596     
920108 SGMR  26      52     114     157     246     298     335     604     
920109 SGMR  22      57     112     150     245     293     320     563     
920110 SGMR  18      53     105     140     217     259     302     561     
920111 SGMR  24      51     104             206     255     325     598     
920112 SGMR  23      50     100     126     177     224     292     582     
920113 SGMR  22                     123     174     221     293     579     
920114 SGMR  21      32      49     118     166     195     234             
920115 SGMR  22      49      99     117     160     205     277     568     
920116 SGMR  19                     112     149     197     274     562     
920117 SGMR  17      49      96     109     147     192     269     552     
920118 SGMR  20      50     102     111     143     189     269     557     
920119 SGMR                         111     149     197     274     557     
920120 SGMR  22      47     101     116     158     201     273     557     
920121 SGMR  26      60     105     118     163     206     275     564     
920122 SGMR  21      52     102     123     164     203     276     574     
920123 SGMR  18      32      51     133     184     213     275     403     
920124 SGMR  26     104     106     129     171     212     285     574     
920125 SGMR  23      56     111     133     189     238     305     600     
920126 SGMR  96      85     130     135     196     254     320     602     
920127 SGMR  32                     143     213     267     330     601     
920128 SGMR  37                     150     227     291     341     582     
920129 SGMR                         161     254     315     359     617     
920130 SGMR  53      83     156     170     266     331     365     615     
920131 SGMR                         189     288     337     369     608     
920201 SGMR  72      88     145     195     301     333     375     611     
920202 SGMR  62      91     144     195     302     343     392     625     
920203 SGMR                 160     171     262     327     367     639     
920204 SGMR                         161     239     293     338     612     
920205 SGMR                 176     158     230     276     329     616     
920206 SGMR  44      72     133     169     253     293     373     610     
920207 SGMR  57      74     133     159     245     278     329     588     
920208 SGMR  29      70     129     137     222     265     314     579     
920209 SGMR  37      73     126     142     228     278     322     602     
920210 SGMR  50      69             124     231     285     330     602     
920211 SGMR  35      64     121     144     223     265     308     585     
920212 SGMR  29      60             150     226     262     320     585     
920213 SGMR  23      54     116     134     192     241     297     570     
920214 SGMR  30                     131     193     253     306     575     
920215 SGMR  27      67     127     133     196     260     312     575     
920216 SGMR  51      52      82     134     197     253     315     588     
920217 SGMR          80     131     135     196     254     312     580     
920218 SGMR  37      69             132     195     252     303     573     
920219 SGMR  19      41      64     129     190     241     304     525     
920220 SGMR  27      65             125     193     245     303     575     
920221 SGMR  18      59             143     216     260     322     595     
920222 SGMR  21      71     130     158     240     277     342     596     
920223 SGMR  26      61             153     237     281     333     596     
920224 SGMR  40      70     134     160     244     297     350     592     
920225 SGMR                         183     273     313     367     589     
920226 SGMR                         162     243     297     338     558     
920227 SGMR          73     138     169     243     281     330     607     
920228 SGMR  25      66     133     163     233     279     334     606     
920229 SGMR  29      67             150     210     254     316     591     
920301 SGMR  23      65     124     140     195     239     300     576     
920302 SGMR  23      62             129     177     217     288     576     
920303 SGMR          37             116     158     201     275     568     
920304 SGMR  21                     115     157     199     275     578     
920305 SGMR  18      38             108     149     190     265     570     
920306 SGMR  18      37      74     107     148     191     264     567     
920307 SGMR  17      24      30     107     150     179     246     480     
920308 SGMR  20      24             121     181     229     284     563     
920309 SGMR  16      31      61     115     167     202     273     571     
920310 SGMR  15      31      62     118     167     200     273     569     
920311 SGMR  14      23      38     118     161     187     258     499     
920312 SGMR  15      38      79     119     159     194     269     568     
920313 SGMR  15      38      78     121     160     198     269     569     
920314 SGMR  17      43      82     131     171     203     276     574     
920315 SGMR  31      51      83     127     168     202     276     575     
920316 SGMR  28      42      82     117     157     193     269     573     
920317 SGMR  19      38      78     114     157     196     269     569     
920318 SGMR  15      38      78     113     157     194     271     575     
920319 SGMR  14      39      79     117     173     186                     
920320 SGMR  17      41      79     121     165     203     270     573     
920321 SGMR  20      44      84     124     176     211     286     551     
920322 SGMR  18      39      82     119     155     192     263     570     
920323 SGMR  18      39      85     120     161     203     269     492     
920324 SGMR  21      42      85     124     169     211     281     585     
920325 SGMR          62      88     129     181     232     298     593     
920326 SGMR  45      51      86     121     176     226     282     573     
920327 SGMR  42      42      72     124     178     225     284     573     
920328 SGMR  45      27      41     123     180     229     285     554     
920329 SGMR  24      44      86     124     186     244     297     577     
920330 SGMR  34      49      83     118     182     230     283     572     
920331 SGMR                                                                 
920401 SGMR  25      50      76     114     176     221     284     579     
920402 SGMR  18      40      75     103     160     208     279     572     
920403 SGMR  37      43      70     101     156     210     279     580     
920404 SGMR  16      40      72     100     154     199     269     580     
920405 SGMR  14      39      72     101     156     201     274     580     
920406 SGMR  37      43      73      95     140     182     258     566     
920407 SGMR  21      37      72      96     139     181     257     560     
920408 SGMR          43      74     104     148     185     262     563     
920409 SGMR  18      34      75     101     143     183     259     564     
920410 SGMR  28      38      72     101     141     180     258     568     
920411 SGMR  18      23      39     105     144     166             462     
920412 SGMR  18      26      43     103     143     184     263     565     
920413 SGMR  20      39      77     105     145     189     263     572     
920414 SGMR  20      42      83     108     150     193     266     575     
920415 SGMR  16      40      83     106     148     189     262     572     
920416 SGMR  13      40      81     114     159     200     270     575     
920417 SGMR  19      22      40     122     180     218     278     561     
920418 SGMR  15      24      45     127     189     237     295     551     
920419 SGMR  17                     129     194     242     301     520     
920420 SGMR  24      43      87     134     201     239     290     587     
920421 SGMR  14      39      82     131     202     238     289     590     
920422 SGMR          41      64     129     181     219     272     582     
920423 SGMR          57      79     124     174     210     275     582     
920424 SGMR  20      41      82     120     164     202     277     574     
920425 SGMR  17      25      37     118     158     198     273     454     
920426 SGMR  15      36      83     108     146     188     270     579     
920427 SGMR  19      34      77     105     142     182     261     577     
920428 SGMR                          95     133     174     258     573     
920429 SGMR  15      34      69      92     134     180     259     578     
920430 SGMR          44      70      88     130     174     248     567     
920501 SGMR  30      46      69      89     135     174     251     565     
920502 SGMR  23      33      66      89     133     176     253     569     
920503 SGMR                                                                 
920504 SGMR  22      36      68      86     132     179     252     567     
920505 SGMR  21      37      72      89     134     189     260     570     
920506 SGMR  17      40      71      87     130     181     253     568     
920507 SGMR  16      36      74      90     131     177     253     572     
920508 SGMR                                                                 
920509 SGMR  15      21      34      88     129     171     248     523     
920510 SGMR  15      36      76      92     131     167     255     562     
920511 SGMR  17      36      76      88     125     168     248     563     
920512 SGMR  14      35      73      90     126     167     248     557     
920513 SGMR  14      26      50      90     126     165     248     562     
920514 SGMR  16      37      77      92     129     169     250     571     
920515 SGMR  15      36      79      88     123     166     250     568     
920516 SGMR  15      37      73      86     117     159     244     562     
920517 SGMR          36      73      84     114     156     241     564     
920518 SGMR  16      35      74      88     119     163     242     540     
920519 SGMR  16      34      77      94     131     181     260     585     
920520 SGMR  16      36      74      94     137     187     263     580     
920521 SGMR  16      37      74      96     142     193     264     578     
920522 SGMR  18      36      71      97     144     202     271     585     
920523 SGMR  15      37      72      96     144     195     264     586     
920524 SGMR  15      34      70      90     133     192     269     566     
920525 SGMR  14      33      68      85     125     186     266     570     
920526 SGMR  13              65      81     120     176     256     565     
920527 SGMR  13      31      62      79     115     170     252     568     
920528 SGMR  14      31      62      77     110     165     246     561     
920529 SGMR  13      30      61      73     108     155     236     565     
920530 SGMR  14      30      57      69     102     146     235     561     
920531 SGMR  13      30      58      69      99     146     235     556     
920601 SGMR  13              28      68      99     136     215     543     
920602 SGMR  14      32      56      69     104     148     233     557     
920603 SGMR  16      31      59      73     110     156     236     566     
920604 SGMR  15      30      58      74     109     151     231     571     
920605 SGMR  19      22      33      79     116     160     236     540     
920606 SGMR  15      21      32      80     119     157     236     522     
920607 SGMR  16      33      60      81     120     160                     
920608 SGMR  15      31      59      83     117     158     243     564     
920609 SGMR  21      32      62      85     123     164     245     574     
920610 SGMR  24      35      66      88     127     160     248     573     
920611 SGMR  18      36      68      93     130     167     249     574     
920612 SGMR  17      33      66      91     128     168     246     574     
920613 SGMR  18      33      66      93     127     171     250     577     
920614 SGMR  17      37      69      93     125     168     250     572     
920615 SGMR  16      32      65      91     121     159     249     573     
920616 SGMR  16      34      67      90     120     183     247     576     
920617 SGMR  16      32      67      92     126     159     247     572     
920618 SGMR  15      32      64      88     121     162     244     578     
920619 SGMR  15      30      61      84     118     164     244     574     
920620 SGMR  15      29      58      79     108     142     212     523     
920621 SGMR  16      30      58      81     121     165     243     569     
920622 SGMR  18      36      60      79     120     173     249     567     
920623 SGMR          45      62      80     124     188     274     585     
920624 SGMR                          74     112     160     228     472     
920625 SGMR  15      31      56      75     116     172     253     575     
920626 SGMR  13      28      53      72     111     167     250     576     
920627 SGMR  20      29      53      74     112     158     241     570     
920628 SGMR  12      28      54      74     115     167     254     581     
920629 SGMR  25      32      56      73     112     166     241     572     
920630 SGMR  19      30      54      75     123     173     256     578     
920701 SGMR  17      30      56      79     129     182     251     577     
920702 SGMR  21      32      59      83     136     180     251     576     
920703 SGMR  18      33      63      90     145     192     257     574     
920704 SGMR  15      30      55      90     141     186     247     539     
920705 SGMR  16      33      66      95     154     201     269     570     
920706 SGMR  15      33      64      96     155     211     276     591     
920707 SGMR  16      34      66     100     152     194     273     588     
920708 SGMR  20      35      66     101     159     207     280     594     
920709 SGMR  20      36      68     105     167     236     312     623     
920710 SGMR  18      34      66     105     169     222     282     596     
920711 SGMR  26      37      74     110     175     227     282     599     
920712 SGMR                  74     106     177     227     281     592     
920713 SGMR  18      36      72     109     179     226     287     591     
920714 SGMR  16      34      71     113     192             299     584     
920715 SGMR  23              67     110     177     211     268     507     
920716 SGMR  21      38      68     103     158     201     271     595     
920717 SGMR          40      65      96     145     189     259     587     
920718 SGMR  23      36      60      91     139     176     253     585     
920719 SGMR  21      31      58      86     125     169     248     584     
920720 SGMR  14      29      59      87     127     171     252     593     
920721 SGMR  16      29      55      78     116     159     242     580     
920722 SGMR  13      27      53      73     109     154     237     583     
920723 SGMR  13      26      50      69     104     149     236     574     
920724 SGMR  15      28      52      68     103     148     237     582     
920725 SGMR  14      27      51      66     103     148     234     592     
920726 SGMR  14      29      53      68     104     149     236     578     
920727 SGMR  14      29      56      70     106     150     237     577     
920728 SGMR  14      28      52      68     100     143     232     582     
920729 SGMR  15      28      53      68     101     145     228     579     
920730 SGMR          30      55      68     102     147     233     581     
920731 SGMR  14      30      57      74     109     151     233     554     
920801 SGMR  15      30      60      77     118     160     244     599     
920802 SGMR  20      30      60      83     131     172     248     598     
920803 SGMR  16      34      64      92     146     187     259     598     
920804 SGMR  23      32      63      92     144     187     256     599     
920805 SGMR  16      33      64      94     145     184     260     608     
920806 SGMR  18      33      65      96     150     190     259     607     
920807 SGMR  21      35      65      94     154     188     259     615     
920808 SGMR  31      40      68      98     159     195     264     617     
920809 SGMR  18      36      60      96     148     149     214     417     
920810 SGMR  26      35      65      93     153     188     262             
920811 SGMR  20      35      63      91     147     186     261             
920812 SGMR          36      62      88     144     184     261             
920813 SGMR  22      34      63      87     144     184     261             
920814 SGMR  17      32      61      85     144     183     257     606     
920815 SGMR  20      35      60      85     146     186     262     606     
920816 SGMR  18      31      58      86     153     194     267             
920817 SGMR          41      64      83     155     203     269             
920818 SGMR  16      32      56      81     147     192     268             
920819 SGMR                                                                 
920820 SGMR                                                         689     
920821 SGMR                                                         663     
920822 SGMR                                                         657     
920823 SGMR                                                         645     
920824 SGMR                                                                 
920825 SGMR                                                         622     
920826 SGMR                                                         624     
920827 SGMR                                                                 
920828 SGMR                                                         627     
920829 SGMR                                                         712     
920830 SGMR                                                                 
920831 SGMR                                                                 
920901 SGMR                                                                 
920902 SGMR                                                                 
920903 SGMR                                                         401     
920904 SGMR                                                         571     
920905 SGMR                          78     123     157     252     575     
920906 SGMR                          81     132     171     265     588     
920907 SGMR                          82     141     165             571     
920908 SGMR                          74             164     249     547     
920909 SGMR                          72     130     153     240     568     
920910 SGMR                          71     115     150     231     581     
920911 SGMR  15      30      54      75     141     146     231     484     
920912 SGMR  15      28      54      76     141     149     237     602     
920913 SGMR  14      29      55      78     153     152     239     612     
920914 SGMR  14      28      54      80                     238             
920915 SGMR  14      29      55      79             144     237     614     
920916 SGMR  29      37      60      84     157     155     235     601     
920917 SGMR  19      29      53      76     147     158     245     625     
920918 SGMR  17      31      54      75     139     146     235     619     
920919 SGMR  17      24      52      76     135     146     237     542     
920920 SGMR  14      28      54      71     133     141     232     542     
920921 SGMR  16      28      52      72     131     143     231     541     
920922 SGMR  16      28              72     132     140     228     482     
920923 SGMR  19      30      56      72     136     144     234     558     
920924 SGMR  18      33      57      73     138     160     234     507     
920925 SGMR  22      32      53      76     104     166     238     507     
920926 SGMR  51      41      56      76     100     163     235     516     
920927 SGMR  24      37      54      78     109     167     238     536     
920928 SGMR  18      27      40      77     110     165     234     543     
920929 SGMR  25      29      44      78     123     164     236     555     
920930 SGMR                          78     124     162     241     555     
921001 SGMR  12      14      18      79     128     165     241     555     
921002 SGMR  12                      80     123     162     241     552     
921003 SGMR  11      16              81     148     162     239     552     
921004 SGMR  10                      84     146     174     247     561     
921005 SGMR                          85     154     183     255     593     
921006 SGMR                          88     160     188     253     563     
921007 SGMR  17      39      69      89     155     183     249     636     
921008 SGMR  15      35      63      85     153     173     246     567     
921009 SGMR  13      32      59      79     153     173     248     590     
921010 SGMR  14      32      56      74     138     159     236     547     
921011 SGMR  12      31      56      72     104     159     232     486     
921012 SGMR  12      30      52      69     112     156     233     554     
921013 SGMR  16      29      53      67     121     153     236     580     
921014 SGMR  13      31      54      66     102     148     231     540     
921015 SGMR  13      30      53      65     112     148     232     528     
921016 SGMR  12      28      51      64             149     246     486     
921017 SGMR  13      31      55      68     113     157     239     588     
921018 SGMR  18      34      57      71     112     164     241     545     
921019 SGMR  20      35      51      74     129     171     242     504     
921020 SGMR  30      40      68      81     138     188     256     543     
921021 SGMR                  70      82     127     177     263     487     
921022 SGMR  78      47      65      87     144     196     253     544     
921023 SGMR  22      37      63      85     145     193     254     547     
921024 SGMR  30      54      72      89     157     194     258     539     
921025 SGMR          52      72      91     163     224     288     516     
921026 SGMR                  71      96     179     242     321     572     
921027 SGMR  27      43      73      99     232     268     334     577     
921028 SGMR  37      55      80     101     180     241     309     567     
921029 SGMR  24      43      74      98     167     231     319     575     
921030 SGMR                                                                 
921031 SGMR  27      44      70      92     139     202     273     538     
921101 SGMR  33      38      69      92     185     194     263     552     
921102 SGMR  32      38      66      86             189     254     553     
921103 SGMR  24      33      57      83             164     217     453     
921104 SGMR  20      35      57      84     129     182     251     475     
921105 SGMR  18      35      66      86     139     188     256     539     
921106 SGMR  19      37      65      81     139     188     255     543     
921107 SGMR          34      61      81     142     190     255     550     
921108 SGMR  20      39      63      79     144     187     252     547     
921109 SGMR  16      36      62      77     135     188     255     550     
921110 SGMR  14      35      61      79     143     192     259     547     
921111 SGMR  14      33      58      78     137     180     246     402     
921112 SGMR  16      32      58      78     136     175     245     497     
921113 SGMR  12      30      57      79     127     171     249     547     
921114 SGMR  14      31      59      81     128     173     250     557     
921115 SGMR  15      33      60      80     127     174     244     552     
921116 SGMR  14      33      62      82     139     183     253     554     
921117 SGMR  21      38      67      91     158     194     248     510     
921118 SGMR  18      37      67      94     159     198     260     480     
921119 SGMR  19      44      68     108     168     203     286     549     
921120 SGMR  21      42      70      99     154     195     256     548     
921121 SGMR  18              69     102     153     193     256     537     
921122 SGMR  18      39      68     108     157     200     256     491     
921123 SGMR  18      38      64     110     176     208     261     418     
921124 SGMR          51      70     110     181     198     248     458     
921125 SGMR          48      60     104     172     196     253             
921126 SGMR  21      37      70     101     168     188     240             
921127 SGMR  26      39      71      97     168     193     258     549     
921128 SGMR  18      37      69      91     165     191     259     556     
921129 SGMR  15      35      67      87             181     253     544     
921130 SGMR  12      35      64      87             177     248     541     
921201 SGMR  13      33      62      79     155     174     247     534     
921202 SGMR  11      36      63      77     152     174     247     560     
921203 SGMR  13      34      58      74     147     168     241     520     
921204 SGMR  13      31      57      72     141     168     246     544     
921205 SGMR  13      32      57      70     147     152     224     527     
921206 SGMR  14      32      57      74     138     162     240     549     
921207 SGMR  14      35      61      74     140     166     243     543     
921208 SGMR  16      37      67      84     158     179     257     558     
921209 SGMR  15      35      63      84             178     250     555     
921210 SGMR          32      62      85     153     187     247     538     
921211 SGMR  32      49      78                                             
921212 SGMR                                                                 
921213 SGMR  18      44      72     101     179     209     266     520     
921214 SGMR          55      80     106     179     218     277     551     
921215 SGMR          41      70      97     157     200     266     550     
921216 SGMR          43      72      94     152     191     259     530     
921217 SGMR  16      33              94     169     184     231     406     
921218 SGMR  17      35      67      92     165     192     261     566     
921219 SGMR  15      37      71      90     162     195     260     538     
921220 SGMR  16      38      68      93     159     199     264     529     
921221 SGMR  17      37      69      90     156     191     258     546     
921222 SGMR  17      36      68      89     152     187     254     544     
921223 SGMR  16      36      65      90     161     181     251     538     
921224 SGMR  17      35      67      87     103     179     254     556     
921225 SGMR  20      81      68      90      99     177     281     544     
921226 SGMR  17      36      65      87      97     170     269     561     
921227 SGMR  17      35      63      85             165     241     544     
921228 SGMR  18      33      61      80             167     241     522     
921229 SGMR  15      32      58      76             167     241     527     
921230 SGMR  15      32      57      75      87     164     229     462     
921231 SGMR  12      31      56      74      83     167     241     453     
 
