690101 SGMR                  66.8   104.4   133.8   216     284                 
690102 SGMR                  71.0    99.9   133.8   219     284                 
690103 SGMR                  68.1   104.6   139.0   232     291                 
690104 SGMR                  69.2   102.9   148.2   237     292                 
690105 SGMR                  68.4   104.7   155.9   251     294                 
690106 SGMR                  70.5   114.2   169.0   256     305                 
690107 SGMR                  72.1   121.8   179.8   268     317                 
690108 SGMR                  71.2   119.9   173.4   263     312                 
690109 SGMR                  73.5   123.8   176.7   273     329                 
690110 SGMR                  69.8   117.7   164.9   261     315                 
690111 SGMR                  70.4   116.2   160.9   258     310                 
690112 SGMR                  69.5   112.3   155.7   249     301                 
690113 SGMR                  67.8   106.0   152.2   243     299                 
690114 SGMR                  66.1   104.3   148.8   234     296                 
690115 SGMR                  65.7   102.9   145.2   232     295                 
690116 SGMR                  64.0   100.4   143.8   227     292                 
690117 SGMR                  64.1    99.3   145.6   223     289                 
690118 SGMR                  63.8   100.2   138.8   211     281                 
690119 SGMR                  62.3    95.6   124.1   198     278                 
690120 SGMR                  62.7    95.0   122.8   192     271                 
690121 SGMR                  62.0    94.5   125.5   193     270                 
690122 SGMR                  63.4    95.5   124.8   197     271                 
690123 SGMR                  63.2    96.4   122.2   194     272                 
690124 SGMR                  61.7    96.7   123.4   203     275                 
690125 SGMR                  65.0    96.4   127.9   206     280                 
690126 SGMR                  65.3   101.1   139.0   219     288                 
690127 SGMR                  63.6    93.9   126.1   205     279                 
690128 SGMR                  62.9    94.2   125.9   203     277                 
690129 SGMR                  62.0    91.7   126.0   204     277                 
690130 SGMR                  59.0    92.1   120.0   193     270                 
690131 SGMR                  62.7    89.0   119.0   196     278                 
690132 SGMR                  66.1   102.8   141.7   224     289                 
690201 SGMR                  62.4    94.6   124.3   204     281                 
690202 SGMR                  63.2    99.3   130.6   208     284                 
690203 SGMR                  63.7    99.6   132.8   210     279                 
690204 SGMR                  63.7    98.0   131.7   205     267                 
690205 SGMR                  68.4   107.5   135.8   212     278                 
690206 SGMR                  67.4   104.9   133.0   210     281                 
690207 SGMR                  65.9    98.8   135.6   211     283                 
690208 SGMR                  65.2    97.7   128.4   210     277                 
690209 SGMR                  64.2    98.9   126.5   206     279                 
690210 SGMR                  55.6   101.1                                       
690211 SGMR                  57.2    92.5   123.5   199     277                 
690212 SGMR                  57.6    84.3   116.5   207     275                 
690213 SGMR                  57.9    87.1   118.9   209     271                 
690214 SGMR                  58.8    83.1   118.4   206     272                 
690215 SGMR                  60.1    82.7   120.0   205     267                 
690216 SGMR                  59.3    84.3   121.6   204     272                 
690217 SGMR                  60.6    95.1   127.7   215     276                 
690218 SGMR                  61.5    95.7   131.9   218     276                 
690219 SGMR                  61.4   104.0   140.3   230     285                 
690220 SGMR                  64.2   110.8   151.6   235     289                 
690221 SGMR                  65.9   116.2   159.8   243     288                 
690222 SGMR                  66.9   119.9   174.5   262     296                 
690223 SGMR                  68.5   125.7   194.8   282     315                 
690224 SGMR                  64.6   124.4   190.9   285     326                 
690225 SGMR                  63.6   108.7   189.1   294     328                 
690226 SGMR                                                                     
690227 SGMR                  63.6   100.0   183.5   291     326                 
690228 SGMR                  61.9    94.7   167.8   272     318                 
690232 SGMR                  62.7   100.4   142.7   228     287                 
690301 SGMR                  65.0   106.6   154.9   259     304                 
690302 SGMR                  64.8   102.1   144.6   243     285                 
690303 SGMR                  64.2    96.8   138.0   230     288                 
690304 SGMR                  63.1    96.5   137.0   228     293                 
690305 SGMR                  65.4    99.5   136.3   225     292                 
690306 SGMR                  64.3    94.8   133.0   225     288                 
690307 SGMR                  64.5    94.6   129.3   221     285                 
690308 SGMR                  62.6    95.2   132.2   222     286                 
690309 SGMR                  62.6    97.8   133.3   221     287                 
690310 SGMR                  63.1    90.0   129.3   213     281                 
690311 SGMR                  62.8    93.2   129.0   216     282                 
690312 SGMR                  64.0    94.1   131.8   220     283                 
690313 SGMR                  63.6    91.0   126.5   217     281                 
690314 SGMR                  66.4    92.4   130.3   217     286                 
690315 SGMR                  67.6   103.6   150.1   257     315                 
690316 SGMR                  67.2   107.3   163.0   262     317                 
690317 SGMR                  72.3   124.5   190.5   297     334                 
690318 SGMR                  70.8   126.9   192.3   294     329                 
690319 SGMR                  74.4   142.3   195.8   302     337                 
690320 SGMR                  76.8   146.9   204.5   317     353                 
690321 SGMR                  78.4   145.0   218.2   326     353                 
690322 SGMR                  77.8   136.3   208.0   317     354                 
690323 SGMR                  71.0   120.1   197.2   300     339                 
690324 SGMR                  67.5   116.4   184.6   290     333                 
690325 SGMR                  65.9   110.4   171.1   280     340                 
690326 SGMR                  68.9   117.4   184.8   303     348                 
690327 SGMR                  73.9   105.1   164.3   274     337                 
690328 SGMR                  69.0   109.1   160.5   279     340                 
690329 SGMR                  68.3   100.2   168.2   299     350                 
690330 SGMR                  68.4   103.0   174.5   304     338                 
690331 SGMR                  66.4   101.1   171.7   302     336                 
690332 SGMR                  67.8   108.4   160.8   263     315                 
690401 SGMR                  65.9   107.7   170.0   294     335     542         
690402*SGMR                  64.9   105.4   173.8   298     332     539         
690403 SGMR                  67.6   113.8   177.4   294     325     544         
690404 SGMR                  63.8   100.0   163.7   270     308     542         
690405 SGMR                  63.3   100.2   158.0   258     306     543         
690406 SGMR                  63.2    96.9   149.8   245     298     535         
690407 SGMR                  61.7    90.2   141.3   227     291     535         
690408 SGMR                  62.7    89.9   136.2   218     284     535         
690409 SGMR                  62.7    86.7   133.5   215     288     538         
690410*SGMR                  63.7    91.1   134.3   230     290     548         
690411 SGMR                  63.4    91.8   137.3   224     289     536         
690412 SGMR                  65.3    96.1   145.9   232     290     533         
690413 SGMR                  69.0   104.9   161.5   257     306     544         
690414 SGMR                  68.1   104.1   163.5   254     304     543         
690415 SGMR                  69.4   106.5   165.8   247     317     546         
690416 SGMR                  68.1   105.4   152.5   234     289     536         
690417 SGMR                  66.0   100.2   144.2   219     284     533         
690418 SGMR                  66.1   100.8   141.8   218     284     537         
690419*SGMR                  67.4    96.8   140.1   227     282     545         
690420 SGMR                  66.6    95.6   143.1   234     289     542         
690421 SGMR                  72.2    99.4   143.3   239     292     547         
690422 SGMR                  66.5    93.5   140.1   242     293     540         
690423 SGMR                  63.3    87.6   130.6   222     282     538         
690424*SGMR                  65.1    89.8   133.2   224     284     540         
690425 SGMR                  63.9    87.8   130.9   218     284     539         
690426 SGMR                  65.9    88.9   130.7   216     281     533         
690427 SGMR                  65.2    85.9   125.8   209     272     523         
690428 SGMR                  62.5    85.8   122.1   203     271     528         
690429 SGMR                  62.7    81.6   117.1   195     265     526         
690430 SGMR                  64.1    84.2   118.1   200     271     530         
690432 SGMR                  65.3    95.6   144.2   235     293     538         
690501 SGMR  14.2            62.5    80.0   115.0   199     269     532         
690502 SGMR  15.0            62.7    82.3   117.0   211     282     531         
690503 SGMR  14.2            62.3    80.3   122.4   210     279     528         
690504 SGMR  13.6            60.6    78.7   123.5   208     276     531         
690505 SGMR  16.4            66.1    89.3   141.8   227     287     548         
690506 SGMR  13.3            63.9    84.1   125.8   205     277     544         
690507 SGMR  26.1            65.1    82.8   121.4   200     276     534         
690508*SGMR  20.1            65.8    89.9   128.1   206     278     538         
690509*SGMR  12.3            63.6    90.8   124.9   199     276     533         
690510 SGMR  12.1            63.7    86.8   127.0   202     280     527         
690511 SGMR  13.0            68.4    96.5   140.0   222     284     534         
690512 SGMR  22.3            71.9    99.9   148.8   222     294     538         
690513 SGMR  12.7            66.5   101.5   138.8   226     285     532         
690514 SGMR  13.3            66.5   102.3   149.0   230     288     536         
690515 SGMR  14.2            66.6    98.0   147.9   231     289     540         
690516 SGMR  16.2            68.7   100.4   143.7   226     296     540         
690517 SGMR  18.9            65.0   100.0   148.1   228     295     539         
690518 SGMR  25.9            71.6   101.9   152.2   244     299     549         
690519 SGMR  19.3            69.1    95.0   145.4   234     303     549         
690520*SGMR  22.4            70.0    95.0   148.6   238     304     550         
690521 SGMR  27.4            73.0   108.3   158.3   259     305     546         
690522 SGMR  25.4            75.8   107.6   167.6   259     300     541         
690523 SGMR  16.2            70.3   104.5   162.0   250     294     543         
690524 SGMR  15.1            70.8   107.9   163.5   247     292     538         
690525 SGMR  12.6            68.1   103.0   158.8   251     300     538         
690526 SGMR  13.5            66.7    95.1   152.8   248     298     536         
690527 SGMR  14.2            62.2    88.6   141.4   239     295     541         
690528 SGMR  15.2            60.4    82.7   132.1   216     283     525         
690529 SGMR  13.6            57.6    73.8   111.1   194     271     531         
690530 SGMR  14.0            56.3    71.7   105.8   189     269     530         
690531 SGMR  12.5            54.1    67.3   102.1   183     267     520         
690532 SGMR  16.6            65.7    91.8   137.6   223     274     537         
690601 SGMR  13.2            55.4    70.6   103.1   175     265     524         
690602 SGMR  14.2            58.1    75.6   109.4   188     269     530         
690603 SGMR  13.6            59.4    80.5   120.7   199     278     535         
690604 SGMR  16.4            63.9    93.7   137.5   229     297     555         
690605 SGMR  16.9            71.8   111.3   176.5   275     326     567         
690606 SGMR  15.5            68.8   105.3   181.0   288     341     577         
690607 SGMR  20.1            73.3   116.2   194.8   298     339     565         
690608 SGMR  20.3            75.9   122.2   219.7   330     352     565         
690609 SGMR  31.3            77.2   120.1   214.3   335     362     567         
690610 SGMR  53.6            77.5   122.7   219.1   358     380     577         
690611 SGMR 142.8            86.4   136.4   219.5   359     381     577         
690612 SGMR  27.5            73.8   118.7   205.8   336     364     570         
690613 SGMR  14.8            73.0   128.0   204.5   339     364     579         
690614 SGMR  17.4            73.3   118.5   199.9   320     348     577         
690615 SGMR  13.9            69.4   106.6   180.5   279     324     561         
690616 SGMR  14.6            69.0   106.2   158.6   248     307     552         
690617 SGMR  15.1            70.1   102.0   145.3   228     289     544         
690618 SGMR  14.7            70.8   103.6   140.8   227     284     543         
690619 SGMR  18.5            68.7    98.3   130.3   238     282     539         
690620 SGMR  17.9            65.9    91.4   128.1   229     280     541         
690621 SGMR  17.5            65.8    88.8   126.8   230     276     538         
690622 SGMR  14.4            64.9    82.4   121.8   222     275     534         
690623 SGMR  14.3            62.2    83.3   119.5   219     271     529         
690624 SGMR  13.1            62.5    81.8   117.0   210     273     536         
690625 SGMR  13.4            58.8    74.1   108.8   197     263     524         
690626 SGMR  13.1            58.5    69.9   106.3   191     267     531         
690627 SGMR  13.8            55.7    69.3   103.5   207     260     527         
690628 SGMR  13.7            54.0    69.4   107.3   208     265     519         
690629 SGMR  13.2            56.7    73.1   112.3   222     273     532         
690630 SGMR  13.6            58.1    80.1   126.8   227     280     536         
690632 SGMR  21.7            66.6    96.6   151.3   254     305     548         
690701*SGMR  14.0            60.9    89.0   135.3   258     286     538         
690702 SGMR  13.2            64.1    93.7   147.0   266     297     550         
690703 SGMR  15.3            70.3    98.8   158.4   271     311     547         
690704 SGMR  13.2            65.8    97.9   152.5   267     308     549         
690705 SGMR  13.0            68.3   100.4   151.2   264     301     546         
690706 SGMR  14.0            69.3    99.0   150.9   261     300     543         
690707 SGMR  18.2            72.7   101.2   149.6   260     294     544         
690708 SGMR  16.1            70.2   100.4   150.7   252     298     545         
690709 SGMR  14.6            70.9    96.9   149.7   252     291     545         
690710 SGMR  14.2            70.9   100.5   146.8   243     289     545         
690711 SGMR  13.5            68.1    99.6   143.7   242     285     539         
690712 SGMR  11.1            66.5    94.9   134.1   233     281     545         
690713*SGMR  13.0            68.0    96.0   133.0   235     276     536         
690714 SGMR  13.0            65.0    84.4   121.9   216     267     534         
690715 SGMR  13.9            64.1    76.6   116.6   205     265     523         
690716 SGMR  15.8            62.5    76.6   114.9   189     264     524         
690717 SGMR  15.8            60.8    77.0   113.1   189     263     525         
690718 SGMR  17.1            59.3    72.8   108.7   185     263     525         
690719 SGMR  20.8            59.4    73.2   107.6   185     261     529         
690720 SGMR  12.8            58.5    71.6   105.0   183     258     526         
690721 SGMR  12.2            57.3    72.0   106.6   185     261     517         
690722 SGMR  13.3            54.8    67.4   103.7   179     252     530         
690723 SGMR  12.7            55.7    70.1   105.6   184     260     529         
690724 SGMR  12.6            54.8    70.7   104.1   183     262     531         
690725 SGMR  12.7            54.8    72.0   107.2   188     262     525         
690726 SGMR  12.4            55.5    72.8   108.6   192     265     528         
690727 SGMR  12.7            56.4    76.9   115.7   202     266     526         
690728 SGMR  12.6            56.7    79.3   127.1   210     271     520         
690729*SGMR  12.8            59.9    82.1   127.0   213     273     528         
690730 SGMR  12.8            61.8    85.0   131.1   228     279     529         
690731 SGMR  17.0            62.9    87.1   152.0   258     294     538         
690732 SGMR  14.1            62.8    88.3   128.4   222     278     534         
690801 SGMR  16.2            65.8    97.4   163.2   280     302     548         
690802 SGMR  28.0            70.8   105.6   175.1   293     311     551         
690803 SGMR  16.3            71.2   104.2   169.8   272     302     546         
690804*SGMR  22.4            74.3   111.0   176.7   290     308     559         
690805 SGMR  15.8            70.0   106.8   168.2   276     303     551         
690806 SGMR  16.7            70.2    99.1   157.3   257     291     542         
690807 SGMR  16.5            67.6    96.6   147.5   234     287     546         
690808 SGMR  13.3            65.9    92.3   139.9   220     282     540         
690809 SGMR  13.3            66.1    89.9   134.1   220     279     539         
690810 SGMR  14.1            63.2    88.2   126.4   218     271     538         
690811 SGMR  15.4            63.5    82.2   122.2   213     274     534         
690812 SGMR  11.9            61.2    76.5   116.9   204     273     532         
690813 SGMR  11.8            59.5    72.9   113.4   190     262     526         
690814 SGMR  12.0            55.8    70.2   105.8   192     264     521         
690815 SGMR  12.6            55.2    69.8   105.5   185     258     520         
690816 SGMR  12.0            54.5    68.1   100.5   188     254     524         
690817 SGMR  12.2            52.6    65.1    97.5   179     253     520         
690818 SGMR  11.9            51.9    61.6    95.5   177     252     522         
690819 SGMR  11.8            51.9    63.0    92.8   175     250     520         
690820 SGMR  12.4            53.3    63.8    98.9   185     256     525         
690821 SGMR  11.6            54.2    67.8   104.5   198     259     528         
690822 SGMR  12.0            54.7    69.7   110.0   204     266     528         
690823 SGMR  12.4            56.9    72.3   120.0   218     275     537         
690824 SGMR  12.9            58.3    78.7   131.5   233     288     537         
690825 SGMR  12.9            62.8    84.6   142.0   247     287     547         
690826 SGMR  13.4            77.7    89.5   142.4   248     293     537         
690827 SGMR  13.6            71.4    94.1   152.4   256     295     546         
690828 SGMR  13.4            72.1   103.7   159.8   262     295     547         
690829 SGMR  11.6            73.7   107.0   164.0   260     295     543         
690830 SGMR  14.0            68.6   105.5   156.0   252     285     539         
690831 SGMR  14.3            69.2   100.5   150.7   255     283     545         
690832 SGMR  14.2            63.4    85.7   133.6   228     279     537         
690901 SGMR  14.1            72.3    96.9   147.5   237     278     535         
690902 SGMR  13.3            74.0   101.1   141.0   234     278     536         
690903 SGMR  13.1            71.4    97.7   138.9   236     277     543         
690904 SGMR  14.9            71.1    96.3   137.2   248     288     540         
690905 SGMR  13.1            63.4    91.0   125.5   227     273     540         
690906 SGMR  13.4            62.9    84.5   123.4   231     276     541         
690907 SGMR  13.1            61.3    82.2   115.5   226     272     542         
690908 SGMR  13.4            58.5    76.2   112.0   223     263     534         
690909 SGMR  12.9            57.4    79.4   107.6   208     248                 
690910 SGMR  12.6            57.3    78.2   105.7   206     261     526         
690911 SGMR  12.0            55.4    75.7   107.1   210     262     528         
690912 SGMR  11.9            55.9    79.5   108.9   210     265     532         
690913 SGMR  14.7            64.6    84.3   121.1   225     273     534         
690914 SGMR  15.1            58.2    85.0   117.9   217     268     534         
690915 SGMR  14.1            57.6    81.2   124.2   227     275     537         
690916 SGMR  14.6            58.3    90.4   124.1   222     267     536         
690917 SGMR  29.2            60.4    91.7   121.2   213     270     539         
690918 SGMR  17.3            60.8    94.2   125.3   224     272     536         
690919 SGMR  14.5            59.4    91.7   120.8   222     268     533         
690920 SGMR  12.5            60.8    89.5   125.7   231     276     539         
690921 SGMR  13.0            63.5    93.3   127.9   235     280     545         
690922 SGMR                  63.9    93.1   126.8   233     275     538         
690923 SGMR  12.5            65.8    99.2   133.5   234     279     538         
690924 SGMR  12.6            68.4   102.8   143.3   252     284     543         
690925 SGMR  13.0            72.3   119.4   155.0   272     294     551         
690926 SGMR  14.7            72.8   115.9   150.4   254     283     545         
690927 SGMR  13.1            68.0   104.8   139.4   249     278     541         
690928 SGMR  13.6            65.8   102.2   130.2   235     275     528         
690929 SGMR  11.5            64.0    97.1   126.2   229     278     535         
690930 SGMR  12.3            63.4    97.6   127.7   236     278     542         
690932 SGMR  14.0            63.6    92.4   127.0   230     274     538         
691001 SGMR  13.2            61.6    88.0   121.9   206     271     539         
691002 SGMR  37.9            66.0    97.2   128.6   220     277     541         
691003 SGMR  23.1            67.5    91.0   122.4   208     273     541         
691004 SGMR  15.1            63.4    90.0   118.0   206     267     527         
691005 SGMR  20.9            59.5    91.8   127.3   218     276     538         
691006 SGMR  15.8            59.3    89.3   130.9   226     278     538         
691007 SGMR  15.6            60.6    92.8   134.3   227     286     536         
691008 SGMR  15.4            60.4    94.9   131.9   227     278     529         
691009 SGMR  12.9            61.2    87.6   127.6   230     279     537         
691010 SGMR  14.1            58.8    86.6   123.3   225     282     541         
691011 SGMR  15.0            59.3    84.8   116.6   214     275     534         
691012 SGMR  15.8            58.4    85.2   117.5   206     275     540         
691013 SGMR  22.0            58.3    83.3   113.5   201     271     535         
691014 SGMR  11.9            59.1    84.0   111.0   193     266     530         
691015 SGMR  12.2            56.6    80.3   105.8   194     262     529         
691016 SGMR  11.5            53.3    80.5   102.0   183     261     528         
691017 SGMR  12.6            57.1    84.2   111.6   192     271     535         
691018 SGMR  12.9            59.3    87.9   117.5   205     274     540         
691019 SGMR  13.0            60.1    93.7   131.7   223     291     547         
691020 SGMR  13.9            65.3   101.3   148.5   245     303     554         
691021 SGMR  13.7            67.9   110.2   159.3   268     318     557         
691022 SGMR  14.2            68.4   118.7   168.5   280     325     555         
691023 SGMR  14.6            73.4   125.0   180.9   298     326     557         
691024 SGMR  18.5            71.8   127.0   187.9   303     323     535         
691025 SGMR  17.5            73.2   135.0   193.6   293     324     540         
691026 SGMR  17.0            72.8   131.3   189.5   296     326     559         
691027 SGMR  12.7            70.6   132.6   189.7   292     321     560         
691028 SGMR  14.6            69.5   125.3   174.9   268     316     561         
691029 SGMR  13.8            69.9   111.8   162.4   255     308     551         
691030 SGMR  23.4            70.3   109.7   150.9   241     301     552         
691031 SGMR  23.0            78.9   108.3   142.1   230     289     548         
691032 SGMR  16.4            64.3   100.3   140.1   235     290     542         
691101 SGMR  13.1            66.4   102.5   131.8   214     285     542         
691102 SGMR  11.8            61.9    99.2   126.8   211     281     555         
691103 SGMR  13.2            61.4    94.4   118.2   198     274     540         
691104 SGMR  12.5            60.2    94.8   118.8   202     267     539         
691105 SGMR  11.8            59.8    95.7   116.8   198     263     548         
691106 SGMR  12.1            61.6    94.3   121.0   203     267     545         
691107 SGMR  13.1            60.1    95.0   120.9   203     259     538         
691108 SGMR  20.9            60.9    92.6   120.1   197     265     530         
691109 SGMR  12.3            58.3    93.9   117.9   199     260     522         
691110 SGMR  17.6            58.7    91.2   111.8   189     257     529         
691111 SGMR  46.7            61.4    88.4   110.8   191     266     533         
691112 SGMR  17.4            56.4    88.8   109.5   190     262     533         
691113 SGMR  14.0            58.6    85.7   115.7   195     259     538         
691114 SGMR  14.2            58.1    93.4   126.1   217     264     546         
691115 SGMR  13.2            58.4    89.9   127.7   219     272     551         
691116 SGMR  13.5            59.0    92.6   130.2   237     289     550         
691117 SGMR  13.2            61.1    96.4   148.1   268     311     564         
691118 SGMR  12.5            62.8   109.4   167.8   303     350     583         
691119 SGMR  13.1            64.4   106.8   166.6   319     352     588         
691120 SGMR  13.8            64.6   105.2   170.9   315     336     578         
691121 SGMR  12.9            63.5   110.8   182.5   343     352     577         
691122 SGMR  16.2            66.1   117.3   193.0   345     353     582         
691123 SGMR  13.3            65.1   120.3   193.0   345     328     586         
691124 SGMR  15.7            68.2   119.5   182.3   308     330     578         
691125 SGMR  28.0            67.8   115.1   182.7   309     339     588         
691126 SGMR  13.6            64.0   113.8   163.3   274     317     578         
691127 SGMR  25.5            68.3   114.4   164.6   269     311     576         
691128 SGMR  15.2            65.8   107.1   148.9   247     300     570         
691129 SGMR  15.0            62.9    99.0   132.9   223     278     544         
691130 SGMR  34.0            64.6    99.9   128.9   210     270     545         
691132 SGMR  16.6            62.3   100.9   141.7   244     294     556         
691201 SGMR  15.7            65.1   100.0   122.7   205     263     538         
691202 SGMR  10.3            64.5   100.8   126.1   209     268     539         
691203 SGMR  10.4            64.4   103.2   131.0   209     267     541         
691204 SGMR  11.3            65.8   104.7   133.7   217     271     537         
691205 SGMR  10.2            64.2   100.8   132.2   220     284     547         
691206 SGMR  11.3            63.1    98.6   126.5   213     273     547         
691207 SGMR  10.8            59.2    87.2   114.5   197     263     532         
691208 SGMR   9.8            56.7    84.7   103.7   186     249     525         
691209 SGMR  11.0            59.6    87.0   107.6   194     253     535         
691210 SGMR   9.9            58.7    82.8   106.3   181     257     528         
691211 SGMR  10.0            57.9    83.6   107.3   189     261     529         
691212 SGMR  10.0            58.0    83.8   116.9   200     270     542         
691213 SGMR                  59.1    93.0   122.7   211     276     538         
691214 SGMR                  58.2    91.0   124.6   209     273     534         
691215 SGMR                  58.3   102.2   132.4   215     276     541         
691216 SGMR                  60.7   107.8   130.4   221     276     538         
691217 SGMR  12.3            62.9   104.9   136.4   224     279     540         
691218 SGMR  11.5            63.5   107.0   137.6   224     287     531         
691219 SGMR  11.2            61.6   113.0   139.1   220     278     543         
691220 SGMR  14.4            64.6   111.7   146.6   226     286     540         
691221 SGMR  14.5            65.6   113.6   154.0   235     287     548         
691222 SGMR  17.8            67.5   116.6   153.0   247     279     544         
691223 SGMR  15.5            68.9   114.2   151.4   251     290     542         
691224 SGMR  13.3            69.4   112.9   149.7   244     286     543         
691225 SGMR  21.8            68.6   111.0   147.0   243     286     555         
691226 SGMR  24.3            69.0   114.9   147.3   244     289     550         
691227 SGMR  22.5            64.4   107.7   139.2   233     276     542         
691228 SGMR  14.2            68.3   108.8   141.7   230     278     546         
691229 SGMR  11.4            66.3   111.3   143.9   235     279     546         
691230 SGMR  12.5            66.5   114.4   151.1   246     280     548         
691231 SGMR  12.4            64.1   109.0   147.8   241     274     559         
691232 SGMR  13.3            63.4   102.7   133.0   220     275     541         

