110101 SGMR  19      33      44      72      82     139     260     558     
110102 SGMR  16      34      44      74      85     125     229     495     
110103 SGMR  14      33      45      72      84     127     249     575     
110104 SGMR  13      32      45      73      86     127     254     562     
110105 SGMR  14      32      44      72      82     124     246     566     
110106 SGMR  17      33      45      72      82     125     254     568     
110107 SGMR  14      33      45      70      82     127     257     550     
110108 SGMR  14      32      43      69      80     125     249     526     
110109 SGMR  14      32      42      67      79     122     249     564     
110110 SGMR  15      33      42      67      77     123     243     563     
110111 SGMR  15      35      42      66      77     123     251     562     
110112 SGMR  13      22      43      63      81     117     238     495     
110113 SGMR  12      31      42      64      72     116     238     553     
110114 SGMR  15      34      39      65      76     121     252     567     
110115 SGMR  20      35      39      64      75     120     239     567     
110116 SGMR  16      34      41      64      74     119     241     568     
110117 SGMR  12      37      42      63      77     122     252     571     
110118 SGMR  16      33      44      65      76     121     239     518     
110119 SGMR  14      32      39      65      78     115     214     480     
110120 SGMR  17      34      44      67      77     119     247     566     
110121 SGMR  21      35      44      70      83     127     243     562     
110122 SGMR  40      36      44      69      81     124     251     572     
110123 SGMR  16      34      43      67      79     124     251     567     
110124 SGMR  18      35      43      64      78     122             566     
110125 SGMR  30      34      42      64      76     119     245     522     
110126 SGMR  43      34      40      64      76     116     246     554     
110127 SGMR  17      33      42      63      75     125     242     564     
110128 SGMR  15      32      42      64      76     120     245     563     
110129 SGMR  15      33      41      65      77     121     238     566     
110130 SGMR  15      31      42      65      79     120     247     558     
110131 SGMR  14      32      41      64      78     119     244     563     
110201 SGMR  14      34      43      66      77     118     239     509     
110202 SGMR  13      29      45      55      75      98     193     403     
110203 SGMR  13      32      43      65      81     120     233     564     
110204 SGMR  14      32      43      65      76     121     244     569     
110205 SGMR  15      32      44      66      78     119     249     555     
110206 SGMR  16      33      43      67      74     123     248     564     
110207 SGMR  15      33      42      66      75     124     251     559     
110208 SGMR  18      35      42      71      84     128     248     457     
110209 SGMR  21      35      45      73      83     127     255     574     
110210 SGMR  15      34      46      76      85     132     256     581     
110211 SGMR  15      35      48      76      85     129     255     578     
110212 SGMR  15      37      49      78      88     132     254     564     
110213 SGMR                                                                 
110214 SGMR                          88     102     154     273     577     
110215 SGMR  17      37      49      85     103     152     273     569     
110216 SGMR                          90     108     160     276     582     
110217 SGMR  20      38      49      90     100     155     275     574     
110218 SGMR  26      38      51      95     112     162     277     577     
110219 SGMR  18      40      51      86     105     151     273     582     
110220 SGMR  17      38      49      81      95     144     267     580     
110221 SGMR  18      35      46      72      92     136     260     556     
110222 SGMR  22      34      45      70      85     129     248     574     
110223 SGMR  16      35      44      70      82     131     252     568     
110224 SGMR  16      33      44      68      81     129     247     569     
110225 SGMR  14      31      42      66      79     121     210     288     
110226 SGMR  14      33      42      70      85     127     251     567     
110227 SGMR  14      32      43      70      84     129     251     552     
110228 SGMR  13      29      41      72      87     125     222     356     

