930101 SGMR  12      34      58      79      95     170     256     547     
930102 SGMR  14      31      55      73      93     169     247     550     
930103 SGMR  12      30      56      73             166     240     542     
930104 SGMR  13      31      56      42      94     162     241     522     
930105 SGMR  18      40      56             101     161     234     429     
930106 SGMR  12      36      64             111     172     245     532     
930107 SGMR                  67             101     169     244     536     
930108 SGMR  18      35      65      46     107     170     242     527     
930109 SGMR  12      33      63      44     103     170     244     541     
930110 SGMR  13      33      60      86     106     173     247     539     
930111 SGMR  14      35      64      84             172     250     561     
930112 SGMR  13      35      68                     179     249     524     
930113 SGMR  12      35      55                                             
930114 SGMR  21      37      65                     167     243     541     
930115 SGMR  17      36      62      65      94     151     227     514     
930116 SGMR  20      38      67                                     545     
930117 SGMR  17      36      65      75             168     250     540     
930118 SGMR          38      63                                     523     
930119 SGMR  14      34      60                                     544     
930120 SGMR  14      34      62                     151     228     529     
930121 SGMR  12      31      62                     139     220     524     
930122 SGMR  13      30      57      61      78     141     213     462     
930123 SGMR  14      33      61      62      77     146     227     515     
930124 SGMR  13      31      58      61             145     224     523     
930125 SGMR  11      33      58      61             148     228     528     
930126 SGMR  13      31      58      71             149     228     536     
930127 SGMR  12      30      57      73      98     158     233             
930128 SGMR  12      31      55      72     101     156     233     544     
930129 SGMR  11      31      54      72     100     151     228     534     
930130 SGMR  13      31      55                                     543     
930131 SGMR  13      31      58      76     105     163     239     525     
930201 SGMR  15      33      61      78     112     161     233     546     
930202 SGMR  14      34      63      81     107     179     249     547     
930203 SGMR  17      33      64      87     124     191     253     555     
930204 SGMR  15      36      65      87     130     204     256     556     
930205 SGMR                          93     141     214     263     545     
930206 SGMR  22      42      74      97     158     235     285     569     
930207 SGMR  27      39      71      99     163     239     282     562     
930208 SGMR          45      79     106     168     252     291     560     
930209 SGMR                  89     111     170     247     292     568     
930210 SGMR                  74     100             232     276     548     
930211 SGMR                  69     100             224     273     552     
930212 SGMR  19      44      70      91     135     211     264     537     
930213 SGMR  17      32      48      84     124     183     241     441     
930214 SGMR  17      37      64      87     124     192     257     542     
930215 SGMR          38      63      82     117     182     251     565     
930216 SGMR  16      37      68      88     129     192     243             
930217 SGMR  13      33      62      82     127     168     239     544     
930218 SGMR  15      36      64      81     120     170     241     547     
930219 SGMR  14      33      60      77     113     160     238     544     
930220 SGMR  17      35      63      81     121     169     241     547     
930221 SGMR  17      37      60      79     109     167     237     537     
930222 SGMR          38      59      82     111     175     244             
930223 SGMR  18      34      60      85     120     178     246     522     
930224 SGMR  26      36      62      89     134     170     244     552     
930225 SGMR          37      62      83     114     171     244     555     
930226 SGMR  18      33      61      82     114     169     241     542     
930227 SGMR  15      34      60      82     115     166     240     540     
930228 SGMR  17      36      63      82     118     168     239     542     
930301 SGMR  13      31      61      84     121     176     240     543     
930302 SGMR  13      34      65      90     131     188     246     543     
930303 SGMR  15      35      66      93     141     203     260     562     
930304 SGMR          38      65      99     158     216     269     566     
930305 SGMR  17      37      62     102     165     212     267     553     
930306 SGMR          43      70     107     159     206     268     562     
930307 SGMR          39      67     100     151     202     268     568     
930308 SGMR          44      69      98     141     195     262     560     
930309 SGMR          41              93     149     192                     
930310 SGMR          42      65      97     157     200     269     572     
930311 SGMR          45      64      94     157     194     265     557     
930312 SGMR  33      46      66     132     188     217     283     589     
930313 SGMR                  63      91     147     194     262     566     
930314 SGMR  18      34      68      83                             557     
930315 SGMR          41      62      82     116     176     243     564     
930316 SGMR  15      32      59      80     123     166     241     552     
930317 SGMR  13      29      56      78      93     163     233     536     
930318 SGMR          31      60      85             173     250     564     
930319 SGMR  12      34      61      83     115     177     245     560     
930320 SGMR  14      34              85     108     188     252     562     
930321 SGMR  13      32      54      88             182     242             
930322 SGMR  16      35      65      86             179     251     560     
930323 SGMR  13      32      63      84      97     167     238     553     
930324 SGMR          34              73                                     
930325 SGMR  13      30      57      81             161     233     526     
930326 SGMR  16      33      60      81      99     160     225     546     
930327 SGMR  18      34      61      84     113     164     235     550     
930328 SGMR  15      33      60      84             170     240     536     
930329 SGMR  16      33      61      86     114     161                     
930330 SGMR  12      30      44      86     115     160     214             
930331 SGMR  14      35      64      89      86     162     236     554     
930401 SGMR  13      30      63      90      55     148     202     436     
930402 SGMR  11      36      59      89      50     155     225     507     
930403 SGMR  11      34      68      87      77     161     238     552     
930404 SGMR  16      35      65      84             162     240     544     
930405 SGMR  17      34      62      84             165     244     564     
930406 SGMR  11      31      63      85             182     253     567     
930407 SGMR  14      36      59      83             176     246     565     
930408 SGMR  10      30      56      84     120     180     247     565     
930409 SGMR  16      33      59      83     140     183     247     562     
930410 SGMR  18      29      54      83     122     180     246     535     
930411 SGMR  15      30      52      79     141     174     245     453     
930412 SGMR  16      32      49      67      93                     480     
930413 SGMR  11      26      43      66      89     141     221             
930414 SGMR  11      29      49      63      85     140     227     541     
930415 SGMR  12      29      51      60      85     136     222     531     
930416 SGMR  13      29      51      61     117     136     221     537     
930417 SGMR  14      28      50      62      86     143     220     415     
930418 SGMR  16      32      55      66      90     153     233     551     
930419 SGMR  17      34      59      74      99     156     231     549     
930420 SGMR  16      34      56      75     112     168     235     552     
930421 SGMR  17      32      58      78     115     164     232     547     
930422 SGMR  16      32      54      78     115     159     227             
930423 SGMR  16      32      61      82     120     164     238     450     
930424 SGMR  12      33      63      88     131     177     243     560     
930425 SGMR  15      33      63      85     126     173     242     552     
930426 SGMR  17      35      64      85     123     170     241     531     
930427 SGMR  14      34      62      85     123     166     245     564     
930428 SGMR  14      32      64      82     116     160     239     562     
930429 SGMR  11      31      61      79     111     155     235     554     
930430 SGMR  13      32      63      82     113     156     235     553     
930501 SGMR  10      33      61      77     106     148     229     551     
930502 SGMR  14      32      60      75     110     150     231     554     
930503 SGMR  13      32      60      75     101     149     228     555     
930504 SGMR  16      33      57      77     113     159     238     552     
930505 SGMR                          76     124     166     239     551     
930506 SGMR                          83     144     170     248     524     
930507 SGMR                          81     156     179     244     552     
930508 SGMR                          80     123     180     243     553     
930509 SGMR                          80     136     181     237     547     
930510 SGMR                          81     146     185     238     536     
930511 SGMR                          83     118     184     242     540     
930512 SGMR                                                                 
930513 SGMR                                                                 
930514 SGMR                                                                 
930515 SGMR  13      32      56                                             
930516 SGMR  12      32      56                                             
930517 SGMR  14      33      58                                             
930518 SGMR  12      34      57                                             
930519 SGMR  13      34      53                                             
930520 SGMR  14      29      55                                             
930521 SGMR  11      31      53                                             
930522 SGMR  15      32      55                                             
930523 SGMR          33      56      67             141     218     535     
930524 SGMR  14      32      59      70             145     223     535     
930525 SGMR  15      32      55                                             
930526 SGMR          26      57      71             142     220     555     
930527 SGMR          34      58      75             151     217     533     
930528 SGMR  10      32      59      80     169     154     221     535     
930529 SGMR   7      28      63      85     174     157     206     566     
930530 SGMR  14      38      66      88                             562     
930531 SGMR  15      36      67      90                             561     
930601 SGMR  12      26      61      91                     228             
930602 SGMR          36      67      94                             566     
930603 SGMR  16      32      64      90                             564     
930604 SGMR  15      33      63      89     176     162     200     618     
930605 SGMR  14      32      62      86     180     151     199     562     
930606 SGMR  15      29      52      83     164     150                     
930607 SGMR  16      32      60      82     145     151             562     
930608 SGMR  13      30      54      75     165                     560     
930609 SGMR  13      28      53      71     138     170     243             
930610 SGMR  17      30      54      75     153     180     259     562     
930611 SGMR  14      30      52      67     138     158     240     536     
930612 SGMR  11      29      49      63      93     146     233     551     
930613 SGMR  13      29      50      59      95     136     226     542     
930614 SGMR  11      29      48      58             130     216     543     
930615 SGMR  12      28      48      56     108     131     224     545     
930616 SGMR  12      29      49      56             129     222     545     
930617 SGMR  13      29      50      57             128     217     542     
930618 SGMR  11      30      50      58     120     128     210     536     
930619 SGMR  14      31      53      61             133     223     536     
930620 SGMR  15      31      53      63             132     214     528     
930621 SGMR  15      31      53      64             138     224     538     
930622 SGMR  15      33      55      67     133     141     225     551     
930623 SGMR  14      35      60      74             152     228     566     
930624 SGMR          42      64      82             179     246     569     
930625 SGMR  17      33      62      81      97     166     245     566     
930626 SGMR  21      35      64      84      97     173     247     572     
930627 SGMR  17      37      66      97     139     178     259     564     
930628 SGMR  16      33      63      85             169     243     557     
930629 SGMR                  66      85             172     248     559     
930630 SGMR  16      34      63      81             162     237             
930701 SGMR  14      32      61      79      85     155     240     546     
930702 SGMR  14      32      62      79      85     161     244     554     
930703 SGMR  16      36      62      78      85     155     227     538     
930704 SGMR          33      57      79             161     244     553     
930705 SGMR  16      31      54      72             150     237     546     
930706 SGMR  24      30      51      67             142     225     544     
930707 SGMR          29      50      65             141     230     540     
930708 SGMR  13      29      48      62      77     138     222     546     
930709 SGMR  12      28      49      62      74     136     221     545     
930710 SGMR  15      28      48      61      69     134     223     557     
930711 SGMR  12      28      48      58             132     222     554     
930712 SGMR  10      27      52      60             128     214     546     
930713 SGMR  11      29      47      58             131     214     556     
930714 SGMR  12      28      48      61             135     217     557     
930715 SGMR  25      31      51      63      80     137     222     565     
930716 SGMR  18      32      49      64     100     141     222     568     
930717 SGMR  14      29      52      66      99     141     228     562     
930718 SGMR  13      31      54      68     103     144     231     566     
930719 SGMR  12      29      55      69     106     148     237     562     
930720 SGMR  12      31      55      71     114     154     235     422     
930721 SGMR  54      37      59      74      94     155     237     570     
930722 SGMR  22      34      58      75     100     153     237     567     
930723 SGMR  19      35      60      77      97     155     240     580     
930724 SGMR  17      36      63      78      86     149     237     574     
930725 SGMR  13      35      62      79             149     240     570     
930726 SGMR  13      33      62      79             150     238     564     
930727 SGMR  12      31      60      77             152     237     552     
930728 SGMR  11      31      59      76             146     232     554     
930729 SGMR  11      29      58      72     105     143     220     515     
930730 SGMR                                                                 
930731 SGMR                                                                 
930801 SGMR                                                                 
930802 SGMR  15      32      55      68     107     142     227     561     
930803 SGMR  13      30      51      66     105     140     223     563     
930804 SGMR  14      29      47      66     108     139     229     558     
930805 SGMR  15      29      51      67     109     138     223     561     
930806 SGMR  15      28      47      65     105     128     206     555     
930807 SGMR  12      27      48      64     104     143     234     611     
930808 SGMR  11      26      51      63     100     132     218     561     
930809 SGMR  11      28      52      63             136     218     545     
930810 SGMR  12      27      49      67             139     222     556     
930811 SGMR  11      28      53      69             149     227     557     
930812 SGMR  12      28      50      66             148     229     551     
930813 SGMR  12      28      50      63     110     140     220     549     
930814 SGMR                                                                 
930815 SGMR  13      30      52      64             141     226     559     
930816 SGMR  11      29      48      62             132     220     555     
930817 SGMR                                                                 
930818 SGMR  12      31      53      64             137     223     545     
930819 SGMR  14      30      52      64             144     230     600     
930820 SGMR  14      32      53      64     110     133     219     542     
930821 SGMR  15      32      56      66     120     144     229     544     
930822 SGMR          32      55      66             137     219     556     
930823 SGMR                                                                 
930824 SGMR  13      28      51      63     102     130     216     552     
930825 SGMR  14      30      52      62             134     223     556     
930826 SGMR  12      29      47      60     105     132     217     554     
930827 SGMR  11      28      51      59      93     134     224     554     
930828 SGMR  12      27      47      59      96     130     215     556     
930829 SGMR                                                                 
930830 SGMR  12      27      47      58      87     133     217     549     
930831 SGMR  13      28      47      58      85     134     218     550     
930901 SGMR  12      26      47      58      87     143     226     610     
930902 SGMR  14      25      46      55      80     127     214     555     
930903 SGMR  11      26      44      52      78     125     215     527     
930904 SGMR  12      27      46      52      83     128     220     493     
930905 SGMR  11      26      46      52      80     121     208     546     
930906 SGMR  12      24      43      52      81     128     215     594     
930907 SGMR  12      24      43      51      80     124     210     540     
930908 SGMR  11      25      44      51      81     126     219     540     
930909 SGMR  10      25      44      53      83     125     213     543     
930910 SGMR  11      25      44      52      84     122     210     526     
930911 SGMR  11      25      43      52      75     122     212     549     
930912 SGMR  13      30      50      53      76     123     214     549     
930913 SGMR  13      27      46      52      77     122     215     546     
930914 SGMR  11      28      46      55      80     126     218     556     
930915 SGMR  12      27      45      55      82     128     219     554     
930916 SGMR  12      29      50      58      87     134     223     540     
930917 SGMR  12      27      47      57      89     124     202     512     
930918 SGMR  14      28      49      58      82     130     219     550     
930919 SGMR  14      28      50      57      81     126     219     561     
930920 SGMR  13      27      47      55      86     130     220     557     
930921 SGMR  11      27      46      53             123     211     558     
930922 SGMR  13      26      46      53             122     202     533     
930923 SGMR  12      28      48      53      69     127     211     556     
930924 SGMR  14      28      46      57      77     134     217     562     
930925 SGMR  16      29      47      60      81     137     221     562     
930926 SGMR  24      35      47      66      93     150     214     499     
930927 SGMR  20      31      50      63      89     150     235     553     
930928 SGMR          35      50      67      96     164     245     580     
930929 SGMR  19      32      51      68     101     174     247     582     
930930 SGMR          43      58      69     108     177     254     581     
931001 SGMR          29      48      64     102     175     248     571     
931002 SGMR  42      35      52      70     111     186     259     567     
931003 SGMR                  53      69     112     181     246     530     
931004 SGMR          36      52      66             168     234     541     
931005 SGMR          33      50      69             165     209     538     
931006 SGMR          34      49      68     117     163     231     534     
931007 SGMR                                                                 
931008 SGMR          35      48      65     111     160     239     527     
931009 SGMR  26      35      53      67     119     170     249     535     
931010 SGMR  35      35      52      64     112     155     234     538     
931011 SGMR          32      48      63     106     147     222     529     
931012 SGMR  16      30      51      63     102     143     225     506     
931013 SGMR  17      29      48      62      99     135     218     523     
931014 SGMR  13      27      51      60      95     137     226     546     
931015 SGMR  12      28      50      61     100     134     211     496     
931016 SGMR  12      27      51      60      95     135     222     519     
931017 SGMR  12      26      48      59      94     122     193     499     
931018 SGMR  12      26      48      57      93     126     210     522     
931019 SGMR  13      28      50      57      98     128     212     522     
931020 SGMR  14      28      50      60             142     228     488     
931021 SGMR  14      29      51      60             134     211     470     
931022 SGMR  13      28      49      67     119     138     230     529     
931023 SGMR  14      28      47      58     114     138             527     
931024 SGMR  12      26      48      57             135     220             
931025 SGMR  11      25      44      57     104     131     217             
931026 SGMR  11      26      45      56             134     218             
931027 SGMR  11      24      45      55                                     
931028 SGMR  11      25      43      63             136     239     525     
931029 SGMR  12      25      46      58     110     136     227     533     
931030 SGMR  12      26      46      56             133     213     474     
931031 SGMR  14      26      44      60             137     220     492     
931101 SGMR          32      53      60             140     228     483     
931102 SGMR          30      52      59      99     144     236     531     
931103 SGMR  22      29      49      61             159     252             
931104 SGMR  13      28      47      61             144     231     511     
931105 SGMR  16      31      51      59             139     218     425     
931106 SGMR  28      33      48      59             140     222     498     
931107 SGMR                  49      59             144     237     512     
931108 SGMR  24      31      49      58      99     138     226     512     
931109 SGMR          38      49              97     135     222     522     
931110 SGMR  18      32      53      57             133     221     508     
931111 SGMR  15      29      47      55             130     220     505     
931112 SGMR  14      29      48      66             137     226     520     
931113 SGMR  13      28      48      67     105     141     228     515     
931114 SGMR          29      45      65      98     132     214     499     
931115 SGMR  26      31      48      67     109     141     217     504     
931116 SGMR  17      34      50      65     113     141     215     518     
931117 SGMR  12      20      47      66     112     152     221     493     
931118 SGMR          42      54      65             154     235     520     
931119 SGMR  19      29      47      66     114     155     229     487     
931120 SGMR  10      27      46      66     112     153     236     517     
931121 SGMR  12      27      45      64             158     237     566     
931122 SGMR                                                                 
931123 SGMR          22      46      67     111     147     231     505     
931124 SGMR  11      26      46      66             144     228     513     
931125 SGMR  12      30      47      65             145     239     533     
931126 SGMR  55      37      47      64     112     138     224     525     
931127 SGMR  14      26      46      64     106     133     222     512     
931128 SGMR  12      23      43                                     475     
931129 SGMR  11      25      45      67             136     223     522     
931130 SGMR  19      26      47      71      89     144     229     520     
931201 SGMR  16      29      51      76      94     150     234     521     
931202 SGMR  14      28      51      75             145     229     512     
931203 SGMR  16      30      51      76      93     146     234             
931204 SGMR  12      27      46      75      90     145     233             
931205 SGMR  11      25      44      73      87     113                     
931206 SGMR  12      29      50      77      99     156     243             
931207 SGMR  13      30      52      78     101     145     227             
931208 SGMR  13      29      50      76      97     145     233             
931209 SGMR  13      27      46      73      91     139     225             
931210 SGMR  14      28      49      74      90     136     224     512     
931211 SGMR  11      24      39      64      85     125             431     
931212 SGMR  12      26      44      64      82     136     228     517     
931213 SGMR  13      26      42      63      80     133     217     411     
931214 SGMR  13      26      40      61      78     125     203     433     
931215 SGMR  11      27      46      62      79     132     225     493     
931216 SGMR  11      27      45      61      77     131     228     512     
931217 SGMR  12      27      45      62      77     128     216     506     
931218 SGMR  14      29      45      62      78     130     222             
931219 SGMR  14      26      48      64      80     129     217     473     
931220 SGMR  14      28      47      66      84     135     223     515     
931221 SGMR                                                                 
931222 SGMR  16      29      49      70      91     145     229     527     
931223 SGMR  17      33      53      74      97     150     242     505     
931224 SGMR  20      33      53      76     101     164     246     520     
931225 SGMR  23      32      52      79     109     174     251     504     
931226 SGMR  16      30      53      82     112     180     257     544     
931227 SGMR  16      30      56      86     118     181     257     548     
931228 SGMR  15      31      58      91     125     192     269     550     
931229 SGMR  13      31      53      88     124     194     272     532     
931230 SGMR  19      35      56      90     128     203     278     546     
931231 SGMR  23      35      56      91     128     204     281     545     
 
