960101 SGMR  12      28      35      53      70     124     212     513     
960102 SGMR  11      27      35      52      71     123     204     504     
960103 SGMR                                                                 
960104 SGMR  21      31      37      57      84     138     218     537     
960105 SGMR  25      33      38      58      80     132     221     543     
960106 SGMR  13      28      36      55      76     131     221     540     
960107 SGMR  13      29      37      54      78     128     214     540     
960108 SGMR                          53      74     129     220     524     
960109 SGMR   9      26      36      50      70     125     214     534     
960110 SGMR                          49      70     122     214     520     
960111 SGMR  10      25      32      46      67     114     193     531     
960112 SGMR  11      24      32      45      64     121     212     523     
960113 SGMR   9      25      33      45      64     118     209     518     
960114 SGMR                                                                 
960115 SGMR  10      24      28      45      64     116     202     528     
960116 SGMR  10      25      33      45      63     121     216     502     
960117 SGMR  11      29      33      48      67     118     207     482     
960118 SGMR   8      24      31      46      64     118     208     515     
960119 SGMR  10      25      31      46      64     117     204     495     
960120 SGMR  10      25      32      46      63     113     193     475     
960121 SGMR  11      27      33      48      67     122     213     514     
960122 SGMR   9      25      33      48      66     120     205     530     
960123 SGMR  11      28      32      48      67     122     212     532     
960124 SGMR  11      26      33      49      68     117     198     516     
960125 SGMR  11      29      37      51      70     121     209     542     
960126 SGMR  10      25      34      50      68     122     211     538     
960127 SGMR  10      26      34      49      68     120     206     510     
960128 SGMR  11      26      34      51      69     116     201     530     
960129 SGMR                                                                 
960130 SGMR  11      26      34      50      68     124     212     530     
960131 SGMR  14      28      35      52      70     125     209     532     
960201 SGMR  12      27      35      50      70     122     212     547     
960202 SGMR  11      24      34      50      69     127     216     535     
960203 SGMR  11      24      34      50      68     126     218     544     
960204 SGMR  11      24      34      47      67     123     219     552     
960205 SGMR  12      24      33      46      66     121     213     543     
960206 SGMR  11      24      34      48      66     124     217     545     
960207 SGMR  11      24      33      48      68     121     212     538     
960208 SGMR  12      23      33      45      64     120     208     522     
960209 SGMR  11      23      32      46      65     119     209     528     
960210 SGMR  10      24      32      47      64     119     209     535     
960211 SGMR  12      26      31      46      65     119     207     498     
960212 SGMR  11      23      32      46      64     116     206     544     
960213 SGMR  11      24      32      44      63     108             543     
960214 SGMR                          45      63     114     196     526     
960215 SGMR   9      21      30      46      65     121     207     534     
960216 SGMR   9      23      33      46      65     123     206     534     
960217 SGMR  10      24      34      48      66     124     211     536     
960218 SGMR  11      23      32      47      65     119     202     540     
960219 SGMR  11      23      33      48      66     123     211     552     
960220 SGMR  12      25      34      49      67     121     204     519     
960221 SGMR  11      23      31      49      66     121     206     513     
960222 SGMR  11      24      31      49      67     117             508     
960223 SGMR  11      24      32      49      67     111     185     517     
960224 SGMR  10      23      30      50      71     117     193     493     
960225 SGMR  11      24      33      54      73     123     215     527     
960226 SGMR  11      23      31      53      71     124     214     537     
960227 SGMR  11      23      32      48      66     118     207     527     
960228 SGMR  11      24      31      48      67     121     207     518     
960229 SGMR  10      24      34      55      76     133     231     546     
960301 SGMR   9      21      33      54      75     128     229     543     
960302 SGMR                          46      66     119     192     495     
960303 SGMR  11      23      33      47      66     119     207     533     
960304 SGMR  11      24      33      46      65     120     206     543     
960305 SGMR  11      27      35      52      74     130     217     579     
960306 SGMR   9      18      22      44      74     113     201     311     
960307 SGMR                          45      76     113     206     503     
960308 SGMR   9      22      32      46      75     118     212     513     
960309 SGMR   7      21      27      43      70     118     210     533     
960310 SGMR  10      22      31      46      64     117     206     535     
960311 SGMR  19      27      35      58      73     120     198     545     
960312 SGMR  12      27      35      49      68     121     201     541     
960313 SGMR   9      21      31      49      66     118     200     535     
960314 SGMR  12      25      33      47      65     115     194     477     
960315 SGMR  10      24      32      48      66     117     197     479     
960316 SGMR  11      25      35      50      68     121     209     536     
960317 SGMR  12      23      33      49      68     123     209     540     
960318 SGMR  10      23      32      49      68     120     207     528     
960319 SGMR  11      22      33      47      66     116     200     533     
960320 SGMR  10      23      32      47      65     119     203     501     
960321 SGMR   9      23      33      48      69     122     208     525     
960322 SGMR  11      22      33      48      69     120     196     532     
960323 SGMR  10      23      33      48      67     122     204     520     
960324 SGMR                                                                 
960325 SGMR  10      23      31      48      68     123     206     530     
960326 SGMR  11      23      33      48      69     120     197     522     
960327 SGMR  10      24      33      51      70     125     213     543     
960328 SGMR  10      23      34      54      75     130     223     543     
960329 SGMR   8      20      32      50      70     126     213     540     
960330 SGMR  11      23      33      47      65     120     203     536     
960331 SGMR   9      24      31      47      66     116     197     533     
960401 SGMR   8      22      33      48      67     118     207     527     
960402 SGMR   8      23      34      48      67     130     208     558     
960403 SGMR   8      23      32      48      69     119     201     538     
960404 SGMR   9      21      31      47      67     118     202     542     
960405 SGMR  10      22      33      47      67     122     208     530     
960406 SGMR   9      22      31      45      65     122     207     531     
960407 SGMR  11      24      33      47      66     120     205     526     
960408 SGMR   9      22      31      43      62     108     195     534     
960409 SGMR  11      23      32      47      67     123     218     532     
960410 SGMR                                                                 
960411 SGMR  11      24      33      45      64     120     210     530     
960412 SGMR   8      23      32      48      66     119     202     522     
960413 SGMR   9      21      33      47      66     122     211     532     
960414 SGMR  10      23      32      48      67     116     197     479     
960415 SGMR  11      23      31      46      65     121     211     530     
960416 SGMR   9      23      32      44      65     115     193     483     
960417 SGMR  11      23      33      48      68     119     209     525     
960418 SGMR  10      24      31      48      66     123     213     533     
960419 SGMR  10      24      34      50      68     124     216     529     
960420 SGMR  12      23      34      51      69     121     210     523     
960421 SGMR  24      31      33      51      70     126     216     520     
960422 SGMR  12      25      32      50      70     122     205     527     
960423 SGMR                                                                 
960424 SGMR  12      25      33      47      67     121     210     532     
960425 SGMR  10      25      33      47      66     114     202     525     
960426 SGMR   9      23      32      49      67     118     206     523     
960427 SGMR  11      24      33      48      67     119     205     524     
960428 SGMR  11      23      32      47      66     120     205     527     
960429 SGMR   8      24      34      48      67     122     208     502     
960430 SGMR                                                                 
960501 SGMR                                                                 
960502 SGMR   8      23      31      47                                     
960503 SGMR  11      24      32      48      67     120     203     515     
960504 SGMR  11      24      30      50      67     121     205     514     
960505 SGMR  11      24      33      50      68     117     195     525     
960506 SGMR  10      24      32      51      72     120     194     484     
960507 SGMR  10      25      34      54      74     125     202     533     
960508 SGMR   9      25      35      55      75     127     207     533     
960509 SGMR  11      25      35      57      76     127     212     529     
960510 SGMR  12      24      33      59      78     124     203     499     
960511 SGMR   9      24      33      56      74     124     206     514     
960512 SGMR  11      25      34      55      72     122     198     507     
960513 SGMR  10      25      35      54      71     124     208     530     
960514 SGMR   9      24      34      53      70     127     205     521     
960515 SGMR  10      25      36      54      71     117     206     519     
960516 SGMR  10      23      34      51      69     118     206     525     
960517 SGMR   9      23      32      51      70     127     212     526     
960518 SGMR  11      23      32      50      70     133     192     522     
960519 SGMR  11      24      34      56      77     119     220     522     
960520 SGMR  10      23      31      49      70     118     198     510     
960521 SGMR   9      22      30      46      65     121     207     505     
960522 SGMR  10      22      31      47      67     115     203     510     
960523 SGMR  10      22      31      47      67     115     200     511     
960524 SGMR   9      22      29      46      67     118     207     515     
960525 SGMR   9      23      31      48      67     116     201     520     
960526 SGMR  10      21      30      47      66     116     196     519     
960527 SGMR  10      23      31      48      66     118     199     515     
960528 SGMR  10      23      31      47      66     118     199     514     
960529 SGMR   8      21      31      47      65     117     201     516     
960530 SGMR          20      30      47      66     116     196     514     
960531 SGMR   9      20      30      48      68     124     214     515     
960601 SGMR   8      22      30      48      68     127     222     511     
960602 SGMR   9      22      31      50      66     115     213     510     
960603 SGMR   8      21      31      48      65     112     193     477     
960604 SGMR   9      21      32      50      68     126     222     509     
960605 SGMR   8      21      31      51      69     113     216     507     
960606 SGMR   8      22      31      50      70     126     215     512     
960607 SGMR   8      22      31      52      74     116     198     503     
960608 SGMR   9      23      33      50      70     123     218     498     
960609 SGMR   8      21      32      55      69     124     219     501     
960610 SGMR                                                                 
960611 SGMR   9      22      30      48      67     118     224     498     
960612 SGMR  10      22      30      47      66     127     227     494     
960613 SGMR   8      21      31      48      66     118     218     494     
960614 SGMR  10      23      32      48      66     119     212     492     
960615 SGMR   9      20      30      47      67     118     210     501     
960616 SGMR   8      20      30      47      67     113     195     502     
960617 SGMR   9      22      31      49      68     124     230     498     
960618 SGMR   9      21      31      48      68     127     230     498     
960619 SGMR  11      23      32      48      68     119     210     504     
960620 SGMR  10      22      32      48      69     123     224     499     
960621 SGMR   9      22      30      50      70     119     219     480     
960622 SGMR  10      21      31      49      68     121     219     472     
960623 SGMR   9      21      30      51      69     128     227     497     
960624 SGMR  10      23      32      51      71     131     227     498     
960625 SGMR   8      22      32      52      71     127     224     497     
960626 SGMR  11      26      35      52      72     129     223     503     
960627 SGMR   9      24      36      54      71     125     226     503     
960628 SGMR   9      23      34      53      71     115     217     501     
960629 SGMR  10      26      36      53      72     127     224     503     
960630 SGMR  11      24      34      51      72     120     222     497     
960701 SGMR   9      21      33      51      71     130     228     496     
960702 SGMR   8      22      32      51      71     122     227     495     
960703 SGMR                                                                 
960704 SGMR   9      22      34      51      69     125     226     495     
960705 SGMR   8      22      32      51      68     117     214     504     
960706 SGMR   9      22      32      49      68     123     222     497     
960707 SGMR  10      20      26      51      68     124     211     490     
960708 SGMR  47      26      32      56      82     136     226     503     
960709 SGMR  22      23      27      54      82     134     227     494     
960710 SGMR  16      23      32      52      78     132     222     507     
960711 SGMR  16      24      32      53      77     134     226     522     
960712 SGMR  10      23      33      51      72     129     229     499     
960713 SGMR   9      23      30      49      69     118     200     333     
960714 SGMR   8      21      29      48      68     127     219     508     
960715 SGMR   9      22      32      48      67     122     226     489     
960716 SGMR   8      20      30      47      67     123     220     496     
960717 SGMR   8      22      31      48      67     124     221     498     
960718 SGMR   9      22      32      47      67     119     212     492     
960719 SGMR   8      22      31      48      66     116     216     461     
960720 SGMR   8      21      30      46      66     120     219     498     
960721 SGMR   8      20      30      46      65     115     215     500     
960722 SGMR   8      21      31      48      69     117     220     504     
960723 SGMR   8      21      31      47      66     118     216     438     
960724 SGMR   9      21      31      47      65     120     222     478     
960725 SGMR   9      23      31      47      67     123     222     488     
960726 SGMR   9      23      31      49      70     118     205     449     
960727 SGMR   9      21      31      50      73     122     215     482     
960728 SGMR  10      26      34      52      75     129     223     492     
960729 SGMR  11      24      34      54      77     134     231     489     
960730 SGMR                          57      78     136     232     491     
960731 SGMR  39      40      36      56      81     127     219     482     
960801 SGMR  12      24      33      57      80     128     220     466     
960802 SGMR  29      26      34      57      80     129     221     489     
960803 SGMR  16      24      34      59      78     130     218     491     
960804 SGMR  13      24      33      57      77     130     226     487     
960805 SGMR  12      24      32      54      74     128     226     487     
960806 SGMR  11      23      31      51      70     124     219     482     
960807 SGMR   9      23      32      51      72     123     218     481     
960808 SGMR  11      23      33      51      70     122     217     489     
960809 SGMR  11      23      33      51      69     119     214     484     
960810 SGMR  12      26      34      52      69     121     214     487     
960811 SGMR   9      23      33      51      71     128     226     488     
960812 SGMR  13      26      33      49      69     125     227     492     
960813 SGMR   9      23      33      49      69     118     217     444     
960814 SGMR   9      23      32      49      69     125     231     494     
960815 SGMR   9      22      31      48      67     123     228     485     
960816 SGMR  11      23      32      48      67     123     226     505     
960817 SGMR                                                                 
960818 SGMR  12      25      32      47      65     120     223     501     
960819 SGMR  12      25      33      48      67     118     215     518     
960820 SGMR  13      24      34      49      67     119     215     508     
960821 SGMR  14      25      33      49      69     118     212     503     
960822 SGMR  15      28      35      52      73     119     218     508     
960823 SGMR  14      27      34      52      73     126     228     501     
960824 SGMR  13      29      38      53      74     126     221     465     
960825 SGMR  13      27      33      54      74     119     210     503     
960826 SGMR  13      27      35      55      72     122     224     502     
960827 SGMR  13      27      36      56      73     123     226     497     
960828 SGMR  13      28      40      56      73     124     226     490     
960829 SGMR  14      28      37      56      72     119     215     503     
960830 SGMR  14      29      38      58      72     125     228     510     
960831 SGMR  13      28      37      58      75     122     218     509     
960901 SGMR                                                                 
960902 SGMR  15      29      39      54      71     124     227     495     
960903 SGMR  15      30      36      53      70     118     217     507     
960904 SGMR  14      26      34      50      70     118     213     513     
960905 SGMR  15      28      36      51      70     116     213     508     
960906 SGMR   8      24      34      49      67     112     203     500     
960907 SGMR  13      26      34      49      69     115     211     508     
960908 SGMR  14      26      35      48      68     116     217     490     
960909 SGMR  12      24      31      47      66     119     222             
960910 SGMR  11      24      31      46      64     121     224     507     
960911 SGMR  13      25      32      48      65     119     205     517     
960912 SGMR  13      25      33      46      65     119     224     510     
960913 SGMR  11      24      30      46      64     113     210     502     
960914 SGMR  13      24      33      46      65     118     223     492     
960915 SGMR  12      25      32      47      66     124     222     514     
960916 SGMR  12      25      34      47      66     120     225     514     
960917 SGMR  12      24      29      47      63     106     181     472     
960918 SGMR  13      25      33      46      65     108     188     477     
960919 SGMR  14      27      34      48      67     121     225     528     
960920 SGMR  15      27      35      49      67     127     228     527     
960921 SGMR  15      28      36      50      68     123     222     531     
960922 SGMR  14      28      37      50      68     120     217     523     
960923 SGMR  10      27      36      50      69     117     212     503     
960924 SGMR  10      27      36      50      68     120     224     521     
960925 SGMR  14      28      37      53      70     121     227     517     
960926 SGMR  13      26      36      50      68     119     222     529     
960927 SGMR  14      27      35      50      67     116     217     512     
960928 SGMR  14      27      35      49      66     124     221     516     
960929 SGMR  14      27      35      49      68     118     217     520     
960930 SGMR  13      27      35      48      66     118     220     523     
961001 SGMR  15      27      34      49      66     128     226     527     
961002 SGMR  15      27      37      50      67     121     225     525     
961003 SGMR  12      26      33      48      68     121     222     534     
961004 SGMR  13      26      34      47      67     124     229     537     
961005 SGMR  14      26      35      48      65     117     221     532     
961006 SGMR  12      26      33      46      67     120     223     526     
961007 SGMR  13      24      33      46      65     120     225     529     
961008 SGMR  13      26      34      47      64     117     220     529     
961009 SGMR  12      24      32      46      65     120     226     524     
961010 SGMR  11      24      28      46      64     117     213     518     
961011 SGMR  11      24      31      45      64     112     199     527     
961012 SGMR  13      25      33      45      65     116     219     531     
961013 SGMR  12      24      32      45      63     117     218     525     
961014 SGMR  13      25      32      46      65     121     224     515     
961015 SGMR  11      27      35      47      67     120     224     536     
961016 SGMR  10      27      34      46      67     122     227     587     
961017 SGMR  11      25      33      46      65     124     221     526     
961018 SGMR  11      27      35      47      67     118     217     528     
961019 SGMR  11      26      35      47      66     118     211     523     
961020 SGMR  11      26      32      46      61      85     112             
961021 SGMR  11      27      32      47      64      98     165     392     
961022 SGMR  11      25      35      48      66     120     216     535     
961023 SGMR  10      27      35      49      66     118     214     516     
961024 SGMR  12      26      35      48      67     122     225     519     
961025 SGMR  12      27      35      48      66     121     225     525     
961026 SGMR  10      26      34      48      67     122     224     519     
961027 SGMR  10      26      34      48      68     117     216     524     
961028 SGMR  11      26      33      46      64      99     170     384     
961029 SGMR  10      26      33      47      68     116     206     532     
961030 SGMR  12      28      36      49      67     120     215     502     
961031 SGMR  11      27      35      47      68     120     223     529     
961101 SGMR   9      20      34      47      65     118     217     522     
961102 SGMR  10      25      33      46      65     118     213     522     
961103 SGMR  10      26      33      46      65     118     222     528     
961104 SGMR  11      27      33      45      66     116     214     528     
961105 SGMR  10      24      32      45      65     117     214     521     
961106 SGMR          25      32      45      66     117     210     518     
961107 SGMR  10      23      30      47      65     109     201     480     
961108 SGMR   9      24      32      46      65     116     209     503     
961109 SGMR  10      25      31      45      63     108     190     397     
961110 SGMR          25      33      48      66     119     216     516     
961111 SGMR  10      26      34      49      67     121     222     528     
961112 SGMR  10      26      34      48      68     122     217     529     
961113 SGMR  11      28      36      49      68     121     219     534     
961114 SGMR  11      27      36      51      69     120     219     528     
961115 SGMR  15      28      36      50      69     126     230     540     
961116 SGMR  11      27      36      51      71     125     224     540     
961117 SGMR  11      27      37      52      69     123     218     531     
961118 SGMR  11      27      37      50      70     123     224     528     
961119 SGMR                                                                 
961120 SGMR  10      29      38      52      68     123     220     526     
961121 SGMR  11      30      37      50      69     123     220     525     
961122 SGMR  11      27      35      52      75     129     227     526     
961123 SGMR  39      42      46      59      87     143     237     531     
961124 SGMR  37      39      45      66      98     158     251     541     
961125 SGMR  42      42      38      60     103     149     207     477     
961126 SGMR 118      98      73      64      96     157     220     480     
961127 SGMR  25      46      46      66     104     161     263     533     
961128 SGMR  24      33      38      59      90     151     238     534     
961129 SGMR  13      31      36      57      84     140     230     535     
961130 SGMR  11      28      35      54      80     145     231     530     
961201 SGMR  10      26      35      58      86     140     242     491     
961202 SGMR  11      25      34      51      72     126     218     497     
961203 SGMR  13      25      34      47      67     123     222     525     
961204 SGMR  11      25      33      46      66     120     222     525     
961205 SGMR   9      25      32      47      66     121     224     521     
961206 SGMR   7      23      30      41      68     107     179     452     
961207 SGMR   8      25      32      44      66     122     219     437     
961208 SGMR  10      25      33      46      65     122     220     518     
961209 SGMR  12      26      34      48      69     122     222     531     
961210 SGMR                                                                 
961211 SGMR  11      27      35      52      71     127     224     524     
961212 SGMR  13      28      34      53      74     112     186     448     
961213 SGMR  13      28      34      53      74     112             448     
961214 SGMR  12      29      36      56      76     128     216     487     
961215 SGMR  12      28      35      57      78     128     220     486     
961216 SGMR  14      29      35      60      80     128     217     519     
961217 SGMR  13      29      37      58      77     114     182     378     
961218 SGMR  17      30      40      59      75     135     229     513     
961219 SGMR  12      29      35      61      82     127     209     472     
961220 SGMR  15      31      40      59      79     134     224     526     
961221 SGMR  14      29      38      60      77     131     228     539     
961222 SGMR  14      30      40      58      74     129     231     524     
961223 SGMR  13      28      36      55      74     126     222     507     
961224 SGMR  13      27      35      54      72     126     222     523     
961225 SGMR  12      28      38      52      71     123     221     526     
961226 SGMR  11      26      36      51      69     119     213     531     
961227 SGMR   9      24      34      51      70     124     222     528     
961228 SGMR   9      27      35      50      68     123     218     498     
961229 SGMR   9      26      34      48      65     122     221     510     
961230 SGMR   9      28      36      49      67     123     224     528     
961231 SGMR   9      26      34      49      68             229     527     

