770101 SGMR   6.6    23.5    38.2    51.9    74.8   114     273     520         
770102 SGMR   7.1    22.7    40.4    52.2    78.1   119     274     523         
770103 SGMR   8.0    22.9    39.8    51.8    77.1   116     270     526         
770104 SGMR   8.0    25.5    38.9    52.6    77.7   115     269     518         
770105 SGMR   8.1    24.3    38.9    50.8    75.4   116     273     524         
770106 SGMR   7.5    23.3    37.8    48.6    72.1   114     271     519         
770107*SGMR   6.0    23.0    34.2    48.0    72.0   115             510         
770108 SGMR   6.4    16.3    31.4    46.0    68.4                   510         
770109 SGMR   6.7    20.4    35.3    46.0    70.2                   517         
770110 SGMR   7.3    20.3    36.8    46.0    72.0   110                         
770111 SGMR   7.7    20.2    37.3    49.1    72.6   116     270     517         
770112 SGMR  14.2    26.3    38.4    51.9    76.6   118     270     521         
770113 SGMR  14.6    30.0    40.3    52.0    77.8   118     268     532         
770114*SGMR  10.8    25.7    37.1    51.9    75.0   118     284     514         
770115 SGMR   8.6    24.5    35.5    51.2    75.8   120     284     520         
770116 SGMR  11.7    27.8    38.4    52.2    80.3   123     286     519         
770117 SGMR   8.2    24.9            51.3    79.4   120     285     522         
770118 SGMR  11.1    25.5            52.4    76.0   118     276     514         
770119 SGMR  10.1    25.4    39.4    52.4    79.0   118     279     513         
770120 SGMR   8.4    22.7    37.2    51.0    77.2   120     285     528         
770121 SGMR   8.0    25.7    38.4    50.9    72.7   112     280     523         
770122 SGMR   7.6    26.9    38.4    52.3    76.9   117     282     518         
770123 SGMR   8.4    25.4    38.5    52.4    78.9   120     282     517         
770124 SGMR   8.0    25.3    39.9    54.8    78.8   119     285     523         
770125*SGMR   6.9    27.8    38.9    52.8    75.0   115     275     515         
770126 SGMR   7.5    25.6    38.9    55.1    78.4   119     280     517         
770127 SGMR   7.8    24.3    42.6    52.8    77.1   118     272     524         
770128 SGMR  10.2    27.3    40.6    55.3    78.1   120     280     513         
770129 SGMR   8.2    26.4    40.6    54.8    78.4   117     274     521         
770130 SGMR   7.3    24.0                    78.4   118     270     514         
770131 SGMR   7.6    25.2                    82.9   122     283     519         
770132 SGMR   8.5    24.7    38.2    51.4    79.2   117     277     519         
770201 SGMR   7.6    25.6                    83.2   121     290     519         
770202 SGMR   8.0    26.5                    85.2   124     285     523         
770203*SGMR   8.2    23.6    41.2            84.3   124     274                 
770204 SGMR   7.4    22.5    39.1    56.7    81.0   120     285                 
770205 SGMR   8.2    21.2    36.6    59.3    80.8   121     274                 
770206 SGMR   7.2    23.3    39.6    54.1    77.5   117     277                 
770207 SGMR   7.8    24.5                    76.5   117     278                 
770208 SGMR   8.5    25.0                    80.3   120     273                 
770209 SGMR   7.8    23.7                    86.4   125     284     535         
770210 SGMR   7.3    22.8                    85.1   126     272     525         
770211 SGMR   9.4    24.5                    86.7   132     279     530         
770212 SGMR  22.0    27.2                    86.5   126     270                 
770213*SGMR  13.5    29.2                    85.7   127     267                 
770214 SGMR   8.0    21.8                    84.8   122     270     528         
770215*SGMR   8.0    24.7                    83.4   122     277                 
770216 SGMR   7.8    26.0                    88.0   126     284                 
770217 SGMR   8.0    25.6                    93.0   130     289                 
770218 SGMR   8.7    27.6                    88.1   127     283     527         
770219 SGMR   8.0    24.1                    84.4   124     274     527         
770220*SGMR   7.8    22.8                    82.3   122     271     530         
770221*SGMR   7.8    27.1                    81.4   118     271     531         
770222 SGMR   8.3    25.3                    78.6   118     271     526         
770223 SGMR   7.8    24.5                    77.4   117     272     528         
770224*SGMR   8.0    22.5                    75.2   115     265     524         
770225 SGMR   8.6    21.5                    73.9   113     262     530         
770226 SGMR   7.4    22.8    39.3    48.5    74.2   115     264     521         
770227 SGMR   7.8    24.6    37.3    49.2    75.1   115     270     523         
770228 SGMR   7.8    21.3                    75.2   114     274                 
770232 SGMR   8.7    24.4    38.9    53.6    81.9   121     275     527         
770301 SGMR   8.0    25.5    37.5    52.4    75.3   115     270     528         
770302 SGMR   7.8    21.3    39.3    51.5    76.9   117     273     526         
770303 SGMR   7.8    20.1    40.1    50.1    77.7   117     273     528         
770304*SGMR   7.1    18.5    41.1    54.5    78.6   119     270     526         
770305 SGMR   7.8    23.1    42.4    53.2    79.0   120     265     533         
770306 SGMR   8.1    24.3    40.8    55.3    78.5   121     275     518         
770307*SGMR   6.1    22.8    40.1    54.9    78.7   118     270     516         
770308 SGMR   7.8    23.3    42.1    56.4    84.0   123             533         
770309 SGMR  14.8    25.9    40.3    55.1    81.7   120     275     537         
770310 SGMR   7.5    22.4    42.0    55.2    81.1   122     272     528         
770311 SGMR   7.8    24.0    42.4    54.5    78.7   120     271     531         
770312 SGMR   7.7    21.6            51.1    76.0   118     265     524         
770313*SGMR   7.4    24.8                    78.0   117     267     517         
770314*SGMR   8.1    25.8            54.9    78.9   119     269     524         
770315*SGMR   7.6    22.9            51.1    75.2   115     265     537         
770316*SGMR   7.2    21.5    38.6    50.0    74.4   116     259     532         
770317*SGMR   7.2    20.5    41.6    50.6    74.0   112     263     530         
770318*SGMR   8.1    23.7    41.3    47.8    75.4   113     265     521         
770319 SGMR   8.1    25.6    43.2    50.5    74.8   113     272     526         
770320 SGMR   8.1    24.5    39.5    49.0    75.7   112     269     528         
770321 SGMR   7.8    21.8    41.4    49.1    73.9   114     262     520         
770322 SGMR   8.1    21.6    40.0    51.0    76.7   116     271     521         
770323*SGMR   7.8    21.4            50.9                           515         
770324 SGMR   8.1    18.4    40.3    50.9    76.9   116     272                 
770325 SGMR   7.7    18.4    38.5    48.7    74.7   113     270     523         
770326 SGMR   7.6    19.1    38.9    49.3    77.4   116     271     521         
770327 SGMR   7.8            38.1    48.2    75.3   114     269     517         
770328 SGMR   7.9            39.4    51.1    74.6   116     273     514         
770329 SGMR   7.7    23.9    37.9    49.3    73.7   115     268                 
770330 SGMR   7.8    23.7            50.8    73.7   116     269                 
770331*SGMR   7.7    23.1    38.2    49.8    73.1   113     262     517         
770332 SGMR   7.9    22.5    40.2    51.6    76.8   117     269     525         
770401 SGMR   7.8    23.7    39.2    50.5    75.1   115     274     521         
770402*SGMR                  39.5    51.9    76.7   116     271     527         
770403*SGMR                  39.6    51.1    75.0   116     269     516         
770404 SGMR                  41.4    51.9    76.7   116     279     525         
770405*SGMR                  39.6    51.9    73.7   115     276     525         
770406 SGMR                  39.7    52.5    77.8   116     275     516         
770407 SGMR                  37.8    51.4    78.8   115     277     524         
770408 SGMR   6.7    20.9    40.4    49.3    74.3   113     270     524         
770409 SGMR   7.1    23.3    38.5    51.2    77.3   116     277     524         
770410 SGMR   7.7    24.0    39.6    50.2    76.4   116     278     522         
770411 SGMR   8.2    24.3    41.3    53.7    79.6   118     273     524         
770412 SGMR   8.2    24.2    36.2    50.5    79.1   122     275                 
770413 SGMR   7.5    21.5    39.7    51.2    81.4   124     276     527         
770414 SGMR   7.6    22.4    40.4    51.9    83.5   124     279     522         
770415 SGMR   7.9    23.1    41.5    54.2    86.6   124     278     523         
770416 SGMR  11.3    24.3    40.7    53.7    85.1   121     276     524         
770417 SGMR   8.6    22.5    40.9    52.4    82.6   122     280     528         
770418 SGMR   7.5    23.6    37.8    51.4    78.7   119     270     527         
770419 SGMR   7.2    20.9    40.7    53.1    81.9   121     286     523         
770420 SGMR   7.3    19.7    44.1    52.8    81.3   121     276     522         
770421 SGMR   7.6    21.1    39.6    53.0    79.1   119     273                 
770422 SGMR   7.3    22.3    38.5    48.9    78.1   119     269                 
770423*SGMR   7.3    19.1    43.2    50.9    75.9   117     263                 
770424*SGMR   7.0    20.4    45.5    52.4    76.0   115     270                 
770425*SGMR   7.6    20.1    41.7    52.8    78.2   116     277     524         
770426 SGMR   7.9    20.6            51.5    75.8   115     269     516         
770427 SGMR   7.6    19.2            52.6    75.3   115     271     513         
770428 SGMR   7.9    20.4    34.2    51.9    73.6   114     266     520         
770429 SGMR   8.1    20.7    34.5    49.9    75.5   114     271     518         
770430 SGMR   8.3    20.5    35.9    49.9    74.2   116     271     521         
770432 SGMR   7.8    21.8    39.7    51.7    78.1   118     274     522         
770501 SGMR   8.0    19.5    35.6    51.0    75.2   117     274     531         
770502*SGMR   8.1    18.6    35.2    52.9    74.9   114             517         
770503 SGMR   8.3    18.9    35.7    52.3    82.7   121     280     530         
770504 SGMR   7.5    22.2    33.5    53.2    83.0   121     278     521         
770505 SGMR   8.0    18.2    34.6    53.5    79.1   117     272     525         
770506 SGMR   8.0    18.8    35.1    53.9    76.0   116     268     518         
770507 SGMR   8.3    19.2    34.3    55.4    77.5   116     272     532         
770508 SGMR   8.3    20.4    35.8    53.9    77.6   120     278     530         
770509*SGMR   8.7    23.1    38.7    55.0                           523         
770510*SGMR   8.5    20.9    35.9    54.9                                       
770511 SGMR   8.3    19.6    33.9    52.9    81.6   119     271     520         
770512 SGMR   8.3    19.6    34.2    51.5    78.0   119     272     519         
770513 SGMR   8.0    17.0    34.4    51.7    80.6   118     273     529         
770514 SGMR   8.3    22.3    37.9    54.2    84.4   122     281     523         
770515 SGMR   8.3    23.1    38.1    54.0    83.0   122     286     534         
770516 SGMR   8.3    21.2    37.2    55.2    84.2   123     280     526         
770517 SGMR   8.3    20.2    37.5    53.2    81.0   122     275                 
770518 SGMR  12.9    23.3    35.0    54.6    81.6   120     283                 
770519 SGMR   8.9    22.6    36.9    55.6    81.6   119     278     526         
770520 SGMR   8.6    22.3    37.7    55.6    79.2   119     280                 
770521 SGMR   8.6    21.5    37.8    53.1    79.0   118                         
770522 SGMR   9.5    22.0    39.8    52.3    76.8   120                         
770523 SGMR   8.4    21.6    37.0    52.1    80.8   120     275                 
770524 SGMR   8.4    20.5    36.8    48.0    77.3   117     278                 
770525 SGMR   8.4    21.4    36.2    47.6    75.2   114     275                 
770526 SGMR   8.4    22.0    36.9    46.0    74.8   115     280                 
770527 SGMR   8.0    21.4    38.1    48.8    77.5   116     275                 
770528 SGMR   8.4    21.4    37.7    51.1    78.4   118     274                 
770529 SGMR   8.8    21.4    38.5    52.6    82.2   119     278                 
770530 SGMR   8.7    24.8    39.7    56.3    88.2   127     282                 
770531 SGMR  13.1    25.1    38.4    56.7    88.8   126     280                 
770532 SGMR   8.7    21.1    36.6    52.9    80.0   119     277     526         
770601 SGMR  10.1    21.5    42.8    56.6    89.4   126     278                 
770602*SGMR   9.0    23.1    43.1    60.0    90.3   127     283                 
770603 SGMR  11.7    23.6    42.8    61.3    96.3   129     288                 
770604 SGMR  19.6    24.8    44.1    61.0    93.5   129     274                 
770605*SGMR  11.7    23.8    43.5    60.5    89.7   125     271                 
770606*SGMR  10.5    22.6    43.1    58.7    91.1   122     282                 
770607*SGMR  21.5    24.6    43.4    62.0    94.7   126     277                 
770608*SGMR  18.0    22.2    41.7    60.7    96.3   127     280                 
770609*SGMR  12.4    22.4    45.7    60.7    87.6   125     277                 
770610*SGMR  10.7    24.0    46.7    62.1    89.2   123     274                 
770611*SGMR  10.0    20.3    44.4    58.9    86.0   121     271                 
770612 SGMR   9.0    21.1    41.7    55.2    82.7   120     269                 
770613 SGMR  10.0    24.1    43.0    53.4    82.7   120     271                 
770614 SGMR   9.3    23.6    42.1    53.2    80.9   120     276                 
770615 SGMR   8.6    22.0    39.4    49.7    79.8   118     268                 
770616 SGMR   9.3    23.3    40.3    49.8    80.2   118     274                 
770617 SGMR   9.2    20.9    43.2    52.3    81.0   121     275                 
770618*SGMR   8.9    23.4    42.1    52.4    83.5   122     280                 
770619 SGMR   9.6    20.8    40.6    55.3    89.6   122     273                 
770620 SGMR  10.0    23.5    43.0    57.5    89.0   127     273                 
770621 SGMR   8.9    22.7    43.6    58.4    91.9   128     275                 
770622 SGMR   9.6    23.7    45.1    65.5   102.0   138     284                 
770623 SGMR   8.8    22.0    43.3    65.1    98.7   136     287     530         
770624 SGMR   9.3    25.2    48.0    69.8   106.0   146     297     549         
770625 SGMR  10.5    24.5    47.2    70.9   115.0   156     312                 
770626 SGMR          23.8    46.8    75.5   118.0   160     308                 
770627 SGMR  10.3    26.5    48.2    73.8   116.0   152     303                 
770628 SGMR  12.3    28.3    46.6    70.2   112.0   151     298                 
770629 SGMR  12.4    25.2    47.6    69.9   109.0   147     285                 
770630 SGMR  16.8    29.5    46.2    66.2   105.0   142     289                 
770632 SGMR  11.3    23.6    44.0    61.0    94.0   131     281                 
770701 SGMR  12.9    26.3    47.2    65.7   101.0   136     283                 
770702 SGMR  11.1    27.9    44.9    62.4    99.3   133     285                 
770703 SGMR  18.8    30.3    46.6    62.0    96.4   130     282                 
770704 SGMR  24.1    36.6            60.4    95.1   130     278                 
770705 SGMR  10.6    22.0    45.2    55.5    89.7   126     279                 
770706 SGMR   9.6    20.1    45.1    54.5    89.4   126     285                 
770707 SGMR                  45.0    54.1    85.2   123     276                 
770708*SGMR   8.4    22.3    42.3    53.6    76.9   119     273                 
770709 SGMR   8.4    23.1    42.1    48.5    76.7   115     270                 
770710 SGMR   7.7    22.3    38.8    47.9    76.3   115     268                 
770711 SGMR   7.1    20.6    41.6    46.8    74.5   114     270                 
770712*SGMR   8.6    24.0    39.5    49.4    74.9   112     270                 
770713*SGMR   8.1    21.3    40.6    50.7    75.3   114     271                 
770714 SGMR   9.0    23.8    41.9    47.5    75.7   114     270                 
770715 SGMR   8.8    24.1    40.7    47.1    74.5   114     271                 
770716 SGMR   8.6    24.4    41.2    45.5    74.5   114     270                 
770717 SGMR   8.4    22.4    41.5    47.8    74.8   115     267                 
770718 SGMR                                                                     
770719 SGMR   8.1            41.0    50.3    75.9   116     265                 
770720 SGMR   8.2    22.0    42.4    50.1    78.1   117     270                 
770721 SGMR   8.6    21.6    43.8    49.6    80.6   117     268                 
770722 SGMR   8.9    21.8    43.0    53.1    87.3   118     276                 
770723 SGMR   8.4    25.1    44.1    55.5    84.0   122     285                 
770724 SGMR   8.6    24.2    44.2    53.8    84.5   121     282                 
770725*SGMR   9.2    23.5    46.0    56.6    85.1   121     281                 
770726 SGMR   9.0    26.0    47.6    58.0    85.8   121     280                 
770727 SGMR   8.8    26.0    48.5    58.2    85.6   121     278                 
770728 SGMR   7.2    23.3    49.0    58.0    86.7   125     277                 
770729 SGMR   8.4    25.3    47.5    57.3    86.6   124     275                 
770730 SGMR   9.0    25.3    45.4    56.8    83.0   119     271                 
770731 SGMR   7.2    24.7    42.3    51.4    80.4   118     279                 
770732 SGMR   9.6    24.3    43.8    53.6    83.1   120     275                 
770801 SGMR   8.2    24.7    43.4    54.5    81.2   121     273     533         
770802 SGMR   8.6    24.8    43.1    50.9    80.5   119     277     522         
770803 SGMR   8.4    23.0    42.6    51.5    79.6   119     269     523         
770804 SGMR   8.4    22.9    42.2    50.4    82.8   122     276     537         
770805 SGMR   8.4    19.1    40.8    52.9    85.5   129     278     532         
770806 SGMR   9.4    21.4    41.9    53.7    86.3   126     272     526         
770807 SGMR   7.8    18.7    41.3    53.7    85.2   125     269     524         
770808 SGMR   7.5    19.2    40.9    50.4    83.0   120     268     520         
770809 SGMR   8.2    19.4    43.7    52.0    84.7   123     271     527         
770810 SGMR   8.4    20.6    42.8    55.0    86.0   123     283     533         
770811 SGMR   9.1    20.7    46.2    52.6    86.5   122     278     521         
770812*SGMR   7.5            44.4    56.3    86.0   119     275     536         
770813 SGMR   9.4    24.4    44.4    58.7    89.6   120     277     528         
770814 SGMR   9.2    23.9    44.6    59.9    87.0   123     272     529         
770815 SGMR   8.6    22.1    43.9    54.1    85.4   121     275     525         
770816 SGMR   8.4    24.2    45.3    57.9    87.0   123     280     532         
770817*SGMR   9.2    21.8    46.1    60.0    84.6   119     275     522         
770818 SGMR   8.8    23.3    46.7    59.6    86.3   119     275     522         
770819 SGMR   8.6    23.8    44.5    58.4    86.2   122     283     528         
770820 SGMR   9.6    23.8    46.9    58.8    88.9   124     286     535         
770821 SGMR   9.8    23.4    50.9    57.5    90.3   129     283     527         
770822*SGMR  10.2    25.7    47.5    59.8    89.2   126     279     525         
770823 SGMR   8.9    24.7    47.0    57.6    84.6   120     272     525         
770824 SGMR   8.6    20.6    46.2    57.8    84.6   122     273     524         
770825 SGMR   8.9    23.6    45.4    54.0    86.5   125     285     536         
770826 SGMR  10.2    24.0    44.9    55.6    88.7   123     279     539         
770827 SGMR  11.4    23.4    43.7    54.6    83.7   121     279     526         
770828 SGMR  11.3    21.5    42.8    52.2    82.7   119     273     525         
770829 SGMR   9.2    22.5    43.0    55.0    87.6   123     276     527         
770830 SGMR   8.9    21.4    42.8    54.8    86.3   122     276     522         
770831 SGMR   8.3    19.4    42.6    54.9    85.8   124     277     528         
770832 SGMR   8.9    22.4    44.3    55.3    85.5   122     276     528         
770901 SGMR   8.3    19.8    40.8    52.1    82.8   121     274     522         
770902 SGMR   7.8    18.9    40.1    53.1    81.1   121     276     523         
770903 SGMR   8.1    16.9    44.3    55.8    89.8   123     279     525         
770904 SGMR   7.9    18.1    40.7    53.5    83.7   119     277     532         
770905 SGMR   8.3    20.5    42.3    55.8    84.7   121     274                 
770906 SGMR   8.6    19.1    42.5    54.3    83.9   121     273                 
770907 SGMR   9.3    21.2    44.4    55.7    89.0   122     282                 
770908 SGMR   9.3    16.8    48.4    59.0    96.2   129     284     531         
770909 SGMR                                                                     
770910*SGMR   8.8    19.0    46.5    66.1    96.6   141     297     535         
770911 SGMR   9.9    23.3    46.8    65.2   105.6   151     309     544         
770912 SGMR   9.8    23.6    49.4    66.6   110.7   154     305     537         
770913*SGMR   9.1    24.8    49.5    74.6   115.1   151     303     529         
770914 SGMR   9.2    27.0    44.5    74.2   119.6   156     302     527         
770915 SGMR   8.5    24.9    50.2    72.8   124.0   161     303     538         
770916*SGMR   9.2    24.8    50.4    78.2   126.7   160     302     547         
770917*SGMR   8.7    21.6    49.0    76.0   125.1   155     295     540         
770918 SGMR   9.4    25.2    47.9    73.9   120.9   153     292     532         
770919 SGMR  10.3    27.7    47.8    72.5   104.6   146     294     531         
770920*SGMR  11.4    22.9    47.5    71.1   105.5   142     290     530         
770921*SGMR  10.8    22.6    48.9    71.1   107.1   138     285     529         
770922 SGMR  17.5    25.1    48.5    64.6   108.1   135     289     527         
770923 SGMR  10.0    25.2    47.8    65.6   104.2   132     282     531         
770924*SGMR   9.5    20.4    46.0    67.6   105.0   133     281     530         
770925*SGMR  11.7    24.1    46.4    65.4   104.6   132     282     524         
770926*SGMR   9.0    24.5    46.1    67.9   105.3   134     282     531         
770927 SGMR   9.1    26.6    47.3    65.1    99.3   137     286     534         
770928 SGMR   9.6    28.2    46.7    63.1   100.3   137     289     538         
770929 SGMR   9.9    26.3    44.7    65.4   100.4   138     285     531         
770930 SGMR  10.2    24.8    45.8    61.5    98.2   135     284     532         
770932 SGMR   9.6    22.9    46.2    65.1   102.7   138     288     532         
771001 SGMR   9.4    27.3    46.4    63.7    92.7   133     286     531         
771002*SGMR  11.6    29.7    46.3    62.0    94.5   130     278     523         
771003*SGMR  14.9    27.1    46.9    66.0   101.1   133     278     523         
771004 SGMR   9.7    27.8    50.1    67.4   100.3   134     289     540         
771005 SGMR  18.5    20.0    50.8    73.3   112.2   147     298     548         
771006*SGMR  10.5    28.1    50.0    72.9   107.1   139     290     545         
771007 SGMR  24.3    35.6    52.0    70.0   105.4   139     287     542         
771008 SGMR  12.3    30.9    54.6    71.3   107.2   139     295     537         
771009*SGMR  10.6    29.6    50.2    70.9   105.8   135     289     540         
771010 SGMR   9.1    30.6    50.4    66.4    98.4   129     283     544         
771011 SGMR   8.6    25.6    51.8    65.9    97.5   131     282     544         
771012*SGMR   8.4    27.3    52.1    71.0   103.0   136     284     532         
771013*SGMR   9.1    30.0    51.2    70.2   101.9   134     285     525         
771014*SGMR   9.1    28.9    49.6    70.2    99.6   130     278     527         
771015*SGMR   8.5    25.6    49.8    70.5    95.6   131     272     531         
771016 SGMR  13.9    26.8    49.7    68.1    98.9   132     274     536         
771017*SGMR  18.4    33.8    49.5    67.6    95.9   129     269     534         
771018 SGMR   9.1    28.9    49.8    65.2    97.2   129     280     540         
771019*SGMR                  50.0    71.3   107.1   139     287     527         
771020*SGMR  15.3            49.4    66.7   104.6   136     281     524         
771021 SGMR  14.3            48.4    64.5   102.2   137     287     535         
771022 SGMR  13.6    30.7    46.6    62.0    95.3   130     282     536         
771023 SGMR   8.4    23.4    45.4    57.9    89.2   125     285     532         
771024 SGMR   8.3    21.6    45.8    59.4    91.4   126     282     540         
771025 SGMR   8.1    27.2    45.5    57.5    90.3   126     282     523         
771026*SGMR   8.1            44.6    59.0    90.7   126     282     525         
771027 SGMR   8.1    26.4    46.7    60.0    92.9   127     279     527         
771028 SGMR   8.7    26.7    47.8    61.4    91.6   126     281     535         
771029 SGMR   9.6    26.4    47.2    63.5    93.4   128     280     544         
771030 SGMR   9.7    28.3    51.3    65.6    99.0   132     292     543         
771031 SGMR  10.3    31.0    48.4    65.8   101.1   133     291     541         
771032 SGMR  11.3    28.0    49.9    66.0    98.8   132     283     535         
771101 SGMR  13.6    30.2    47.6    65.9    97.6   133     280     523         
771102 SGMR   8.5    26.0    50.5    68.0    95.8   128     278     518         
771103 SGMR   9.3    26.2    51.4    64.5    93.2   126     276     528         
771104 SGMR   8.9    25.5    51.1    64.8    91.4   125             518         
771105*SGMR   8.8    26.4    50.3    67.2    91.0   126     275     515         
771106 SGMR   8.3    26.8    52.4    66.4    94.1   127     273     512         
771107 SGMR   9.7    27.5    50.7    67.3    94.4   123     268     510         
771108*SGMR   8.1    27.7    51.0    66.9    92.0   125     270     511         
771109*SGMR   8.1    27.5    53.4    66.1    92.1   127     270     512         
771110 SGMR   8.6    25.8    50.5    67.6    95.1   127     274     519         
771111 SGMR   8.1    24.2    47.7    66.4    97.5   133     286     529         
771112 SGMR   9.8    29.6    50.3    67.2    99.3   130     288     541         
771113*SGMR   9.7    29.4    50.5    69.8    96.6   130     293     535         
771114 SGMR   8.5    27.7    54.2    68.7   101.8   133     296     540         
771115 SGMR  10.7    28.4    50.3    71.5   104.1   135     296     546         
771116 SGMR   9.7    26.1    55.3    68.1   102.5   134     286     529         
771117*SGMR  15.9    32.0    54.0    71.3   104.2   143     285     530         
771118 SGMR   9.7    22.7    52.7    77.4   103.9   144     286     535         
771119 SGMR   9.1    26.1    51.4    73.0   104.8   142     292     534         
771120 SGMR  26.2    28.4    49.4    72.6   102.3   139     290     531         
771121*SGMR   8.1    23.1    48.3    70.5    96.3   134     285     524         
771122 SGMR   8.7    23.0    51.4    66.5    94.5   131     281     520         
771123 SGMR   8.7    23.3    49.8    64.7    93.9   129     283     524         
771124*SGMR   8.2    21.7    44.0    63.6    88.6   124     280     526         
771125 SGMR   8.2    22.1    43.3    61.5    89.5   125     282     528         
771126*SGMR   8.2    21.6    44.2    59.0    86.3   123     283     525         
771127 SGMR   8.4    23.3    43.2    60.3    88.7   123     285                 
771128 SGMR   8.4    22.5    46.3    61.9    89.7   125     285     521         
771129 SGMR   8.4    23.9    45.6    64.3    89.6   125     281     515         
771130 SGMR   8.6    25.6    46.3    62.1    88.8   127     279     517         
771132 SGMR   9.8    25.8    49.6    66.8    95.3   130     282     525         
771201*SGMR  11.8    24.9    46.4    67.0    88.8   133     276     521         
771202 SGMR   9.1    28.3    49.8    69.3    96.4   132     279     532         
771203 SGMR   8.4    25.4    49.8    72.9    96.9   132     278     529         
771204 SGMR   8.6    26.3    52.7    71.7   101.5   134     289     532         
771205*SGMR  11.0    26.4    51.8    75.4   106.0   140     292     532         
771206*SGMR  10.7    27.5    52.2    78.6   107.6   145     299     535         
771207 SGMR   9.0    25.7    52.6    78.6   113.1   155     305                 
771208 SGMR   9.7    29.3    52.2    78.7   111.7   143     305     540         
771209*SGMR  12.0    29.3    54.0    79.5   116.2   152     310     541         
771210 SGMR  18.9    32.1    58.3    81.8   123.2   156     320                 
771211 SGMR  14.7    29.0    58.2    79.4   117.4   148     310                 
771212 SGMR  13.5    31.4    58.5    86.7   119.7   149     313     542         
771213*SGMR  11.9    26.2    56.6    80.8   107.4   136     291     533         
771214*SGMR  11.0    25.7    52.4    85.2    97.5   132     289     531         
771215 SGMR  10.3    26.6    52.5    72.4    94.0   128     284     533         
771216 SGMR  10.7    27.1    50.9    71.2    94.4   130     286     540         
771217 SGMR  10.2    25.6    52.8    69.2    96.5   134     292     548         
771218*SGMR  11.5    27.7    52.6    72.3    97.5   133     278     543         
771219*SGMR  10.4    24.9    49.1    65.2    91.3   127     286     538         
771220*SGMR   9.2    24.4    50.8    65.9    89.9   127     280     534         
771221*SGMR   9.5    24.8    50.0    64.7    84.4   128     281     535         
771222*SGMR  15.2    44.0    50.1    64.4    91.7   128     290     536         
771223 SGMR  14.9    22.9            64.9    93.8   130     284     537         
771224 SGMR  16.0    28.6    49.9    64.4    96.6   131     286     537         
771225*SGMR  10.1    27.9    49.6    70.0    99.1   135     290     541         
771226 SGMR  11.1    23.4    53.1    70.6   104.6   141     298     550         
771227 SGMR   9.6    24.5    49.0    70.6   102.1   136     294     547         
771228 SGMR   8.5    21.5    52.1    69.6   106.2   142     297     547         
771229 SGMR   8.8    24.9    52.7    77.0   115.8   149     302     553         
771230 SGMR   8.8    26.4    53.1    80.0   114.9   150     294     548         
771231 SGMR   9.5    27.9    55.0    80.2   128.6   158     302                 
771232 SGMR  11.1    27.1    52.3    73.5   103.4   139     293     538         

