740101*SGMR   7.2    17.9    36.0    48.5    70.0   118     268     521         
740102 SGMR   8.3    22.0    35.8    53.2    72.4   123     270     520         
740103 SGMR   8.0    21.3    35.0    49.5    71.2           271     519         
740104 SGMR   8.0    21.3    35.6    50.3    71.3   125     275     523         
740105 SGMR   8.3    20.9    36.4    49.2    71.0   121     268     522         
740106 SGMR   8.2    21.7    36.2    50.9    73.8   126     272     519         
740107 SGMR   8.1    21.1    36.6    51.5    74.2   129     274     519         
740108 SGMR   7.8    23.1    39.0    55.0    79.6   133     278     522         
740109*SGMR   8.5    24.0    39.4    59.6    82.1   132     284     524         
740110*SGMR   8.9    24.2    39.8    62.3    86.7   133     286     526         
740111*SGMR  11.3    26.2    38.1    66.1    90.3   132     285     526         
740112 SGMR   9.8    28.8    41.2    71.3    92.4   134     285     525         
740113 SGMR   9.7    24.7    43.7    71.0    93.2   135     275     519         
740114 SGMR  11.5    26.7    45.0    70.2    95.0   140     275     519         
740115 SGMR  13.6    21.9                    93.1   136     268     519         
740116*SGMR   9.8    25.5    45.3    67.6    90.0   133     272     520         
740117 SGMR   9.8    27.0    46.1    66.2    89.1   132     279     522         
740118 SGMR   9.3    26.7    46.4    66.0    86.7   128     274     517         
740119 SGMR   8.8    20.1    43.5    64.2    85.7   125     268     516         
740120 SGMR   9.0            42.8    62.4    84.0   124     273     516         
740121 SGMR   8.5            40.1    57.6    79.6   123     265     519         
740122 SGMR   8.3    19.0    38.8    57.9    84.0   130     266     516         
740123 SGMR   8.3    19.2    37.2    55.1    81.4   127     262     514         
740124 SGMR   8.2    17.4    34.6    51.0    77.0   127     264     522         
740125 SGMR   7.9    17.8    35.5    49.5    72.2   118     260     504         
740126 SGMR   7.9    17.2    34.5    46.9    69.3   120     256     519         
740127 SGMR   7.6    16.8    35.1    47.7    70.4   119     254     517         
740128 SGMR                  34.5    48.8    69.3   118     254     515         
740129 SGMR   7.7    17.0    35.8    47.5    69.6   117     261     516         
740130 SGMR   8.1    17.3    35.1    48.3    70.8   118     264     516         
740131 SGMR   7.9    17.7    34.6    49.2    68.2   119     262     515         
740132 SGMR   8.8    21.6    38.6    56.5    79.5   127     270     519         
740201 SGMR   8.7    22.1    36.7    50.2    70.2   118     269     515         
740202*SGMR   9.5    24.1    38.0    52.9    74.8   119     277     518         
740203 SGMR   9.4    24.5    37.9    52.6    73.7   116     272     518         
740204 SGMR   9.1    23.0    38.6    52.0    71.6   117     272     510         
740205 SGMR   9.4    23.8    40.5    52.6    75.7   119     270     513         
740206 SGMR   8.5    22.6    38.5    54.5    76.4   120     271     517         
740207*SGMR  11.0    24.8    38.9    55.3    77.7   120     272     514         
740208 SGMR   9.0    24.0    40.2    58.0    79.7   125     278     516         
740209 SGMR   9.1    24.4    40.9    55.3    80.8   124     277     515         
740210 SGMR   9.3    24.5    41.2    57.1    80.9   124     278     512         
740211 SGMR   9.2    24.8    38.9    56.1    78.7   123     273     508         
740212 SGMR   8.6    23.3    40.2    54.9    76.1   121     268     508         
740213 SGMR   8.5    19.1    40.9    55.2    75.7   123     268     508         
740214 SGMR   8.9    19.5    40.9    54.3    76.0   120     271     508         
740215 SGMR  19.6    26.1    42.5    55.6    81.9   128     281     520         
740216 SGMR  11.4    26.4    41.9    57.6    83.5   127     277     516         
740217 SGMR  16.4    25.5    40.9    57.1    83.8   128     275     513         
740218 SGMR  15.8    28.6    41.0    58.0    84.5   128     277     515         
740219 SGMR  10.3    19.4    38.6    55.5    80.3   127     275     511         
740220 SGMR   9.0    17.8    38.3    55.7    79.6   125     266     513         
740221 SGMR   8.7    18.0    38.3    54.9    82.3   126     274     520         
740222*SGMR   8.7    18.9    37.6    57.7    81.9   127     270     524         
740223*SGMR                                                         518         
740224 SGMR   8.8    21.9    37.2    52.0    79.7   125     270     515         
740225 SGMR   8.2    18.2    37.3    52.7    79.3   124     272     514         
740226 SGMR   8.6    18.4    37.2    51.4    74.1   120     270     513         
740227 SGMR   7.6    18.4    37.0    52.2    76.7   121     266     511         
740228 SGMR   8.0    17.6    37.3    50.4    76.5   121     268     502         
740232 SGMR  10.0    22.2    39.2    54.5    78.2   123     272     514         
740301 SGMR   8.1    18.0    37.6    52.7    74.9   122     265     504         
740302 SGMR   7.9    18.5    37.6    52.1    75.4   122     268     509         
740303 SGMR   8.2    19.4    37.3    48.9    77.2   123     271     510         
740304 SGMR   8.3    18.4    37.7    52.8    75.9   125     263     517         
740305 SGMR   8.2    18.3    36.7    52.4    77.2   125     265     520         
740306 SGMR   8.1    17.9    39.3    51.2    75.1   122     266     510         
740307 SGMR   8.2    17.9    37.6    51.9    74.4   121     266     519         
740308 SGMR   8.6    18.5    38.0    51.6    75.9   121     273     517         
740309 SGMR   9.5    21.2    40.1    55.4    78.9   123     275     513         
740310*SGMR   9.0    18.7    39.4    56.2    82.9   128     275     512         
740311 SGMR                  40.8    56.4    84.2   126     279     511         
740312 SGMR                  41.9    60.0    85.9   126     280     515         
740313 SGMR                  40.5    58.9    82.6   124     279     515         
740314 SGMR   8.9    18.5    40.1    58.3    82.3   124     275     514         
740315 SGMR   8.7    20.1    42.9    59.7    80.5   124     277     513         
740316 SGMR   8.6    19.2    41.3    60.6    82.6   125     279     519         
740317 SGMR   7.5    15.1    40.9    60.1    81.4   124     276     522         
740318 SGMR   8.5    18.4    41.7    57.4    80.2   124     277     523         
740319 SGMR   9.0    18.8    38.2    58.0    77.6   122     273     514         
740320 SGMR   8.3    18.6    38.1    54.5    77.4   121     273     510         
740321*SGMR   8.5    19.7    38.7    56.7    74.3   121     272     519         
740322 SGMR   8.3    19.8    38.8    52.4    78.4   124     274     511         
740323 SGMR   8.3    20.5    38.2    53.4    78.1   124     274     517         
740324*SGMR   8.0    18.1    38.6    51.9    74.4   123     272     521         
740325 SGMR   8.4    21.4    37.1    49.0    72.8   119     271     511         
740326 SGMR   8.7    20.1    36.7    48.3    69.5   115     266     507         
740327 SGMR   8.4    21.5    35.0    47.6    71.5   117     270     515         
740328 SGMR   8.6    19.3    35.3    44.9    69.1   117     271     509         
740329 SGMR   9.6    22.8    37.5    45.5    69.0   117     271     514         
740330 SGMR   8.8    19.8    36.8    47.6    70.0   116     265     513         
740331 SGMR   8.5    19.4    37.0    46.9    71.0   118     264     513         
740332 SGMR   8.5    19.2    38.6    53.3    76.8   122     272     514         
740401 SGMR   8.4    18.7    36.2    47.1    71.2   119     271     517         
740402*SGMR   7.8    18.7    35.0    46.2    69.5   116     264     506         
740403 SGMR   8.6    20.0    32.1    46.2    69.1   118     260     510         
740404 SGMR   8.5    21.5    35.4    48.2    73.1   119     263     518         
740405 SGMR   8.6    21.3    35.9    50.1    74.0   121     262     512         
740406 SGMR   9.0    20.4    37.8    49.5    78.1   123     271     512         
740407 SGMR   8.8    22.4    38.1    51.8    77.5   122     272     512         
740408 SGMR   8.3    21.8    38.5    51.9    79.2   125     270     513         
740409*SGMR  11.5    23.8    38.2    58.9    86.5   129     280     514         
740410*SGMR  10.6    26.2    39.5    61.7    91.9   139     285     516         
740411 SGMR  11.6    27.9    44.1    64.8    98.3   153     286     521         
740412 SGMR  25.4    36.2    49.3    65.1   104.3   158     292     521         
740413*SGMR  17.3    30.4    46.0    65.0   101.9   151     299     529         
740414 SGMR  18.1    26.0    44.7    68.5   110.2   169     310     524         
740415 SGMR  15.3    27.5    46.6    71.8   120.3           330     537         
740416 SGMR  16.6    25.2    48.6    67.4   111.4   177     318     521         
740417 SGMR  22.0    35.9    47.7    62.1    98.1   156     300     522         
740418 SGMR  11.9    26.0    41.7    61.5    92.6   139     294     521         
740419 SGMR  11.7    22.7    40.3    57.2    85.9   128     286     517         
740420 SGMR   9.4    23.4    35.2    50.2    79.3   120     278     511         
740421 SGMR   8.6    22.7    37.3    49.3    75.8   120     271     509         
740422 SGMR   9.2    23.8    37.5    48.0    71.1   118     268     506         
740423 SGMR   8.8    21.6    33.6    47.7    69.5   117     264     505         
740424*SGMR   8.9    22.7    37.4    49.4    70.7   120     270     510         
740425 SGMR   9.4    23.6    35.6    47.0    72.8   117     272     511         
740426 SGMR  10.3    22.3    37.9    48.6    71.7   117     269     510         
740427 SGMR   8.4    21.8    38.3    49.2    72.0   118     273     508         
740428 SGMR   8.3    22.3    39.1    51.5    72.7   120     269     516         
740429 SGMR   9.2    22.4    39.8    52.3    77.0   124     272     517         
740430 SGMR   9.7    23.4    42.6    57.4    85.7   134     282     519         
740432 SGMR  11.3    24.1    39.7    54.9    83.7   131     280     516         
740501 SGMR  10.6    24.2    44.5    61.2    94.4   143     284     526         
740502 SGMR  18.3    31.8    50.7    74.5   112.6   154     298     536         
740503 SGMR  17.7    27.3    46.8    75.4   112.4   154     295     525         
740504 SGMR  15.1    25.6    45.4    77.6   115.4   149     290     522         
740505 SGMR  12.4    26.1    46.2    78.7   115.6   151     291     520         
740506 SGMR   9.6    25.6    49.0    86.5   119.9   152     295     521         
740507 SGMR   9.9    26.5    49.7    84.6   116.5   145     289     521         
740508 SGMR   9.2    25.6    49.6    82.4   113.6   143     292     521         
740509 SGMR  11.2    26.8    48.5    81.6   108.5   138     289     524         
740510*SGMR  10.5    25.4    48.8    78.1   101.2   138     287     522         
740511 SGMR  10.8    26.1    48.3    73.5   102.3   137     285     520         
740512*SGMR  11.1    27.4    46.7    70.9    93.7   131     284     518         
740513 SGMR  10.1    25.0    46.0    66.5    89.5   132     277     516         
740514 SGMR  10.1    24.7    44.4    60.0    83.3   129     278     515         
740515 SGMR   9.3    24.8    42.2    57.1    74.9   125     272     511         
740516 SGMR   9.9    22.7    39.7    53.3    75.6   122     269     508         
740517 SGMR   8.7    23.0    36.6    49.6    71.5   119     264     514         
740518 SGMR   9.2    21.3    36.8    46.1    70.4   119     265     509         
740519 SGMR   8.5    21.8    35.8    46.1    69.7   117     268     511         
740520 SGMR   9.0    21.1    36.2    44.3    67.6   115     268     507         
740521 SGMR   9.1    21.8    36.2    46.9    67.9   116     270     510         
740522 SGMR   8.6    21.1    36.3    46.7    67.2   117     269     512         
740523*SGMR   8.4    20.7    36.3    43.6    68.0   117     268     510         
740524 SGMR   8.1    21.9    37.2    47.0    68.4   116     267     506         
740525*SGMR   8.6    22.0    37.9    47.0    70.6   117     265     520         
740526*SGMR   9.3    23.2    39.4    52.0    77.0   122     273     520         
740527 SGMR  13.2    23.6    40.4    55.7    82.9   128     280     519         
740528 SGMR  10.1    24.3    41.2    56.8    83.8   130     279     523         
740529*SGMR  11.2    26.3    43.1    59.5    84.7   132     280     522         
740530 SGMR  10.9    23.5    42.2    60.3    86.0   134     280     520         
740531 SGMR  10.5    24.1    43.1    60.5    90.4   138     282     522         
740532 SGMR  10.6    24.4    42.7    62.1    88.9   132     279     518         
740601*SGMR   9.7    21.5    44.7    64.5    91.1   138     281     519         
740602 SGMR   9.6    24.3    45.0    64.0    96.2   138     280     515         
740603 SGMR   9.9    25.1    47.4    64.2    94.2   135     277     515         
740604 SGMR  10.5    26.5    48.7    72.6    91.7   135     280     514         
740605 SGMR   9.6    27.1    46.4    66.4    90.3   134     274     523         
740606 SGMR  11.8    27.6    48.0    64.7    89.1   132     280     522         
740607 SGMR  10.2    31.3                    87.9   132     277     524         
740608 SGMR  16.3    28.9    49.5    74.6   104.7   145     293     522         
740609 SGMR  13.7    27.2    44.1    62.0    88.6   132     276     524         
740610 SGMR  13.2    25.5    43.8    59.9    89.9   136     282     519         
740611 SGMR  12.3    24.8    43.3    62.3    91.6   138     280     523         
740612 SGMR  21.1    29.0    42.6    58.3    84.5   132     281     517         
740613 SGMR  15.2    27.5    42.6    57.2    83.5   128     279     514         
740614 SGMR  15.7    28.8    41.4    57.0    82.7   126     276     510         
740615 SGMR  21.9    27.5    41.7    55.4    79.7   124     273     506         
740616 SGMR  16.3    27.3    43.3    59.4    81.9   125     274     518         
740617 SGMR  14.3    22.9    41.1    59.2    81.4   128     270     505         
740618 SGMR  18.5    25.2    39.4    56.7    80.1   125     267     502         
740619 SGMR  10.0    22.7    39.3    52.8    75.9   123     268     509         
740620 SGMR   8.8    20.6    39.0    55.2    78.4   123     266     509         
740621 SGMR   8.5    22.0    38.3    51.7    77.1   121     261     509         
740622 SGMR   8.8    22.9    38.3    51.5    77.5   121     262     513         
740623 SGMR   9.8    22.9    40.5    51.7    77.6   122     270     513         
740624 SGMR  10.1    23.2    38.9    50.3    75.6   119     269     517         
740625 SGMR   9.5    22.8    38.0    50.8    76.4   120     271     524         
740626 SGMR  10.2    22.9    38.7    51.6    77.5   121     272     525         
740627 SGMR   9.9    24.2    42.1    53.2    79.5   123     270     518         
740628 SGMR   9.1    23.7    40.3    52.6    80.6   124     274     517         
740629*SGMR   8.8    23.3    42.6    60.7    86.7   134     277     508         
740630 SGMR   9.3    23.5    42.0    57.8    90.9   137     280     521         
740632 SGMR  12.1    25.1    42.5    58.6    84.8   129     275     516         
740701 SGMR  31.7    33.2    47.8    63.7   102.6   158     303     538         
740702 SGMR          56.3    47.9    65.5   109.6   167     316     546         
740703 SGMR  30.5    33.1    48.2    67.3   114.1   171     314     549         
740704 SGMR                                                                     
740705 SGMR  12.2    26.3    47.2    72.9   122.9   181     330     548         
740706 SGMR  10.5    25.2    45.2    70.5   116.6   166     309     523         
740707 SGMR  12.1    25.5    45.5    65.2   109.0   154     300     531         
740708 SGMR  12.0    24.2    41.5    60.9    99.0   147     294     527         
740709 SGMR  13.3    24.8    39.6    56.3    89.8   137     285     520         
740710 SGMR  10.0    23.2    39.0    55.0    83.4   130     278     511         
740711 SGMR  11.1    22.2    37.6    52.1    80.0   125     278     510         
740712 SGMR  11.2    23.2    39.5    51.2    80.0   124     273     514         
740713 SGMR  10.9    23.6    40.2    52.9    79.0   124     272     510         
740714 SGMR  23.9    37.0    41.2    51.3    79.3   125     279     516         
740715 SGMR  13.1    23.3    39.6    54.1    81.8   126     282     516         
740716*SGMR  27.4    28.4    46.4    58.1    88.8   132     287     518         
740717 SGMR  10.0    23.3    40.8    57.0    87.8   130     288     508         
740718 SGMR  11.3    22.9    40.0    57.8    82.0   124     281     516         
740719*SGMR  11.8    23.6    40.8    58.3    83.6   129     281     506         
740720 SGMR   9.4    23.8    40.2    57.1    83.7   124     279     513         
740721 SGMR   9.2    22.9    40.2    57.0    86.1   130     289     516         
740722 SGMR  11.8    24.7    41.8    57.7    91.9   137     288     527         
740723 SGMR  11.6    24.9    41.4    60.9    93.6   136     290     526         
740724 SGMR  11.1    24.8    40.4    57.2    89.5   130     285     507         
740725 SGMR  11.3    25.6    42.6    58.4    85.9   127     279                 
740726 SGMR  11.5    27.7    44.6    62.3    89.4   129     281     506         
740727 SGMR  14.5    23.9    42.6    62.1    85.0   124     278     520         
740728 SGMR  21.6    28.1    40.7    56.7    81.5   123     269     510         
740729 SGMR   9.8    22.9    44.2    59.0    80.5   121     273     523         
740730 SGMR   9.5    21.9    42.9    58.7    80.9   125     273     524         
740731 SGMR  10.2    22.5    42.6    54.4    83.3   129     279     518         
740732 SGMR  13.9    26.4    42.4    59.1    90.7   136     287     521         
740801 SGMR   9.4    21.2    41.5    56.7    81.4   127     275     522         
740802 SGMR   9.4    21.7    40.0    54.5    81.0   126     276     517         
740803 SGMR   9.4    20.6    37.9    52.9    79.7   123     272     531         
740804 SGMR   9.6    20.7    39.0    53.5    82.7   129     276     532         
740805 SGMR   9.4    22.1    38.2    52.0    81.2   128     276     521         
740806 SGMR   9.4    22.8    41.4    55.0    84.0   128     278     513         
740807 SGMR  10.2    22.5    39.9    55.7    82.7   127     278     503         
740808 SGMR  11.3    21.8    40.7    56.2    85.1   129     283     515         
740809 SGMR  10.6    22.6    41.0    59.0    83.9   128     277     514         
740810 SGMR  10.0    21.6    40.1    58.9    85.9   130     279     510         
740811 SGMR  11.1    24.4    41.9    60.3    90.0   137     286     521         
740812 SGMR  22.2    26.9    44.3    62.1    95.0   139     292     513         
740813 SGMR   9.7    24.0    44.3    61.2    91.5   136     286     521         
740814 SGMR   9.0    23.3    43.1    58.3    87.7   133     281     508         
740815 SGMR   9.2    25.1    43.4    60.0    87.0   132     285     526         
740816 SGMR   8.9    21.8    41.5    61.7    91.9   137     292     521         
740817 SGMR  10.7    26.7    45.6    62.7    95.2   138     289     524         
740818 SGMR  10.8    25.0    44.7    60.4    91.1   139     284     525         
740819 SGMR  11.1    26.2    42.1    55.5    83.7   130     285     520         
740820 SGMR  10.4    24.6    39.5    51.7    79.2   125     279     530         
740821 SGMR  10.1    26.1    42.4    52.7    79.2   126     269     519         
740822 SGMR  10.3    25.9    38.5    51.2    76.5   124     273     512         
740823 SGMR   9.4    23.7    38.9    52.3    78.0   124     270     518         
740824 SGMR   8.6    23.3    38.1    48.9    74.3   123     265     514         
740825 SGMR   8.6    24.7    37.8    48.0    72.4   118     272     516         
740826 SGMR   8.5    24.0    37.2    46.0    70.0   117     267     509         
740827 SGMR   8.6    22.8    37.7    47.4    70.3   117     264     515         
740828*SGMR   9.8    25.9    36.8    48.8    68.8   116     261     522         
740829*SGMR   9.6    23.6    37.6    48.2    64.2   112     259     509         
740830 SGMR   9.1    22.4    36.2    47.7    69.2   117     256     516         
740831 SGMR   9.5    23.0    37.8    47.8    72.0   120     267     512         
740832 SGMR  10.1    23.6    40.3    54.4    81.1   127     276     518         
740901 SGMR   9.5    24.2    38.4    49.8    75.6   122             522         
740902*SGMR   9.1    23.9    38.6    53.2    76.7   122             528         
740903*SGMR   9.1    23.0    37.1    50.9    74.0   120             524         
740904*SGMR   8.8    24.2    41.5    54.5    78.1   122             521         
740905 SGMR   8.6    22.8    40.7    55.0    78.5   125     267     518         
740906 SGMR   8.5    23.9    39.6    55.8    79.0   125     262     516         
740907 SGMR  17.6    32.9    44.9    58.8    82.0   127     262     516         
740908 SGMR  10.5    25.2    42.7    63.0                           520         
740909 SGMR  12.6    26.4    43.1    62.2    92.0   137     282     505         
740910 SGMR  13.8    26.9    44.5    65.8    96.5   145     287     527         
740911 SGMR  17.8    35.4    50.4    64.1   101.6   154     297     517         
740912 SGMR  21.4    30.6    43.4    64.9   101.9   157     301     524         
740913 SGMR  15.9    27.5    45.2    69.8   110.6   171     310     536         
740914 SGMR  36.5    27.6    42.3    64.4   101.1   155     298     516         
740915 SGMR  21.1    35.5    50.7    67.1    99.0   155     293     536         
740916 SGMR  55.9    26.5    48.1    68.2   104.7   166     309     537         
740917 SGMR  18.7    27.6    42.2    63.3    96.2   145     281     522         
740918 SGMR  23.2    31.2    45.7    70.3   101.4   145     282     523         
740919 SGMR  14.7    27.6    41.8    61.0    89.8   132     275     514         
740920 SGMR   9.3    25.0    41.1    57.7    83.5   136     273     516         
740921*SGMR   9.5    23.9    39.4    53.4    80.9   128     261     521         
740922 SGMR  22.1    26.2    39.2    50.6    77.8   122             521         
740923 SGMR   9.0    22.0    34.9    49.1    72.3   119             514         
740924 SGMR   9.5    22.1    33.5    47.0    72.0   116     262     518         
740925 SGMR   9.4    20.2    34.2    49.6    71.5   117     263     514         
740926 SGMR   9.5    20.1    34.2    47.6    72.5   119     264     514         
740927 SGMR   9.5    20.7    35.0    49.7    74.9   122     264     519         
740928 SGMR   9.6    21.7    35.4    52.8    76.7   124     262     524         
740929 SGMR  11.0    23.3    37.8    57.8    86.3   135     278     525         
740930 SGMR  13.4    24.3    41.9    57.3    88.2   134     278     521         
740932 SGMR  15.2    25.8    40.9    57.8    86.0   134     279     521         
741001 SGMR  11.9    23.4    41.9    61.0    91.0   134     281     523         
741002 SGMR  13.4    26.4    42.2    63.7    92.0   135     283     529         
741003 SGMR  11.0    26.5    43.3    65.4    91.8   136     283     527         
741004 SGMR  15.0    28.0    44.3    66.4    99.5   144     292     529         
741005 SGMR  10.3    26.9    45.0    73.2   103.3   159     304     535         
741006 SGMR   9.9    26.7    42.8    69.7   109.5   158     291     530         
741007 SGMR  12.7    27.1    43.5    73.9   111.2   155     292     527         
741008 SGMR  11.6    27.8    47.9    75.7   123.7   165     303     535         
741009 SGMR  16.4    28.1    46.8    80.9   125.8   167     303     536         
741010*SGMR  14.3    28.6    48.4    91.1   128.6   176     301     533         
741011 SGMR  23.0    29.8    49.6    95.3   140.4   196     329     548         
741012 SGMR  19.4    28.5    47.7    92.2   133.9   193     322     542         
741013 SGMR  14.7    26.7    45.1    87.6   125.2   173     310     537         
741014 SGMR  11.5    26.2    42.8    79.9   111.0   159     297     531         
741015 SGMR  10.2    25.0    40.1    69.7   102.5   149     283     524         
741016*SGMR   9.8    25.1    38.0    66.3    87.0   137     280     526         
741017 SGMR   9.3    23.5    36.2    57.9    81.5   129     274     524         
741018 SGMR  10.0    25.2    37.3    55.3    78.8   124     276     533         
741019 SGMR   9.0    23.6    36.3    53.4    73.8   118     275     524         
741020 SGMR   9.2    22.9    36.9    54.3    73.4   119     273     524         
741021 SGMR   9.0    21.7    35.8    51.8    72.7   119     274     522         
741022 SGMR   8.7    21.5    34.6    51.8    71.4   118     270     518         
741023 SGMR   8.8    21.8    35.2    50.3    70.7   117     269     518         
741024 SGMR   8.5    22.5    36.0    49.8    72.8   117     273     510         
741025*SGMR   8.8    23.1    36.3    54.0    75.5   122     269     514         
741026 SGMR   8.6    23.1    38.0    58.4    79.2   125     278     519         
741027 SGMR   8.7    24.7    37.7    56.9    78.2   123     279     520         
741028 SGMR   8.9    23.7    39.5    58.7    79.5   123     279     519         
741029 SGMR   8.7    24.5    41.0    60.1    79.1   125     276     524         
741030 SGMR   9.0    24.8    41.0    62.0    80.2   128     272     522         
741031 SGMR   9.0    24.6    41.4    67.4    88.9   142     282     534         
741032 SGMR  11.3    25.2    41.1    66.3    94.6   141     286     527         
741101 SGMR   9.1    25.9    42.5    67.0    87.4   131     279     517         
741102 SGMR   9.5    24.5    41.7    67.1    92.0   134     286     525         
741103 SGMR   9.1    25.7    42.4    71.0    94.9   137     288     525         
741104*SGMR   9.4    26.8    44.7    74.3    96.5   139     280     528         
741105*SGMR   9.0    26.7    42.6    74.1    93.5   135     280     537         
741106 SGMR   9.5    25.0    44.2    72.0    93.3   134     281     538         
741107*SGMR   9.8    25.1    40.9    67.4    85.1   127     276     526         
741108*SGMR   9.1    25.5    39.8    64.7    81.5   123     271     515         
741109 SGMR   8.9    25.6    37.9    61.0    76.6   120     274     521         
741110 SGMR   9.2    24.0    38.1    59.3    76.3   122     279     524         
741111 SGMR   9.3    24.8    35.8    55.3    74.8   121     275     519         
741112*SGMR   8.6    24.0    38.1    59.0    77.9   126     276     519         
741113 SGMR   9.0    23.2    36.1    55.1    74.1   119     273     517         
741114 SGMR  10.2    24.6    36.0    58.1    76.9   125     274     520         
741115 SGMR  10.8    24.7    35.6    58.4    77.5   128     282     525         
741116 SGMR  14.1    25.5    36.7    55.5    78.8   127     283     525         
741117 SGMR  14.3    23.5    36.5    57.4    83.6   130     288     523         
741118 SGMR  14.4            37.4    60.7    87.2   134     288     525         
741119 SGMR  21.8    25.7    39.5    65.4    94.9   139     293     528         
741120*SGMR  14.9    26.2            66.6    94.4   139     290     528         
741121*SGMR  14.3    28.8    43.7    70.8    96.5   141     295     515         
741122 SGMR  17.2    28.3    43.6    72.8   101.3   144     303     525         
741123 SGMR  11.9    28.8    44.9    73.5    95.1   141     297     529         
741124 SGMR  11.7    28.3    43.4    73.6    95.7   137     289     533         
741125 SGMR   9.7    27.7    43.3    71.4    92.3   136     287     524         
741126 SGMR   9.5    25.8    44.9    70.7    90.2   134     294     536         
741127 SGMR  10.2    29.4    46.1    69.7    90.3   134     286     524         
741128 SGMR  10.8    26.4    42.5    68.2    87.0   128     282     523         
741129 SGMR  10.0    26.6    42.2    62.6    82.4   124     281     518         
741130 SGMR   9.5    26.8    41.2    63.8    82.4   125     282     517         
741132 SGMR  11.2    26.0    40.8    65.6    87.0   131     284     524         
741201 SGMR  10.0    25.4    40.6    61.6    78.9   122     280     516         
741202*SGMR   9.5    25.3    39.4    57.2    73.1   121     233     499         
741203 SGMR   9.0    24.4    40.6    58.5    74.4   123     274     520         
741204 SGMR   9.1    26.8    38.8    55.4    73.5   120     272     515         
741205 SGMR   9.4    24.3    38.4    50.3    72.6   119     272     515         
741206 SGMR   9.1    24.0    37.8    50.7    71.8   116     269     510         
741207 SGMR   8.8    21.1    36.6    51.8    69.5   117     270     509         
741208*SGMR   9.2    22.3    36.0    50.9    68.7   116     264     512         
741209 SGMR   8.9    22.9    34.7    50.1    68.2   115     262     512         
741210 SGMR   8.2    22.7    35.7    51.2    69.5   115     273     509         
741211 SGMR   9.3    24.0    36.5    52.1    74.4   121     277     516         
741212 SGMR   8.8    22.6    36.3    56.3    76.6   121     280     510         
741213 SGMR   9.9    25.0    38.2    55.7    79.3   125     276     529         
741214*SGMR   9.4    24.1    35.4    55.5    77.1   126     281     521         
741215 SGMR  10.8    25.1    38.1    57.7    82.5   128     282     524         
741216*SGMR   9.0    26.8    39.3    63.4    88.3   134     281     536         
741217 SGMR  12.4    25.8    39.0    61.3    87.2   132     283     525         
741218 SGMR  12.0    27.1    40.7    63.9    89.3   134     288     523         
741219 SGMR  12.6    27.8    41.2    63.4    90.5   133     291     523         
741220 SGMR  11.9    30.0    42.0    58.8    86.8   129     280     520         
741221 SGMR  14.6    30.5    46.7    59.9    84.6   129     282     527         
741222*SGMR  11.0    28.6    42.8    59.0    87.8   135     287     531         
741223 SGMR  10.5    29.5    42.3    57.2    82.4   125     276     528         
741224*SGMR   9.8    27.1    40.6    55.7    78.6   122     276     525         
741225*SGMR   9.4    28.4    38.7    56.1    76.5   120     274     522         
741226 SGMR   9.2    28.1    38.7    53.5    74.0   118     274     521         
741227 SGMR   8.5    24.5    38.4    51.0    72.5   117     277     520         
741228 SGMR          24.2    38.4    47.9    72.6   118     271     520         
741229 SGMR   8.8    24.8    38.3    49.7    73.9   120     270     526         
741230 SGMR   9.1    23.4    36.5    49.7    73.2   118     269     514         
741231 SGMR   8.5    24.8    35.4    49.3    74.8   120     272     517         
741232 SGMR   9.9    25.5    38.8    55.3    77.5   123     276     520         

