080101 SGMR  11      24      37      56      53     136     185     441     
080102 SGMR  10      23      36      56      74     130     184     433     
080103 SGMR  11      24      37      56      73     132     189     433     
080104 SGMR  13      22      36      58      70     131     179     437     
080105 SGMR  10      23      37      58      72     135     185     443     
080106 SGMR  12      23      37      58      71     133     181     429     
080107 SGMR  10      23      38      59      76     138     185     436     
080108 SGMR  12      22      36      56      67     126     177     435     
080109 SGMR  10      22      37      56      70     125     174     415     
080110 SGMR  10      22      34      54      66     132     181     443     
080111 SGMR  12      22      35      43      47     102     157     320     
080112 SGMR  10      22      35      54      70     134     181     446     
080113 SGMR  10      22      35      54      67     130     181     443     
080114 SGMR   8      22      33      53      68     128     177     425     
080115 SGMR   8      21      35      50      64     125     177     448     
080116 SGMR  10      22      35      49      63     128     178     440     
080117 SGMR   9      21      34      49      65     128     181     442     
080118 SGMR                                                                 
080119 SGMR   8      21      33      49      67     125     179     443     
080120 SGMR   8      21      33      47      68     125     181     445     
080121 SGMR   9      21      34      49      69     127     183     442     
080122 SGMR   8      21      32      50      63     130     179     432     
080123 SGMR   8      20      32      48      58     125     178     434     
080124 SGMR   9      20      33              63     126     180     436     
080125 SGMR   7      21      35              66     126     176     445     
080126 SGMR   8      21      33      50      66     128     180     444     
080127 SGMR  10      22      32      49      62     127     180     407     
080128 SGMR  10      22      37      49      62     128     182     434     
080129 SGMR  12      21      34      50      63     128     177     442     
080130 SGMR  12      20      31      52      67     129     178     388     
080131 SGMR                                                                 

