750101 SGMR   9.1    25.1    37.7    50.3    76.9   119     273     523         
750102 SGMR   8.3    24.2    37.0    50.7    75.2   120     273     528         
750103 SGMR   9.5    25.8    39.2    53.7    76.4   120     279     524         
750104 SGMR   8.2    23.3    34.8    48.9    73.3   119     271     521         
750105*SGMR  10.6    24.0    37.6    50.7    73.7   117     273     508         
750106 SGMR   7.8    23.0    36.4    51.7    72.1   116     270     515         
750107*SGMR   8.0    22.5    38.5    51.4    75.4   119     270                 
750108 SGMR   8.3    21.8    37.9    51.1    76.6   122     270     530         
750109*SGMR   8.4    22.5    38.0    54.1    77.0   122     272     528         
750110*SGMR   8.1    22.1    38.0    54.1    78.1   122     275     522         
750111 SGMR   8.1    22.2    38.3    55.6    80.3   127     271     536         
750112 SGMR   9.1    23.6    39.2    53.0    81.3   127     270     527         
750113*SGMR  12.2    24.8    39.2    55.7    78.3   125     269     520         
750114*SGMR  13.4    30.4    38.9    57.5    78.1   122     267     514         
750115 SGMR   9.3    26.2    39.8    55.4    76.7   123     265     522         
750116 SGMR   8.8    23.5    38.9    53.0    75.4   120     263     523         
750117*SGMR   8.0    23.2    39.5    51.8    74.0   118     267     522         
750118*SGMR   8.2    23.7    39.2    54.2    74.0   121     268     520         
750119*SGMR   8.3    23.0    35.7    50.7    73.4   120     266     525         
750120 SGMR   8.2    24.9    37.4    49.7    72.8   118     265     529         
750121*SGMR   8.5    24.1    39.4    52.2    73.0   119     264     525         
750122 SGMR   9.0    22.2    36.0    49.3    74.0   119     262     516         
750123 SGMR   8.6    23.0    36.1    47.9    72.5   117     264     518         
750124 SGMR   9.1    22.4    35.2    45.8    70.7   117     262     523         
750125*SGMR   8.3    23.5    34.3    45.9    69.5   115     266     520         
750126*SGMR                                                         516         
750127*SGMR   8.7    24.0    34.5    45.7    70.0   117     270     520         
750128 SGMR   8.2    22.9    34.9    46.0    69.4   117     269     524         
750129*SGMR   8.3    23.1    33.6    46.9    68.5   117     267     518         
750130 SGMR   8.2    22.4    34.8    46.4    70.4   116     266     511         
750131 SGMR   8.1    21.4    34.3    45.9    69.5   115     266     527         
750132 SGMR   8.8    23.6    37.1    50.8    74.2   120     268     522         
750201 SGMR   8.6    22.4    34.3    46.7    70.5   116     282     522         
750202 SGMR   8.6    23.7    34.5    43.9    72.3   117     280     517         
750203 SGMR   8.7    22.5    34.4    48.4    73.6   119     279     517         
750204 SGMR   8.8    23.2    36.5    49.9    76.1   120     277     529         
750205*SGMR   8.9    25.2    36.2    53.8    77.7   122     272     525         
750206*SGMR  10.5    28.0    37.0    58.4    78.0   124     270     521         
750207 SGMR  13.0    22.1    38.3    54.1    79.5   125     271U    519         
750208 SGMR  12.3    25.4    38.3    56.8    79.9   124     272U    527         
750209*SGMR   9.1    24.1    36.2    54.8    77.4   122     272U    530         
750210 SGMR   8.8    23.6    37.3    51.9    76.7   120     275     516         
750211*SGMR   9.2    23.8    37.2    55.9    75.7   122     275     524         
750212*SGMR   9.7    24.1    37.1    54.3    75.2   121     270     523         
750213 SGMR   8.5    23.4    36.5    51.6    74.3   120     268     529         
750214 SGMR   8.5    23.8    35.2    47.9    71.3   117     278     522         
750215 SGMR   8.4    23.1    35.0    46.3    70.7   116     274     516         
750216*SGMR   8.5    21.7    34.9    48.0    72.3   118     270     526         
750217 SGMR   8.1    22.4    34.5    45.1    68.6   115     269     531         
750218*SGMR   8.0    21.9    33.3    45.7    69.0   117     271     522         
750219 SGMR   7.9    20.2    33.3    44.9    68.1   115     266     514         
750220 SGMR   7.6    20.4    34.4    44.5    70.0   115     272     525         
750221 SGMR   8.0    20.4    33.4    45.0    68.7   114     275     527         
750222 SGMR   7.4    19.3    30.8    42.9    68.2   114     273     517         
750223*SGMR   7.8    21.3    31.1    45.9    67.2   115     270     516         
750224*SGMR   8.0    21.2    33.1    47.4    67.2   116     272     530         
750225*SGMR   7.9    20.7    33.3    45.4    69.6   118     269     529         
750226*SGMR   7.9    20.0    33.2    46.0    69.5   115     268     526         
750227 SGMR   7.5    19.9    32.5    45.2    68.6   115     269     525         
750228 SGMR   7.5    19.5    32.8    44.1    68.7   116     273     529         
750232 SGMR   8.7    22.4    34.8    48.7    72.3   118     273     523         
750301*SGMR   8.0    21.1    32.5    46.8    69.5   118     272     525         
750302*SGMR  12.9    23.5    34.4    48.2    72.6   120     270     519         
750303 SGMR   8.0    21.2    31.4    47.8    73.3   117     269     517         
750304 SGMR   8.3    21.8    35.5    48.5    73.9   120     279     529         
750305 SGMR   8.4    22.5    32.1    46.6    69.9   118     279     525         
750306 SGMR   8.1    18.8    35.1    48.9    71.6   119     278     519         
750307 SGMR   8.0    18.8    34.3    47.2    71.2   118     275     516         
750308*SGMR   7.6    19.2    34.8    49.6    72.2   118     276     520         
750309 SGMR   8.5    19.4    35.7    48.9    72.9   118     277     524         
750310*SGMR   8.3    19.4    36.4    50.0    73.4   119     276     513         
750311*SGMR   8.6    19.0    34.1    48.8    72.5   119     274     507         
750312 SGMR   8.5    19.9    35.3    50.0    74.2   122     277     515         
750313*SGMR   7.4    18.2    34.1    50.1    75.9   123     274     518         
750314 SGMR   7.8    20.8    35.1    49.4    72.3   123     277     517         
750315*SGMR   8.0    19.8    33.7    48.1    72.0   119     272     513         
750316 SGMR  10.5    21.8    34.1    49.0    73.9   122     278     515         
750317 SGMR  12.4    23.4    34.7    49.6    73.6   121     275     515         
750318 SGMR  14.5    22.0    33.9    47.8    72.5   122     274     515         
750319 SGMR   8.0    21.7    33.6    49.2    71.3   121     274     516         
750320*SGMR   8.0    19.5    32.8    48.9    73.0   119     272     520         
750321 SGMR   7.4    20.2    32.9    47.5    71.1   117     276     518         
750322*SGMR   7.5    20.9    30.5    45.4    69.6   115     274U    522         
750323 SGMR   7.6    19.9    30.8    44.4    66.5   115     274U    513         
750324 SGMR   7.2    20.0    31.2    45.2    66.1   116     274U    511         
750325 SGMR   7.3    19.3    30.9    42.5    66.1   116     275U    514         
750326*SGMR   7.2    20.4    31.3    45.0    69.4   115     277U    514         
750327 SGMR   7.6    21.1    32.0    45.3    68.6   114     279     510         
750328 SGMR   7.6    21.5    33.5    43.7    68.8   116     278     511         
750329 SGMR   7.4    19.9    32.6    45.2    68.8   115     277     513         
750330*SGMR   7.8    21.1    33.5    45.9    66.8   116     276     516         
750331 SGMR   7.6    22.5    35.4    47.2    68.7   117     276     515         
750332 SGMR   8.5    20.6    33.5    47.4    71.0   118     275     517         
750401 SGMR   7.9    21.4    34.4    45.7    71.5   118     277     519         
750402 SGMR   8.3    22.2    32.3    48.4    70.5   117     275     509         
750403*SGMR                                                         515         
750404*SGMR   8.0    18.9    35.6    51.5    69.9   119     261     520         
750405*SGMR   8.4    21.5    37.3    50.5    73.8   123     283     527         
750406*SGMR   8.0    22.5    36.8    48.3    73.2   119     272     523         
750407 SGMR   7.8    22.0    34.7    49.5    73.6   118     272     514         
750408 SGMR   7.8    23.4    35.6    49.8    72.9   120     276     521         
750409 SGMR   7.5    22.6    35.2    49.5    72.8   119     279     511         
750410 SGMR   7.8    22.9    34.6    46.6    71.0   120     279     518         
750411 SGMR   8.1    22.7    33.4    44.3    70.4   118     274     521         
750412 SGMR   8.0    21.8    36.4    44.2    68.5   116     272     524         
750413 SGMR   7.9    21.7    33.0    44.1    69.1   116     273     514         
750414 SGMR   7.7    21.1    31.1    42.6    68.0   117     272     512         
750415 SGMR   7.9    20.8    29.0    45.0    68.1   117     274     515         
750416 SGMR   7.3    20.5    32.1    44.2    68.0   116     275     518         
750417 SGMR   7.4    21.3    31.6    42.5    68.2   115     270     514         
750418 SGMR   7.3    21.0    33.5    42.8    66.7   114     269     520         
750419*SGMR   7.5    20.2    31.0    43.7    66.1   113     262     509U        
750420*SGMR   7.3    19.8    31.8    44.2                           513         
750421*SGMR   7.6    21.5    32.7    43.1    66.1   113     271     513         
750422 SGMR   7.5    22.0    31.6    42.5    66.4   112     270     513         
750423 SGMR   7.9    21.8    31.3    42.8    67.0   114     266     511         
750424 SGMR   7.8    20.7    32.2    44.5    67.5   117     268     515         
750425 SGMR   7.6    21.4    34.4    46.1    69.4   118     273                 
750426 SGMR   7.7    22.0    35.2    46.7    70.4   118     271                 
750427 SGMR   7.9    21.6    36.1    49.1    72.1   119     271     512         
750428 SGMR   8.2    22.3    35.3    49.1    73.2   119     270     511         
750429 SGMR   8.0    23.0    34.5    46.2    71.9   121     276     507U        
750430 SGMR   7.9    22.4    34.8    45.6    71.6   117     273                 
750432 SGMR   7.8    21.6    33.7    46.0    69.9   117     272     515         
750501 SGMR   8.6    23.5    38.5    49.5    74.1   122     278     509         
750502*SGMR  18.7    27.6    37.9    51.6    77.2   121     283     511         
750503 SGMR  12.8    25.7    36.8    50.9    77.2   124     274     511         
750504*SGMR  16.2    25.3    38.6    52.6    78.3   125     272     508         
750505 SGMR  12.3    24.5    38.1    52.7    76.9   126     275     513         
750506 SGMR   9.1    22.8    35.6    48.2    73.6   123     271     514         
750507 SGMR   7.7    22.5    35.2    47.5    71.7   120     270     514         
750508 SGMR   7.5    21.4    31.1    45.3    69.4   118     267     513         
750509 SGMR   6.5    21.2    36.0    43.3    67.9   115     266     513         
750510 SGMR   6.9    21.4    31.4    43.4    67.5   115     266     511         
750511 SGMR   7.1    20.7    31.1    43.1    66.6   114     263     506         
750512 SGMR   7.2    20.5    31.3    43.2    66.1   114     262     510         
750513*SGMR   7.2    19.1    29.3    43.7    66.7   113     263     510         
750514*SGMR   6.7    20.3    32.3    42.8    66.3   113     262     515         
750515 SGMR   6.7    18.2    31.8    42.2    65.6   110     261     516         
750516*SGMR   6.9    18.5    31.4    43.4    66.3   113     260     511         
750517 SGMR   6.9    19.8    29.8    43.1    65.6   115     259     508         
750518 SGMR   6.9    20.3    31.1    41.9    66.3   113     262     510         
750519 SGMR   7.0    19.8    32.3    42.9    66.1   114     262     513         
750520 SGMR   6.7    20.0    31.0    42.7    65.4   112     262     508         
750521 SGMR   7.1    19.9    32.7    41.7    65.5   113     257     510         
750522*SGMR   7.2    20.6    33.3    45.1    67.0   114     253     508         
750523 SGMR   7.2    20.3    32.3    42.6    68.0   115     251     506         
750524 SGMR   7.0    20.2    31.7    43.3    68.0   115     257     508         
750525 SGMR   6.7    21.0    32.3    44.4    68.0   114     262     510         
750526 SGMR   7.2    21.4    32.4    44.1    68.4   114     258     506         
750527 SGMR   7.2    21.4    33.5    44.5    67.5   114     260     514         
750528 SGMR   7.3    21.1    34.4    43.0    67.2   111     260     512         
750529 SGMR   7.6    21.1    33.2    43.5    67.0   113     256                 
750530 SGMR   6.9    20.6    35.6    42.6    69.0   113     254     520         
750531*SGMR   7.6    20.8    34.4    44.2    70.5   116     250     525         
750532 SGMR   8.2    21.3    33.4    44.9    69.1   116     263     511         
750601*SGMR   6.9    21.2    35.1    45.0    73.9   115     253                 
750602 SGMR   7.4    20.8    33.2    43.7    67.5   114     257     510         
750603*SGMR   7.5    21.0    33.2    44.4    69.5   116     262     514         
750604*SGMR   7.2    19.7    33.6    44.9    69.7   117     265     513         
750605 SGMR   6.9    20.9    32.5    42.3    68.3   115     265     505         
750606*SGMR   7.1    19.3    35.5    43.3    65.5   113                         
750607*SGMR   7.4    20.1    32.7    41.8    65.4   111     261     511         
750608 SGMR   7.3    19.9    33.7    43.4    66.8   112     266     517         
750609 SGMR   6.5    19.3    33.8    41.9    66.4   110     264     518         
750610 SGMR   7.1    20.6    34.0    41.4    66.5   111     259     514         
750611 SGMR   7.4    19.7    34.9    41.0    65.2   111     261     509         
750612*SGMR   9.0    17.2    32.8    42.2    66.6   110     258     514         
750613*SGMR   7.2    19.7    31.8    42.3    65.2   111     256     518         
750614 SGMR   7.3    17.0    32.6    42.0    66.2   112     262     516         
750615*SGMR   7.3    19.3    33.4    40.6    65.8   112     262     511         
750616 SGMR   7.0    20.0    32.5    41.9    67.0   114     262     512         
750617 SGMR   7.8    19.9    31.5    42.4    66.4   114     262     517         
750618 SGMR   7.8    19.9    31.5    40.9    65.5   112     260     515         
750619 SGMR   7.6    20.4    32.1    42.3    66.5   114     263     515         
750620 SGMR   7.3    20.5    33.1    43.5    68.1   116     265     519         
750621 SGMR   7.8    20.4            41.2    64.3   113     263     513         
750622 SGMR   7.6    21.9            41.1    65.6   112     261     511         
750623 SGMR   8.2    21.2    33.8    42.9    68.1   113     263     513         
750624 SGMR   7.5    21.5    34.6    45.3    70.4   118     268     522         
750625 SGMR   7.7    20.8    35.6    45.5    72.8   119     275     521         
750626 SGMR   8.1    21.4    35.8    47.0    74.3   121     279     520         
750627 SGMR   7.9    20.9    36.3    50.0    77.0   123     277     518         
750628 SGMR  12.9    25.5    37.8    51.3    75.5   121     278     525         
750629*SGMR  11.7    26.1    38.1    53.9    72.4   122     277     516         
750630 SGMR   9.9    22.6    36.5    48.4    75.2   123     283     518         
750632 SGMR   7.9    20.6    34.0    43.9    66.6   115     265     515         
750701 SGMR  10.4    22.7    38.4    51.0    74.3   121     274     514         
750702 SGMR   8.2    23.1    36.1    49.0    72.6   119     271     515         
750703 SGMR   7.4    21.4    34.7    49.0    72.6   120     272     514         
750704 SGMR   7.2    21.2    35.4    45.8    72.4   120     275     520         
750705 SGMR   8.2    22.9    35.1    46.3    71.4   118     274     517         
750706 SGMR   7.9    21.3    34.8    46.6    73.2   118     271     515         
750707 SGMR   7.5    20.9    34.1    46.3    70.3   116     270     518         
750708 SGMR   7.4    20.1    34.4    44.8    69.8   117     271     516         
750709 SGMR   7.7    21.6    33.6    44.6    68.5   114     266     518         
750710 SGMR   7.1    18.4    34.5    44.0    68.5   114     266     521         
750711*SGMR   8.8    21.9    34.4    46.4    72.5   118     270     521         
750712*SGMR   7.2    19.1    34.2    50.3    77.8   123     271     521         
750713*SGMR   8.1    22.6    33.5    51.0    83.1   130     274     521         
750714 SGMR  10.0    24.3    34.9    53.4    83.6   130     280     518         
750715 SGMR   8.2    22.3    34.7    52.5    81.1   128     276     525         
750716 SGMR   7.3    21.2    34.7    49.6    78.0   125     273     514         
750717*SGMR   7.0    21.3    35.2    49.0    75.9   122     273     518         
750718 SGMR   6.8    20.9    34.6    49.0    77.6   121     271     518         
750719 SGMR   7.2    21.7    35.3    51.1    76.3   120     269     512         
750720*SGMR   9.0    21.2    37.5    53.4    76.3   120     274     516         
750721*SGMR   8.1    22.6    37.2    52.1    79.1   122     279     520         
750722 SGMR   7.7    22.1    36.3    51.1    78.2   122     277     522         
750723 SGMR   8.4    23.2    37.6    51.5    77.6   122     278     523         
750724 SGMR   7.8    21.8    35.9    51.6    74.8   120     271     516         
750725*SGMR   8.0    22.5    36.0    53.1    75.2   120     271     514         
750726 SGMR   9.3    23.0    37.3    49.1    75.8   119     271     512         
750727 SGMR  11.5    26.1    37.8    48.8    75.4   120     275     511         
750728 SGMR  15.1    24.2    37.1    46.9    72.3   120     277     513         
750729 SGMR   8.6    21.7    36.7    45.5    71.1   116     277     510         
750730 SGMR  11.7    21.2    34.8    46.0    73.5   121     277     512         
750731 SGMR   9.2    21.9    36.9    47.7    78.4   126     278     517         
750732 SGMR   8.5    21.9    35.6    48.9    75.1   121     273     517         
750801 SGMR   8.7    21.0    36.4    48.7    85.4   136     284     525         
750802 SGMR  10.0    23.5    39.4    51.7    88.2   140     286     529         
750803 SGMR  11.0    25.4    42.3    57.7    94.2   148     295     535         
750804 SGMR  10.2    25.6    40.5    57.6   100.6   155     295     525         
750805 SGMR  16.9    26.9    41.6    60.0   102.0   154     297     530         
750806 SGMR  16.2    32.8    44.5    64.6   117.0   164     310     530         
750807*SGMR  15.1    29.5    44.5    66.1   111.8   162     301     531         
750808*SGMR  22.2    28.2    43.2    66.0   110.2   155     294     525         
750809 SGMR  10.5    24.6    41.1    62.6   110.1   155     286     523         
750810 SGMR  13.9    24.4    41.2    63.5   110.1   161     291     528         
750811 SGMR  22.3    25.8    38.8    60.1   102.1   144     269     521         
750812 SGMR  10.1    22.7    38.8    57.9   100.1   147     283     525         
750813 SGMR   9.0    21.6    39.0    54.0    92.1   140     282     520         
750814 SGMR   8.8    22.4    39.6    52.4    85.8   132     280     520         
750815 SGMR   8.8    22.8    37.9    51.5    80.9   125     280     517         
750816 SGMR   9.1    23.1    38.0    50.2    78.2   122     279     515         
750817 SGMR   8.4    21.9    39.4    49.5    75.1   120     277     514         
750818 SGMR   7.8    20.8    36.2    44.6    71.9   116     278     514         
750819 SGMR   7.5    20.6    37.4    47.2    72.4   117     276     513         
750820 SGMR   7.5    21.0    39.0    47.6    72.9   119     276     518         
750821 SGMR   8.2    21.8    35.5    49.4    75.9   121     276     515         
750822*SGMR   7.7    22.6    39.9    49.2    74.7   121     268     514         
750823 SGMR   8.1    23.0    38.3    47.2    72.5   118     271     512         
750824*SGMR   8.1    23.2    38.6    48.4    72.9   118     272     508         
750825 SGMR   8.5    21.2    37.8    50.5    76.1   121     277     523         
750826*SGMR   8.0    22.0    39.0    50.9    78.3   123     274     520         
750827 SGMR   9.5    23.2    41.0    51.8    78.4   125     275     530         
750828 SGMR   7.7    22.7    39.6    50.6    78.8   124     281     527         
750829 SGMR   8.2    23.8    40.6    53.2    80.3   123     285     520         
750830*SGMR   8.0    22.9    41.0    53.0    81.7   122     282     518         
750831 SGMR   8.2    24.1    41.7    54.7    82.5   124     280     517         
750832 SGMR  10.5    23.7    39.7    54.0    87.5   134     283     521         
750901 SGMR   8.0    24.6    42.1    56.0    83.6   124     280     521         
750902*SGMR   8.1    23.7    41.7    59.8    83.3   126     281     523         
750903*SGMR   7.8    24.2    39.9    60.8    84.9   128     282     525         
750904 SGMR   8.1    24.3    41.6    62.7    87.9   130     282     527         
750905 SGMR   8.3    24.3    42.5    60.4    88.8   130     283     523         
750906*SGMR   8.6    23.6    43.6    61.3    89.2   127     283     522         
750907 SGMR   8.5    23.1    39.1    60.0    87.3   126     284     521         
750908 SGMR   8.8    22.6    40.0    58.1    85.1   126     283     517         
750909 SGMR   8.2    22.9    37.5    54.7    79.8   122     281     519         
750910 SGMR   8.4    22.3    37.5    51.2    77.4   122     278     518         
750911 SGMR   9.5    22.6    38.9    50.9    77.7   122     274     514         
750912*SGMR   8.6    22.9    39.6    49.6    76.4   120     274     513         
750913 SGMR   8.3    21.8    38.9    48.2    72.2   118     276     512         
750914 SGMR   8.0    20.6    35.6    46.9    71.8   116     273     514         
750915 SGMR   7.4    21.7    38.4    49.3    70.8   113     273     509         
750916*SGMR   8.1    22.5    37.4    47.2    70.6   116     269     515         
750917 SGMR   8.0    21.7    38.9    48.2    71.9   118     273     522         
750918 SGMR   8.6    23.4    38.9    47.3    72.8   119     273     525         
750919*SGMR   8.4    22.7    38.4    48.8    72.9   118     273     522         
750920 SGMR   8.3    21.5    37.6    49.4    73.0   118     272     519         
750921 SGMR   8.5    22.2    37.1    49.3    73.2   120     271     519         
750922 SGMR   7.8    20.1    36.7    48.1    71.4   116     266     515         
750923*SGMR   8.1    19.9    38.1    49.1    73.0   119     266     518         
750924*SGMR   8.0    22.7    39.2    50.1    73.0   118     266     519         
750925*SGMR   8.4    22.5    38.9    50.2    73.2   118     266     519         
750926*SGMR   8.1    22.5    38.5    49.0    73.3   118     269     520         
750927 SGMR   8.1    21.7    38.2    49.3    71.5   118     268     521         
750928 SGMR   8.0    23.4    38.9    47.7    71.3   117     268     521         
750929 SGMR   8.1    22.8    39.0    47.3    72.4   120     270     524         
750930 SGMR   8.1    22.9    37.6    49.0    72.5   119     271     525         
750932 SGMR   8.2    22.6    39.0    52.0    76.7   121     274     519         
751001 SGMR   8.3    22.3    38.6    50.2    73.5   119     271     524         
751002*SGMR   8.3    24.1    39.8    50.7    75.0   119     272     525         
751003 SGMR   8.6    24.5    39.7    51.9    74.8   120     276     525         
751004 SGMR   8.5    22.6    39.7    48.7    74.9   119     274     526         
751005 SGMR   8.1    21.8    38.9    49.1    73.8   118     275     525         
751006 SGMR   8.2    21.3    37.5    47.2    71.4   116     272     528         
751007 SGMR   8.0    22.5    36.8    47.0    71.2   115     276     525         
751008 SGMR   8.4    21.1    36.7    44.0    71.1   115     275     517         
751009 SGMR  10.1    22.1    37.0    46.4    72.7   119     279     521         
751010 SGMR   8.3    21.6    36.4    47.2    71.3   115     281     518         
751011*SGMR   8.9    21.7    36.8    47.4    72.0   117     280     518         
751012*SGMR   8.8    22.4    36.8    48.3    74.0   119     279                 
751013 SGMR   8.8    21.6    37.8    50.5    75.5   122     279                 
751014 SGMR   8.2    21.2    36.8    52.5    76.3   125     282     526         
751015 SGMR   8.3    21.0    38.2    58.5    78.5   125     277     527         
751016 SGMR   8.0    22.0    36.6    52.0    76.7   120     275     528         
751017 SGMR   8.1    21.5    36.6    52.2    76.4   121     279     522         
751018*SGMR   8.3    22.6    37.1    52.5    76.2   121     277     523         
751019*SGMR   8.4    22.9    38.5    52.2    75.3   120     275     523         
751020*SGMR   8.4    23.4    40.6    51.6    74.9   120     273     523         
751021 SGMR   8.0    22.4    38.3    49.7    73.3   120     270     524         
751022 SGMR   8.1    21.6    38.2    49.8    71.8   117     271     524         
751023 SGMR   8.7    21.0    37.3    49.7    70.5   118     270     526         
751024 SGMR   8.4    22.2    38.5    49.5    70.1   117     272     526         
751025*SGMR   8.3    22.0    38.0    48.3    70.1   117     265     524         
751026 SGMR   7.6    21.4    37.4    48.1    69.2   115     263     521         
751027 SGMR   8.0    22.1    39.8    46.8    70.5   115     269     522         
751028 SGMR   7.9    21.8    37.2    47.4    69.1   117     271     529         
751029 SGMR   8.0    21.4    37.4    44.5    67.2   114     268     522         
751030*SGMR   8.2    22.1    37.7    47.5    68.0   114     270     523         
751031 SGMR   8.0    20.7    37.7    45.4    68.2   112     274     523         
751032 SGMR   8.3    22.0    37.9    49.3    72.7   118     274     524         
751101 SGMR   8.1    21.4    36.8    47.1    68.8   115     275     527         
751102 SGMR   7.8    20.4    34.6    45.6    69.5   114     271     524         
751103 SGMR   8.1    22.5    37.6    48.6    70.4   117     272     521         
751104 SGMR   9.1    23.5    38.2    49.1    73.0   118     274     526         
751105 SGMR   9.6    22.8    40.0    51.9    76.4   121     281     526         
751106 SGMR   8.3    22.5    39.6    53.7    78.8   124     282     530         
751107 SGMR   8.1    22.3    39.4    52.7    78.2   122     279     529         
751108*SGMR   8.6    22.4    40.3    54.4    77.9   122     273     529         
751109 SGMR   7.4    20.2    37.8    51.3    74.7   121     268     528         
751110*SGMR   8.1    21.4    40.2    55.2    78.0   120     270     526         
751111 SGMR   8.1    23.2    39.9    52.0    77.3   120     277     522         
751112 SGMR   8.4    23.5    41.2    54.7    77.9   121     275     525         
751113*SGMR   8.4    23.5    40.8    55.8    79.1   122     279     524         
751114 SGMR   8.1    23.4    40.5    57.0    80.3   124     282     524         
751115 SGMR   9.0    23.7    40.2    57.0    82.8   124     279     520         
751116 SGMR  14.7    24.2    42.6    59.5    86.6   130     290     533         
751117 SGMR  15.3    25.5    42.2    60.6    87.2   134     286     527         
751118 SGMR  10.7    23.7    43.6    59.7    90.6   137     287     536         
751119 SGMR  22.1    27.7    42.2    57.0    91.3   139     287     532         
751120 SGMR  16.7    25.5    42.6    58.4    87.0   132     280     520         
751121*SGMR  16.7    24.9    41.1    58.9    84.2   129     280     528         
751122 SGMR  80.5    37.1    41.1    54.5    80.7   124     277     524         
751123 SGMR  11.5    21.7    41.1    52.6    76.1   118     273     519         
751124*SGMR   8.8    24.1    38.2    51.3    73.7   118     270     521         
751125 SGMR   8.4    23.7    37.6    49.0    71.5   115     272     523         
751126 SGMR   8.3    20.2    38.0    46.7    69.8   114     274     525         
751127*SGMR   8.3    21.8    35.3    46.2    69.4   113     272     523         
751128 SGMR   8.0    23.1    34.7    45.9    68.9   113     270     521         
751129 SGMR   8.7    22.5    35.8    45.9    69.0   113     272     526         
751130*SGMR   8.5    21.8    37.3    47.2    70.3   115     279     526         
751132 SGMR  12.3    23.0    39.4    52.7    77.3   122     277     526         
751201*SGMR   9.0    23.4    38.1    48.5    71.0   116     276     528         
751202 SGMR   9.1    22.8    37.4    48.3    73.1   118     274     528         
751203 SGMR   8.6    22.8    38.4    49.2    72.7   117     273     524         
751204 SGMR   8.5    22.6    38.3    48.9    73.4   117     276     523         
751205 SGMR   9.4    22.4    37.9    51.7    75.8   119     275     531         
751206 SGMR   8.3    22.1    38.0    51.4    73.5   118     270     525         
751207 SGMR   9.1    22.6    39.7    51.1    73.0   118     273     528         
751208*SGMR   9.2    23.7    40.1    52.1    73.8   118     276     529         
751209*SGMR   8.4    23.5    39.5    51.3    73.1   119     274     531         
751210*SGMR   8.7    23.4    39.7    51.3    72.3   118     273     532         
751211 SGMR   8.6    22.4    40.2    50.6    72.5   118     272     529         
751212 SGMR   8.8    23.2                    72.1   118     275     529         
751213 SGMR   8.9    23.0    40.1    50.2    70.5   116     270     525         
751214*SGMR   9.3    22.2    40.1    49.6    70.2   117     268     523         
751215 SGMR   9.5    23.2    39.8    49.7    69.4   116     267     520         
751216 SGMR   9.6    22.0    39.7    48.7    69.5   114     271     518         
751217 SGMR  11.0    24.5    40.5    48.3    69.2   114     273     522         
751218 SGMR   9.7    24.0    40.0    48.0    68.5   113     273     523         
751219 SGMR   9.5    22.9    39.2    48.6    68.3   112     274     519         
751220 SGMR   9.9    24.5    39.9    50.2    69.4   114     280     521         
751221*SGMR   9.2    22.7    40.0    48.2                           522         
751222*SGMR   9.2    22.4    39.1    49.0    68.4   114     274     523         
751223 SGMR   8.9    20.9    36.5    46.8    67.9   113     270     523         
751224 SGMR   8.0    23.5    36.1    47.6    70.9   115     277     523         
751225*SGMR   9.2    22.4    35.5    47.6    71.1   114     276     521         
751226*SGMR   8.1    21.5    37.4    49.0    71.0   117     275     520         
751227 SGMR   8.0    20.7    37.9    51.0    71.2   120     275     520         
751228 SGMR   7.7    20.7    38.3    49.3    70.7   116     273     524         
751229 SGMR   8.0    23.7    38.7    50.1    72.0   119     274     524         
751230 SGMR   7.6    23.2    38.7    51.1    71.5   116     270     522         
751231 SGMR   7.3    21.0    38.3    49.5    70.7   116     271     521         
751232 SGMR   8.8    22.7    38.8    49.6    71.2   116     273     524         

