900101 SGMR  16      61             145     207     254     316     574     
900102 SGMR  18      49      85     142     198     243     307     571     
900103 SGMR  19      46      76                                     563     
900104 SGMR  17      46      75     125     180     223     293             
900105 SGMR  16      46      76     119     174     220     293     567     
900106 SGMR  17      47      75     115     175     221     295     565     
900107 SGMR  16      44      74     111     167     210     288     559     
900108 SGMR  22      46      75     110     163     212     286     561     
900109 SGMR  23      45      73     107     154     199     278     552     
900110 SGMR  18      44      68     106     157     199     272     520     
900111 SGMR  18      49      72     108     162     207     282     545     
900112 SGMR  18      43      70     108     160     205     280     552     
900113 SGMR  18      44      74     109     157     198     265     544     
900114 SGMR  16      46      75     109     158     200     277     551     
900115 SGMR  28      46      83     119     177     217     285     403     
900116 SGMR  24      46      73     120     177     212     283     558     
900117 SGMR  18      47      76     123     188     230     287     541     
900118 SGMR  18      49      73     132     208     247     302     561     
900119 SGMR  25      61      77     143     224     266     313     580     
900120 SGMR  22      53      90     151     226     270     316     569     
900121 SGMR  23      54      98     163     249     295     336     552     
900122 SGMR  22      61     105     153     233     272     329     539     
900123 SGMR  29      58      91     156     227     265     325     587     
900124 SGMR  26      58      88     159     226     270     334     565     
900125 SGMR  25      53      76     148             253     292     447     
900126 SGMR          47      73     147     222     242     274     452     
900127 SGMR  15      49      78     148     222     261     312     572     
900128 SGMR  20      54      80     145     220     261     310     574     
900129 SGMR  24      57      85     139     216     249     297     557     
900130 SGMR  40      56      79     134     205             307     572     
900131 SGMR          63      77     130     198             300     568     
900201 SGMR  29      56      76     127     190     241     302     571     
900202 SGMR  31      53      68     114     169     205     266     504     
900203 SGMR  16      49      62     104     157     203     284     548     
900204 SGMR  22      49      63     106     163     197     268     490     
900205 SGMR  21      49      69      97     148     188     267     555     
900206 SGMR  23      47      68      97     139     187     269     551     
900207 SGMR  21      46      72      92     137     184     265     547     
900208 SGMR  22      47      60      91     133     182     258     549     
900209 SGMR  24      47      63      94     132     178     257     546     
900210 SGMR  34      49      65     101     140     183     256     435     
900211 SGMR  34      50      67      94     127     173     259     543     
900212 SGMR  37      53      70             133     180     267     545     
900213 SGMR  40      61      76     100     135     183     266     541     
900214 SGMR  31      54      71             140     189     266             
900215 SGMR  16      49      75     105     139     185     260             
900216 SGMR  14      57      76     102     163     176     269     493     
900217 SGMR  17      44      57     106     143     188     268     554     
900218 SGMR  18      55      81     111     155     205     288     573     
900219 SGMR                                                                 
900220 SGMR                                                                 
900221 SGMR  25      60      88                                     583     
900222 SGMR  34      64      88     140     216     289     323     579     
900223 SGMR  18      58      84     141     206     259     300     566     
900224 SGMR  25      64      91     145     219     273     311     547     
900225 SGMR  33      66      91     145     211     263     309     577     
900226 SGMR  41      81      95     144     209     254     303     577     
900227 SGMR  48      61      87     144     216     266     309     578     
900228 SGMR  32      64      85     139     208     256     306     579     
900301 SGMR  26      59      82     128     189     233     290     570     
900302 SGMR  58      59      78     123     180     226     283     568     
900303 SGMR  24      57      71     115     173     228     289     577     
900304 SGMR  32      63      78     110     163     213     283     565     
900305 SGMR  24      59      76     103     153     202     280     564     
900306 SGMR  23      66      81     105     158     208     284     562     
900307 SGMR  19      65      78     103     156     207     281     558     
900308 SGMR  45      71      82     101     152     201     275     554     
900309 SGMR  25      61      70      97     143     193     267     553     
900310 SGMR  20      63      67      96     139     189     265     551     
900311 SGMR  21      60      69      94     135     180     255     545     
900312 SGMR  23      61      70      94     138     180     251     518     
900313 SGMR  23      61      70      92     135     184     258     543     
900314 SGMR  31      53      68      98     144     198     273     539     
900315 SGMR  22      53      73     103     154     207     272     553     
900316 SGMR  19      55      73     107     168     217     286     554     
900317 SGMR  20      56      71     112     170     213     279     553     
900318 SGMR  22      63      77     124     184     221     284     534     
900319 SGMR  19      64      84     133     199     254     309     589     
900320 SGMR  19      76      84     136     214     288     338     589     
900321 SGMR  32      62      82     142     213     246     303     567     
900322 SGMR  17      64      92     153     231     272     318     595     
900323 SGMR  20      67      90     158     208     272     307     588     
900324 SGMR  30      72      95     155     214     257     312     585     
900325 SGMR  39      68      85     149     214     268     318     588     
900326 SGMR  25      70      93     150     214     269     314     591     
900327 SGMR  21      48      87     139     203     258     310     580     
900328 SGMR  20      48      90     140     195     253     309     592     
900329 SGMR  19      46      86     122     175     227     293     581     
900330 SGMR  26      45      83     123     174     221     288     562     
900331 SGMR  17      43      76     116     160     209     282     555     
900401 SGMR  25      45      75     109     151     200     275     551     
900402 SGMR  20      44      74      99     142     191     265     545     
900403 SGMR  22      42      69      98     142     181     247     511     
900404 SGMR  19      41      74      98     144     194     267     548     
900405 SGMR  17      43      70      99     147     198     268     556     
900406 SGMR  15      43      77      98     143     185     261     544     
900407 SGMR  22      48      73      99     148     194     271     554     
900408 SGMR  29      46      73      96     144     189     264     554     
900409 SGMR  31      44      72      98     141     184     264     562     
900410 SGMR  20      45      69      98     141     184     259     556     
900411 SGMR  25      49      74     103     155     199     279     560     
900412 SGMR  24      52      75     111     159     215     282     577     
900413 SGMR  43      54      85     122     186     241     307     586     
900414 SGMR  27      57      84     130     198     245     293     583     
900415 SGMR  23      48      87     141     212     254     310     513     
900416 SGMR                         153     222     274     336     607     
900417 SGMR  21      67      95     152     229     280     337     577     
900418 SGMR  23              62     155     229     283     335     606     
900419 SGMR  29      58      98     162     239     280     336     602     
900420 SGMR  20      58      90     166     241     283     323     601     
900421 SGMR  19      57      86     154     228     242     286     513     
900422 SGMR  24      64      94     149     218     256     315     592     
900423 SGMR  19      55      84             209     247     303     586     
900424 SGMR  16      56      83     137     208     236     271     576     
900425 SGMR  20      50      83     127     185     223     266     564     
900426 SGMR  17      56      81     121     182     228     299     567     
900427 SGMR  17      51      69             159     194     260     562     
900428 SGMR  23      53      82     107     145     182     261     560     
900429 SGMR  24      50      74      99     135     171     245     545     
900430 SGMR  18      55      72             128     166     246     535     
900501 SGMR  21      22      72      91     129     169     257     513     
900502 SGMR  25      41      74      90     123     168     253     552     
900503 SGMR  19      41      75      87     121     165     249     544     
900504 SGMR  23      41      67      87     119     166     248     544     
900505 SGMR  21      42      68      91     131     167     236     490     
900506 SGMR  21      44      86      97     141     188     263     557     
900507 SGMR  25      44      67                     174     250     511     
900508 SGMR  73      46      85     110     160     195     254     569     
900509 SGMR  65      48      83     113     171     202     274     572     
900510 SGMR  40      50      81     126     174     218     288     577     
900511 SGMR  30      51      92     137     199     246     302     586     
900512 SGMR  25      49      97     145     207     241     309     600     
900513 SGMR  22      48      97     149     208     247     298     569     
900514 SGMR  23      53     110     153     227     254     313     596     
900515 SGMR  27      74      94     161     233     273     326     602     
900516 SGMR  27      57     102             228     297     336     600     
900517 SGMR 150      73      91     154     228     276     284     463     
900518 SGMR  53      65     104     165     240     323     349     600     
900519 SGMR          69     102     169     251     331     357     609     
900520 SGMR  41      57     108     170     253     332     355     603     
900521 SGMR  29      61     102     162     240     312     344     587     
900522 SGMR  30      57      93     145     221     287     324             
900523 SGMR  20      63      96     135     210     278     333             
900524 SGMR  26      53      91     131     190     249     333     592     
900525 SGMR  17      49      90     124     180     225     291     574     
900526 SGMR  27      53      82     121     181     210     259     580     
900527 SGMR  17      46      77     110     151     197     271     563     
900528 SGMR  15      45      72     109     151     194     271     563     
900529 SGMR  18      45      69      98     136     177     246     554     
900530 SGMR  21      42      68      98     140     178     240     541     
900531 SGMR  33      50      75      97     137     180     253     549     
900601 SGMR  20      43      67      94     133     172     236     548     
900602 SGMR  17      42      74      95     130     173     251     552     
900603 SGMR  18      41      72      95     134     180     259     544     
900604 SGMR  16      42      68      97     138     181     263     550     
900605 SGMR  18      43      72     102     141     187     267     557     
900606 SGMR  18      43      75     114     160     206     281     567     
900607 SGMR  21      45      77     136     187     226     292     573     
900608 SGMR  20      49      81     128     193     231     301     588     
900609 SGMR  20      49      82     137     204     243     310     586     
900610 SGMR          57      82     143     197     245     313     573     
900611 SGMR  67      59      88     145     205     246     309     569     
900612 SGMR  21      51      89     148     209     248     311     590     
900613 SGMR  21      50      89     145     198     238     299     585     
900614 SGMR  17      51      91     146     194     231     296     579     
900615 SGMR  23      49      89     138     185     224     291     572     
900616 SGMR  23      49      86     134     179     213     283     564     
900617 SGMR  22      47      84     133     178     212     285     567     
900618 SGMR  20      46      81     122     160     199     274     556     
900619 SGMR  17      47      79     116     155     195     271     557     
900620 SGMR  21      44      75     111     156     199     273     549     
900621 SGMR  19      41      69     106     141     190     270     548     
900622 SGMR  20      43      67      98     137     178     255     555     
900623 SGMR  20      63      66      95     130     177     258     542     
900624 SGMR  21      43      70      93     134     178     257     549     
900625 SGMR  26      47      73      98     139     186     256     544     
900626 SGMR  30      46      66      99     147     190     263     552     
900627 SGMR  53      50      70     107     164     205     274     563     
900628 SGMR  35      46      70     116     178     212     273     569     
900629 SGMR  80      57      78     133     197     239     292     565     
900630 SGMR  43      56      76     134     216     263     310     573     
900701 SGMR  38      54      86     146     233     285     322     575     
900702 SGMR  38      51      88     158     249     303     336     594     
900703 SGMR  33      51      91     154     241     288     320     582     
900704 SGMR  37      53      90     150     232     274     301     574     
900705 SGMR          76      89     146     213     261     304     575     
900706 SGMR          70     100     138     205     259     307     580     
900707 SGMR          56      91     135     195     258     308     584     
900708 SGMR  27      50      85     124     180     230     292     576     
900709 SGMR  21      45      83     115     156     205     279     553     
900710 SGMR  15      44      76     111     155     197     275     563     
900711 SGMR  16      45      81     113     153     197     270     546     
900712 SGMR  17      47      72     113     152     196     270     523     
900713 SGMR  33      46      77     113     152     193     268     560     
900714 SGMR  23      44      72     111     144     188     266     554     
900715 SGMR  19      44      71     105     142     183     261     543     
900716 SGMR  23      54      74     103     139     182     260     547     
900717 SGMR  19      46      72     101     140     182     261     555     
900718 SGMR  19      45      68      99     138     185     260     552     
900719 SGMR  18      43      69      98     139     184     260     547     
900720 SGMR  20      44      69     102     149     195     274     556     
900721 SGMR  20      45      71     105     153     199     273     558     
900722 SGMR  17      48      78     111     162     206     280     561     
900723 SGMR  32      57      80     116     171     215     282     559     
900724 SGMR          56      78     120     178     225     287     536     
900725 SGMR  64      64      84     127     175     177     218     426     
900726 SGMR  69      74      89     133     194     234     298     575     
900727 SGMR                         132     188     226     297     570     
900728 SGMR          71             131     182     217     291     566     
900729 SGMR          72      95     125     170     208     284     569     
900730 SGMR          66      96     126     183     211     271             
900731 SGMR                  86     124     177     215     279     560     
900801 SGMR  23      54      87     128     194     243     303     584     
900802 SGMR  18      52      86     130     201     249     312     588     
900803 SGMR  20      51      92     121     185     232     294     570     
900804 SGMR  18      52      82     121     181     223     294     572     
900805 SGMR  19      51      82     119     175     214     283             
900806 SGMR  18      49      82     116     164     206     276     553     
900807 SGMR  20      58      85     120     171     212     280     543     
900808 SGMR  21      48      77     118     177     216     279     507     
900809 SGMR  19      51      80     116     181     214     272     565     
900810 SGMR  18      50      79     117     179     214     273     558     
900811 SGMR  14      48             115     174                             
900812 SGMR  16      47      75     114     178     217     281     572     
900813 SGMR  34      49      75     120     188     223     279     563     
900814 SGMR  20      48      77     123     187     221     280     570     
900815 SGMR  36      52      79     128     192     222     277     575     
900816 SGMR  70      54      83     134     204     238     298     579     
900817 SGMR  41      61      87     138     219     263     318     588     
900818 SGMR  37      52      95     150     246     282     330     604     
900819 SGMR  23      57      93     163     266     317     360     556     
900820 SGMR          75      96     166     274     332     366     621     
900821 SGMR  34      81     110     171     292     342     354     621     
900822 SGMR                         183     319     364     375     646     
900823 SGMR  49      67      99     169     311     367     391     595     
900824 SGMR  89      79     119     176     308     364     394     626     
900825 SGMR  36      63      62     167     298     326     350     600     
900826 SGMR                                                                 
900827 SGMR                         151     259     312     357     618     
900828 SGMR                         147     243     301     350     611     
900829 SGMR                         137     223     270     324     585     
900830 SGMR                         132     214     259     316     584     
900831 SGMR                         121     184     225     295     574     
900901 SGMR                         111     171     208     282     574     
900902 SGMR                         112     167     204     275     559     
900903 SGMR                         105     160     198     271     554     
900904 SGMR                         109     160     198     271     554     
900905 SGMR                         107     156     191     268     558     
900906 SGMR                         110     162     197     272     561     
900907 SGMR  23      47      78     112     166     196     271     545     
900908 SGMR  17      47      79     112     166     198     274     571     
900909 SGMR  14      47      81     120     173     203     278     574     
900910 SGMR  12      46      80     120     170     204     280     557     
900911 SGMR          48      85     126     183     208     281     573     
900912 SGMR  17      51      87     134     195     218     290     570     
900913 SGMR  25      55      93     137     207     227     299     574     
900914 SGMR  22      56      94     147     219     240     307     583     
900915 SGMR  20      48      86     144     214     233     301     529     
900916 SGMR  17      48      88     136     208     227     291     580     
900917 SGMR  19      51      87     143     217     242     308     588     
900918 SGMR  17      49      89     139     211     239     309     584     
900919 SGMR  20      52      89     142     217     242     307     587     
900920 SGMR  20      52      89     139     214     233     295     582     
900921 SGMR  20      54      89     135     213     231     291     575     
900922 SGMR  19      52      87     132     202     224     291     563     
900923 SGMR  21      53      84     126     195     215     285     568     
900924 SGMR  19      52      82     121     187     212     287     569     
900925 SGMR  19      47      80     117     175     204     278     561     
900926 SGMR  19      47      76     111     166     195     268     551     
900927 SGMR  20      46      73     104     160     188     263     534     
900928 SGMR  19      46      74     103     162     190     264     553     
900929 SGMR  20      47      73     100     157     192     265     548     
900930 SGMR  23      50      74     102     169     200     271     538     
901001 SGMR  42      64      79     101     171     199     261     552     
901002 SGMR  33      55      76     101     173     208     269     552     
901003 SGMR  25      53      78     109     192     229     287     538     
901004 SGMR  20      53      78     111     201     229     284     571     
901005 SGMR  24      51      71     107     185     207     271     564     
901006 SGMR  28      51      73     107     186     203     272     560     
901007 SGMR  49      50      75     109     187     204     272     567     
901008 SGMR  32      55      81     115     205     220     287     566     
901009 SGMR                         121     205     216     281     554     
901010 SGMR  19      40      67     125     212     224     285     425     
901011 SGMR  19      47      73     134     222     230     294     554     
901012 SGMR  40      42      72     132     220     227     286             
901013 SGMR  16      41      72     135     227     237     290     559     
901014 SGMR  17      44      75     135     236     247     298     563     
901015 SGMR  15      46      80     144             269     315     583     
901016 SGMR  19      49             142     245     257     305     584     
901017 SGMR  20      46      76     139     238     250     298     576     
901018 SGMR  22      50      78     138     236     241     296     576     
901019 SGMR  20      55      80     137     229     236     289     578     
901020 SGMR  20      49      81     133     220     228     292     576     
901021 SGMR  18      46      72     129     203     211     275     568     
901022 SGMR  26      46      74     122     190     196     264     558     
901023 SGMR  19      44      67     118     180     186     255     496     
901024 SGMR  23      44      69     112     171     187     263     543     
901025 SGMR  19      46      72     112     157     198     268     553     
901026 SGMR  17      42      60     104     148     186     261     540     
901027 SGMR  22      45      67     107     156     194     268     559     
901028 SGMR  19      43      63      97     142     186     259     542     
901029 SGMR  26      44      64      96     147     195     270     557     
901030 SGMR  23      43      63      92     142     190     267     559     
901031 SGMR  16      42      61      88     132     185     261     554     
901101 SGMR  19      41      63      92     137     186     260     550     
901102 SGMR  24      41      63      89     128     182     255     541     
901103 SGMR  22      42      61      95     140     191     259     547     
901104 SGMR  18      41      64     101     152     203     269     555     
901105 SGMR  18      44      69     106     161     208     275     550     
901106 SGMR  22      53      75     121     184     225     288     568     
901107 SGMR  25      55      78     132     200     241     302     577     
901108 SGMR  39      59      83     139     203     239     300     577     
901109 SGMR  36      54      79     136     187     224     283     570     
901110 SGMR  20      48      80     135     186     214     272     496     
901111 SGMR  19      49      77     133     183     218     283     562     
901112 SGMR  22      50      75     134     181     224     294     577     
901113 SGMR  26      50      83     131     182     232     301     583     
901114 SGMR  31      52      80     130     187     245     310     588     
901115 SGMR  54      58      80     126     199     264     324     597     
901116 SGMR  41      52      77     122     197     274     336     589     
901117 SGMR                 117     125     203     287     350     577     
901118 SGMR          64      73     116     191     272     333     554     
901119 SGMR          83      83     113     179     266     324     544     
901120 SGMR  48      57      77     107     173     256     317     551     
901121 SGMR  70      52      76     105     166     239     298     548     
901122 SGMR          68      75     103     166     233     302     542     
901123 SGMR          68      70     100     161     223     280     501     
901124 SGMR  70      53      71     103     160     219     280     546     
901125 SGMR  33      48      70     101     152     210     277     541     
901126 SGMR  44      46      71      99     146     197     268     555     
901127 SGMR  25      40      74      97     145     188     262     536     
901128 SGMR  45      45      71     103     152     192     260     551     
901129 SGMR  29      41      70     105     153     197     270     531     
901130 SGMR  23      40      73     111     162     210     281     568     
901201 SGMR  19      39      73     109     157     206     275     562     
901202 SGMR  16      39      73     113     168     216     275     555     
901203 SGMR  17      40      77     119     178     225     282     561     
901204 SGMR  21      36      66     124     185     210     250     450     
901205 SGMR  26      44      87     135     204     246     300     570     
901206 SGMR  26      45      87     137     211     256     307     575     
901207 SGMR  19      44      89     142     209     245     296     566     
901208 SGMR  21      43      80     139     217     245     285     510     
901209 SGMR  22      47      87     146     212     255     303     575     
901210 SGMR  18      44      86     145     218     269     313     577     
901211 SGMR  25      49      93     143     218     268     317     589     
901212 SGMR  23      49      90     143     217     267     314     579     
901213 SGMR  92      63      88     137     208     270     315     553     
901214 SGMR  36      55      92     131     187     252     309     574     
901215 SGMR          68      96     123     183     241     294     522     
901216 SGMR  19      43      70     121     178     222     278     479     
901217 SGMR  26      48      76     121     181     240     290     551     
901218 SGMR  50      54      81     122     189     236     281     525     
901219 SGMR          54      82                                     563     
901220 SGMR  30      44      78     122     187     241     319     572     
901221 SGMR  23      44      76     113     175     251     315     558     
901222 SGMR  31      43      72     107     171     245     303     557     
901223 SGMR  21      44      75     112     176     231     296     551     
901224 SGMR  35      48      78     115     173     220     280     549     
901225 SGMR  28      45      81     120     183     228     296     573     
901226 SGMR  31      46      79     121     173     217     285     568     
901227 SGMR  20      46      84     126     183     218     286     564     
901228 SGMR  13      41      69     120     224     198     236     515     
901229 SGMR  17      44      80                                     496     
901230 SGMR  18      43      80     148     200     224     308     543     
901231 SGMR  16      43      82     132     175     207     279     562     
 
