850101 SGMR                          56      66     105     226     455         
850102 SGMR                                                                     
850103 SGMR                          55      64     103     279     573         
850104 SGMR                          60      65     101     269     563         
850105 SGMR                          56      68     102     273     573         
850106 SGMR                          51      67     102     265     572         
850107 SGMR                          58      62     102     270     553         
850108 SGMR                                  62      95     268     567         
850109 SGMR                                                                     
850110 SGMR                          52      62      99     261     548         
850111 SGMR                          53      64     100     276     568         
850112 SGMR                          54      66     102     267     565         
850113 SGMR                          56      70     108     273     571         
850114 SGMR                          57      73             270     570         
850115 SGMR                          56      69             270     566         
850116 SGMR                                                                     
850117 SGMR                          57      72     112     281     566         
850118 SGMR                          57      72      91     277     576         
850119 SGMR                          59      74     109     272     547         
850120 SGMR                          64      83     124     296     581         
850121 SGMR                                                                     
850122 SGMR                          64      82     120     280     579         
850123 SGMR                          62      78     117     280     577         
850124 SGMR                          61      74     111     277     573         
850125 SGMR                          58      71     108     274     525         
850126 SGMR                          55      66     104     277     569         
850127 SGMR                          56      65     104     270     568         
850128 SGMR                          55      64      92     270     570         
850129 SGMR                          54      73     104     267     573         
850130 SGMR                          52      69      96     274     574         
850131 SGMR                          57      68     105     270     567         
850132 SGMR                          57      69     104     272     563         
850201 SGMR                          58      76     108     273     559         
850202 SGMR                          56      66      93     244     411         
850203 SGMR                          58      72     104     277     566         
850204 SGMR                          59      70     104     272                 
850205 SGMR                                                                     
850206 SGMR                                                                     
850207 SGMR                          57      73     104     277                 
850208 SGMR                                                                     
850209 SGMR                                                                     
850210 SGMR                          59      75     123     274                 
850211 SGMR                          60      72      86     273                 
850212 SGMR                          65      71      88     268                 
850213 SGMR                          56      69      89     264                 
850214 SGMR                          57      67      89     277                 
850215 SGMR                          57      67      97     263                 
850216 SGMR                          56      70     105     270     505         
850217 SGMR                          57      73      86     264     522         
850218 SGMR                                                                     
850219 SGMR                                                                     
850220 SGMR                                                                     
850221 SGMR                          59      68      85     262     556         
850222 SGMR                          57      71      90     270     542         
850223 SGMR                          57      68      83     243     341         
850224 SGMR                          58      66      95     257     546         
850225 SGMR                                                                     
850226 SGMR                          56      66      96     266     551         
850227 SGMR                          56      67      94     271     542         
850228 SGMR                          56      69     102     264     558         
850232 SGMR                          58      70      96     266     517         
850301 SGMR                          55      66      88     264     551         
850302 SGMR                          54      68      94     259     547         
850303 SGMR                          57      64      96     274     550         
850304 SGMR                          55      69     103     282     553         
850305 SGMR                          57      77     117     272     550         
850306 SGMR                          52      63     100     274     556         
850307 SGMR                                                                     
850308 SGMR                          53      67      91     267     513         
850309 SGMR                          53      67      86     260     556         
850310 SGMR                          54      64      86     270     558         
850311 SGMR                          55      66      87     260     550         
850312 SGMR                          55      66      89     245     464         
850313 SGMR                                                                     
850314 SGMR   7      13      30      55      58      85     265     560         
850315 SGMR                          54      67      94     259     545         
850316 SGMR                                                                     
850317 SGMR                                                                     
850318 SGMR                          58      74     108     283     558         
850319 SGMR                          59      72      88     275     564         
850320 SGMR                                                                     
850321 SGMR                          62      72     107     278     561         
850322 SGMR                          61      73      95     275     560         
850323 SGMR                                                                     
850324 SGMR  10      20      56      62      76      96     274     547         
850325 SGMR  10      19      51      63      75     101     282     548         
850326 SGMR  11      20      57      61      75      93             545         
850327 SGMR   9      20      54      61      76      91     265     550         
850328 SGMR  10      20      54      58      68     109     254     546         
850329 SGMR   8      19      53      59      72      95     268     534         
850330 SGMR   9      21      60      60      73      96     272     546         
850331 SGMR   9      21      57      61      71     105     282     546         
850332 SGMR   9      19      52      57      70      96     269     546         
850401 SGMR   9      19      54      60      71     107     268     529         
850402 SGMR  10      20      54      57      69     103     277     546         
850403 SGMR   9      19      53      57      71     102     277     554         
850404 SGMR   9      19      48      57      69      97     268     549         
850405 SGMR   9      19      50      57      70      94     266     545         
850406 SGMR                                                                     
850407 SGMR   8      19      48      57      68     101     264     536         
850408 SGMR  12      20      52      57      68      94     264     535         
850409 SGMR   9      19      47      56      67     100     258     544         
850410 SGMR  10      20      49      55      68      99     275     546         
850411 SGMR   8      19      44      59      71      97     256     541         
850412 SGMR   8      19      46      57      66      94     260     538         
850413 SGMR   9      14      29      56      70      95     273     548         
850414 SGMR  11      18      51      58      68     105     274     533         
850415 SGMR   9      19      47      58      68      99     258     540         
850416 SGMR  10      18      46      55      66      95     253     538         
850417 SGMR   9      19      49      55      67     104     272     548         
850418 SGMR   9      19      53      55      69     104     272     549         
850419 SGMR   9      19      48      57      64     103     255     554         
850420 SGMR   7      20      50      59      72     104     264     553         
850421 SGMR  11      19      51      62      75     110     263     555         
850422 SGMR  21      24      54      67      85     123     296     490         
850423 SGMR  19      27      59      70      90     133     313     567         
850424 SGMR  29      25      54      70      85     127     307     573         
850425 SGMR  42      32      63      71      90     121     294     565         
850426 SGMR                                                                     
850427 SGMR  12      20      52      63      79     109     272     534         
850428 SGMR  10      15      51      62      80     108     260     555         
850429 SGMR   9      19      50      63      79     109     267     553         
850430 SGMR                                                                     
850432 SGMR  12      19      50      60      73     105     271     545         
850501 SGMR   8      19      51      63      78     115     255     547         
850502 SGMR   9      19      46      60      74      91     264     555         
850503 SGMR  10      20      46      55      66      94     230     495         
850504 SGMR   0      19      48      57      67      94     102                 
850505 SGMR  10      19      48      57      71      94     256     557         
850506 SGMR   8      20      48      58      68     103     250     518         
850507 SGMR  10      19      50      63      75     103     262     556         
850508 SGMR  13      14      47      65      83     111     275     549         
850509 SGMR  10      21      51      67      84     106     283     561         
850510 SGMR  10      23      48      69      85     124     267     557         
850511 SGMR  10      17      38      70      84     123     262     552         
850512 SGMR  12      22      53      73      88     126     292     549         
850513 SGMR                                                                     
850514 SGMR                          67      87     122     290     524         
850515 SGMR                                                                     
850516 SGMR  17      20      44      71      91     120     271     554         
850517 SGMR  12      18      47      73      89     120     270     555         
850518 SGMR   9      19      48      73      89     115     278     534         
850519 SGMR  14      19      50      74      87     117     272     563         
850520 SGMR                                                                     
850521 SGMR  14      18      43      69      80     111     259     539         
850522 SGMR   6      18      41      68      79     109     264     552         
850523 SGMR   7      18      47      68      78     108     259     548         
850524 SGMR   8      19      50      68      74     110     257     565         
850525 SGMR                                                                     
850526 SGMR   8      17      43      62      73      95     258     553         
850527 SGMR   8      16      38      60      69     106     252     543         
850528 SGMR   7      17      38      55      67      81     203     392         
850529 SGMR   7      17      38      56      69      95     263     555         
850530 SGMR  12      17      40      56      68     106     258     556         
850531 SGMR   7      16      37      55      67     104     258     541         
850532 SGMR  13      18      45      64      77     107     256     541         
850601 SGMR   8      16      38      55      66     103     258     551         
850602 SGMR   7      16      39      56      69     105     250     549         
850603 SGMR   7      16      36      60      71     108     249     541         
850604 SGMR   8      16      35      60      72     110     260     550         
850605 SGMR   9      17              64      78     103     269     521         
850606 SGMR  10      18      44      66      84     109     274     546         
850607 SGMR                                                                     
850608 SGMR   8      18      43      68      84     104     276     556         
850609 SGMR   8      17      39      73      86     106     280     562         
850610 SGMR  11      18      59      72      89     122     273     563         
850611 SGMR   7      14      45      73      86     119     274     550         
850612 SGMR   9      22      51      75      90     108     247     476         
850613 SGMR  11      21      52      72      85     107     271     562         
850614 SGMR   8      20      49      69      81     106     266     552         
850615 SGMR                                                                     
850616 SGMR  10      20      44      67      77      97     273     547         
850617 SGMR   9      19      47      63      74     103     262     546         
850618 SGMR   8      19      46      61      71     109     262     549         
850619 SGMR   9      19      43      60      69     104     250     555         
850620 SGMR  10      20      50      58      69     104     256     543         
850621 SGMR                                                                     
850622 SGMR   9      19      33      58      67     106     253     554         
850623 SGMR   9      21      42      56      69     100     259     549         
850624 SGMR  11      20      44      57      69     106     261     542         
850625 SGMR  10      21      48      57      67     100     256     550         
850626 SGMR  10      20      47      55      65     101     260     543         
850627 SGMR  10      21      51      56      66      92     272     535         
850628 SGMR   9      21      48      57      68     105     270     417         
850629 SGMR  10      24      49      55      72     109     273     515         
850630 SGMR  13      20      51      59      72     107     260     543         
850632 SGMR   9      19      45      62      75     105     263     540         
850701 SGMR   8      20      87      62      89     111     255     552         
850702 SGMR   9      20                                             590         
850703 SGMR  10      21      43      63      76     112     261     546         
850704 SGMR   9      21      45      66      76     110     255     551         
850705 SGMR  11      22      59      67      80     114     270     548         
850706 SGMR  14      23      51      68      83     122     275     546         
850707 SGMR  14      23      52      75      94     135     284     550         
850708 SGMR  11      22      52      76      94     138     284     559         
850709 SGMR  11      23      57      77      98     133     288     561         
850710 SGMR  14      25      58      77      97     136     286     556         
850711 SGMR  15      25      55      71      93     135     281     557         
850712 SGMR  12      23      55      71      88     128     272     562         
850713 SGMR  10      21      55      67      79     117     269     557         
850714 SGMR   9      43      52      61      71     112     257     539         
850715 SGMR   9      21      44      59      69     107     264     528         
850716 SGMR   8      21      45      58      68     104     257     542         
850717 SGMR  10      21      50      58      67     103     260     543         
850718 SGMR   9      21      48      58      67     104     260     544         
850719 SGMR   9      20      48      56      67     104     247     540         
850720 SGMR   9      20      43      58      69     104     246     548         
850721 SGMR  10      21      45      56      66     104     251     545         
850722 SGMR   9      21      46      59      66     103     252     544         
850723 SGMR   9      20      50      56      65     104     261     545         
850724 SGMR  10      21      53      60      67     105     274     546         
850725 SGMR   9      18      47      59      70     109     262     548         
850726 SGMR   9      20      48      61      68      92     228     404         
850727 SGMR                                                                     
850728 SGMR  10      24      55      68      78     115     272     565         
850729 SGMR  11      24      55      69      77     113     267     552         
850730 SGMR  12      22      58      71      80     115     252     546         
850731 SGMR  11      23      62      68      80     111     265     544         
850732 SGMR  10      22      52      65      77     113     264     545         
850801 SGMR  11      24      60      69      77     114     270     552         
850802 SGMR  20      23      58      67      79     110     269     556         
850803 SGMR  10      23      53      68      75     109     266     555         
850804 SGMR  11      22      53      70      74     108     240     550         
850805 SGMR  11      22      63      67      75     109     248     553         
850806 SGMR  11      23      59      65      74     108     261     555         
850807 SGMR  11      22              66      75     111     263     549         
850808 SGMR  10      22      49      61      75     110     261     537         
850809 SGMR  10      20      46      60      71     107     259     544         
850810 SGMR   8      14      50      59      69     107     265     548         
850811 SGMR  10      24      45      55      67     103     252     539         
850812 SGMR  10      20      48      56      65     102     261     553         
850813 SGMR  10      21      46      55      65     105     266     548         
850814 SGMR  10      20      45      54      64     104     253     527         
850815 SGMR   8      20      45      54      64     103     260     534         
850816 SGMR   9      20      46      55      64     103     273     530         
850817 SGMR   9      20      51      53      65     103     269     545         
850818 SGMR  12      19      42      56      66     101     277     551         
850819 SGMR  11      20      42      54      65     101     261     497         
850820 SGMR   9      19      46      58      67     103     277     544         
850821 SGMR   9      20      48      55      66     103     273     544         
850822 SGMR   9      21      49      58      70     106     274     542         
850823 SGMR   9      20      49      57      68     106     284     544         
850824 SGMR                                                                     
850825 SGMR  11      19      47      59      67     103     263     492         
850826 SGMR  10      20      50      59      69     105     279     523         
850827 SGMR   7      21      51      59      70     105     277     537         
850828 SGMR  11      22      55      59      69     105     277     543         
850829 SGMR                                                                     
850830 SGMR  12      23      55      62      72             281     517         
850831 SGMR  12      23      49      61      72             275     512         
850832 SGMR  10      20      50      60      70     105     267     539         
850901 SGMR  11      22      51      59      70             289     552         
850902 SGMR  10      23      52      60      69     106     273     528         
850903 SGMR  12      22      52      58      69     107     276     542         
850904 SGMR  11      22      53      58      92      80     263     530         
850905 SGMR  11      21      49      59      67     104     279     540         
850906 SGMR  13      22      54      59      70     106     275     512         
850907 SGMR                                                                     
850908 SGMR  11      21      48      57      68     104     263     535         
850909 SGMR  11      20      49      56      69     105     276     511         
850910 SGMR  11      21      48      57      68     105     278     516         
850911 SGMR   8      20      50      55      66     104     277     552         
850912 SGMR  12      20      49      55      66     101     278     544         
850913 SGMR   6      20      48      56      66     104     277     546         
850914 SGMR   9      19      47      54      67     103     279     553         
850915 SGMR  10      20      46      55      69     103     277     543         
850916 SGMR  10      20      49      54      68     103     282     539         
850917 SGMR   9      19      45      54      65     103     273     546         
850918 SGMR  11      19      49      58      66     104     275     542         
850919 SGMR  10      21      47      56      66     102     267     538         
850920 SGMR  10      20      48      56      66     102     261     534         
850921 SGMR  26      19      47      55      65     101     267     541         
850922 SGMR  11      21      52      54      66     102     281     540         
850923 SGMR                                                                     
850924 SGMR                                                                     
850925 SGMR   9      21      46      56      67      99     265     546         
850926 SGMR  36      22      53      55      67     102     273     538         
850927 SGMR                                                                     
850928 SGMR                                                                     
850929 SGMR                                                                     
850930 SGMR   9      18      48      54      65     128     273     552         
850932 SGMR  12      20      49      56      68     103     274     538         
851001 SGMR                                                                     
851002 SGMR   9      19      41      53      64     100     264     492         
851003 SGMR  10      17      47      54      69      88     264     367         
851004 SGMR                                                                     
851005 SGMR  10      21      47      52      66     102     269     512         
851006 SGMR                                                                     
851007 SGMR   9      17      45      53      64     100     275     544         
851008 SGMR   7      18      41      49      61      99     274     536         
851009 SGMR   9      18      47      49      62      99     277     538         
851010 SGMR  10      25      47      50      65     101     285     548         
851011 SGMR   9      22      46      54      63     102     277     554         
851012 SGMR   8      13      48      52      67     103     279     549         
851013 SGMR   9      19      43      50      66      84     267     482         
851014 SGMR   9      18      48      53      67     105     282     547         
851015 SGMR  11      21      44      55      70     107     283     528         
851016 SGMR   9      21      48      57      72     107     294     553         
851017 SGMR  10      21      48      57      71     107     296     546         
851018 SGMR                                                                     
851019 SGMR  11      18      49      60      73     105     265     469         
851020 SGMR  10      20      51      61      76     107     286     542         
851021 SGMR  11      25      53      66      80     115     286     551         
851022 SGMR  47      29      54      68      94     125     298     554         
851023 SGMR  17      23      57      69      90     120     293     553         
851024 SGMR  11      20      54      69      91     119     304     555         
851025 SGMR  10      22      50      67      90     119     294     557         
851026 SGMR   8      20      52      64      80     112     297     557         
851027 SGMR                                                                     
851028 SGMR  10      17      54      60      75     111     301     563         
851029 SGMR  10      21      53      58      70      97     294     565         
851030 SGMR   9      19      48      54      66     102     289     547         
851031 SGMR   9      19      52      55      64     104     286     547         
851032 SGMR  11      20      49      57      72     105     284     533         
851101 SGMR                                                                     
851102 SGMR   9      19      48      54      66      93     261     538         
851103 SGMR   9      17      48      53      66      93     284     524         
851104 SGMR  10      19      47      53      65      97     290     540         
851105 SGMR  10      15      48      54      61      88     219     233         
851106 SGMR  10      19      48      55      66     104     288     506         
851107 SGMR   9      15      46      56      69     105     284     553         
851108 SGMR  11      19      52      58      70     108     293     558         
851109 SGMR  10      19      53      56      71     107     295     546         
851110 SGMR  11      19      50      57      71     107     289     536         
851111 SGMR  11      22      50      57      69     101     288     503         
851112 SGMR  10      19      47      56      72      81     272     357         
851113 SGMR                                                                     
851114 SGMR  11      21      51      62      74     112     296     547         
851115 SGMR   9      21      53      66      82     117     306     559         
851116 SGMR   9      18      57      62      75     116     310     553         
851117 SGMR                                                                     
851118 SGMR   9      15      58      65      75     108     291     550         
851119 SGMR  10      18      55      62      74     112     282     536         
851120 SGMR  11      20      56      62      73     107     288     542         
851121 SGMR  10      20      52      61      70     107     301     557         
851122 SGMR  10      21      54      59      69     101     287     522         
851123 SGMR  10      15      53      57      68     109     294     546         
851124 SGMR   9      15      53      56      64     106     298     547         
851125 SGMR   9      14      49      56      62     104     301     542         
851126 SGMR  10      17      50      54      66      93     293     529         
851127 SGMR   9      17      50      55      68      85     283     526         
851128 SGMR                                                                     
851129 SGMR   9      15      45      51      64      85     300     540         
851130 SGMR   8      14      44      51      61      84     295     519         
851132 SGMR  10      17      51      57      69     101     288     520         
851201 SGMR   9      16      46      53      66     101     285     540         
851202 SGMR   9      19      51      53      67     101     283     538         
851203 SGMR  10      18      54      55      64      92     304     549         
851204 SGMR   9      22      47      53      64      93     287     538         
851205 SGMR   9      16      48      54      72      84     293     543         
851206 SGMR  10      18      49      57      69      99     295     529         
851207 SGMR  10      15      50      56      71      93     290     547         
851208 SGMR  10      18      49      57      67      89     290     528         
851209 SGMR  10      17      51      59      70      94     290     546         
851210 SGMR                                                                     
851211 SGMR  10      19      53      61      72      96     299     539         
851212 SGMR  10      17      49      62      72      96     296     467         
851213 SGMR  10      15      54      61      80      98     294     512         
851214 SGMR                                                                     
851215 SGMR  12      19      56      66      78      96     307     549         
851216 SGMR   9      16      50      61      76      92     276     549         
851217 SGMR  11              30              73      89     303     492         
851218 SGMR  11      25      58      63      75      91     311     553         
851219 SGMR  12      23      55      64      71      93     312     495         
851220 SGMR  16      23      56      62      71      91     300     549         
851221 SGMR  14      22      58      60      65      88     304     549         
851222 SGMR  13      22      51      59      65      92     301     549         
851223 SGMR  12      21      54      68      73     101     293     483         
851224 SGMR  11      20      52      56      65      92     281     527         
851225 SGMR  10      20      50      54      61      92     285     512         
851226 SGMR   9      19      46      53      59      91     304     540         
851227 SGMR   6      19      49      52      59      88     288     538         
851228 SGMR   7      19      45      52      66      86     293     545         
851229 SGMR  10      18      49      51      61      87     289     508         
851230 SGMR   9      19      50      48      62      87     284     542         
851231 SGMR   9      19      44      51      60      89     278     541         
851232 SGMR  10      19      50      57      68      92     294     531         

