780101*SGMR  12.2    27.8    57.8    90.5   138.5   164     307                 
780102*SGMR  13.6    29.1    55.8    94.6   144.7   167     306                 
780103 SGMR  16.5    29.5    55.2    93.3   138.5   165     318     552         
780104 SGMR  10.1    29.1    55.8    92.1   125.6   165     319     563         
780105 SGMR   9.5    27.9    63.8    90.0   128.4   157     309     546         
780106 SGMR  10.7    32.4    59.5    90.4   127.8   160     311     546         
780107*SGMR          27.0    61.8    85.6   120.8   150     303     545         
780108*SGMR   7.6    26.9    54.4    78.8   109.6   141     295                 
780109*SGMR                                                                     
780110*SGMR                  51.8    72.4                           545         
780111 SGMR   9.7    30.2    50.1    68.3    98.9   133     291     548         
780112 SGMR                  51.9    68.1    96.3   133     290                 
780113*SGMR   7.6    28.5    49.6    68.5    95.0   131     295     535         
780114*SGMR                                                                     
780115 SGMR  26.4    36.0    56.9    70.5    91.7   132     282     537         
780116 SGMR   8.2    26.4    46.2    64.0    90.1   126     284     540         
780117*SGMR  11.2    26.4    48.2    62.2    88.4   125     282     528         
780118*SGMR   9.8    30.0    44.4    65.1    85.8   125     280     526         
780119 SGMR   8.6    25.7    43.4    62.3    88.7   126     283     540         
780120*SGMR                                                                     
780121 SGMR   8.8    29.0    45.2    68.4    96.2   134     288     539         
780122 SGMR   9.2    26.4    47.2    64.9   100.7   131     285     543         
780123 SGMR  10.3    27.6    50.2    70.4   104.0   137     294     550         
780124 SGMR   8.7    23.9    47.9    71.1   106.2   139     299     549         
780125*SGMR   8.5    24.3    49.0    74.9   104.6   139     302     555         
780126*SGMR                                                         562         
780127 SGMR   9.1    28.8    53.4    86.6   125.7   158     310     563         
780128 SGMR  10.5    30.1    56.4    94.2   138.4   166     312     561         
780129 SGMR  11.9    33.1    60.9   100.7   139.0   165     310     563         
780130 SGMR   9.8    30.6    64.4   100.1   144.0   164     318     564         
780131 SGMR  10.8    31.4    59.7   100.8   145.6   171     325     565         
780132 SGMR  10.8    28.7    53.4    79.6   114.4   146     300     549         
780201 SGMR  10.6    29.4    61.2   103.3   151.9   177     327     576         
780202 SGMR  20.0    35.0    67.8   114.3   169.0   188     340     579         
780203 SGMR  13.7    31.9    67.1   113.5   181.2   203     358     571         
780204 SGMR  13.8    34.5    66.4   112.4   169.1   184     341     574         
780205 SGMR  14.9    31.1    65.2   119.4   174.7   193     347     581         
780206*SGMR  20.2    29.9    60.7   110.3   172.5   190     352     577         
780207*SGMR                                                                     
780208*SGMR                                                                     
780209 SGMR  45.5    39.5    67.9   111.8   170.0   204     352     575         
780210 SGMR  50.6    43.0    65.2   102.5   161.3   198     343     564         
780211 SGMR  82.4    57.8    71.4   105.0   167.3   199     346     563         
780212 SGMR  65.6    46.2    67.8   104.6   175.9   213     363     580         
780213 SGMR  52.0    41.4    64.0   103.7   157.7   199     355     582         
780214 SGMR  39.8    33.0    64.8    99.0   160.1   203     362     580         
780215 SGMR  56.1    35.7    61.6    94.4   144.6   188     347     576         
780216 SGMR  46.0    41.2    64.3    89.9   140.2   176     337     572         
780217 SGMR  26.7    27.4    60.9    89.1   136.1   167     320     563         
780218 SGMR  13.9    21.7    59.5    92.2   134.8   161     316     564         
780219 SGMR  18.0    31.6    65.1    90.0   128.8   157     314     560         
780220 SGMR  14.8    30.9    60.6    90.5   132.3   158     320     562         
780221 SGMR  12.8    27.6    60.9    93.2   131.6   157     321     568         
780222 SGMR  15.3    28.2    62.3    95.0   136.8   162     322     573         
780223 SGMR  18.7    27.9    60.7   100.7   143.8   168     324     575         
780224 SGMR  17.4    27.3    63.8   100.1   145.6   169     325     569         
780225 SGMR  10.1    23.8    69.4   107.3   152.9   176     326     571         
780226 SGMR   9.7    23.4    67.8   104.5   149.5   170     325     569         
780227 SGMR   9.3    24.5    67.8   104.0   149.7   174     327     568         
780228 SGMR  10.2    28.8    68.8   103.4   147.7   175     336     571         
780232 SGMR  27.2    32.8    64.7   102.1   153.3   181     336     572         
780301 SGMR  10.6    29.1    67.6   102.8   154.2   174     339     580         
780302 SGMR  11.1    31.4    69.7   103.4   156.6   182     353     583         
780303 SGMR  11.0    34.9    67.0   111.4   160.1   190     349     581         
780304 SGMR  11.3    35.6    73.5   111.2   159.3   188     360     587         
780305 SGMR  13.0    34.9    74.7   115.3   166.6   190     358     587         
780306 SGMR  61.2    70.4    89.3   120.5   177.9   199     359     592         
780307 SGMR  28.3    43.7    75.9   121.5   182.3   200     362     588         
780308 SGMR  23.2    38.6    72.4   117.6   186.8   206     370     590         
780309 SGMR  18.4    39.2    75.0   125.1   197.3   216     375     593         
780310 SGMR  21.0    38.7    73.8   125.3   199.1   216     365     583         
780311 SGMR  52.9    48.9    78.9   124.3   191.8   213     365     580         
780312 SGMR  16.1    39.8    72.0   115.9   181.5   202     352     568         
780313 SGMR  18.3    46.3    73.6   112.5   171.6   194     344     574         
780314*SGMR  20.0    39.8    72.2   121.7   169.0   194     338     581         
780315 SGMR  19.2    39.9    68.8   113.8   168.2   186     331     570         
780316 SGMR  13.2    37.2    64.9   108.2   156.5   179     325     573         
780317 SGMR  13.3    36.9    61.7    97.4   144.1   166     328     567         
780318 SGMR  12.4    37.1    63.8    94.7   140.9   164     326     570         
780319 SGMR  17.8    37.1            91.2   134.0   163     316     566         
780320 SGMR  12.7    36.7    63.2    91.0   138.4   162     320     572         
780321 SGMR  12.4    37.1    61.2    88.4   124.9   153     306     556         
780322 SGMR  12.6    40.5    63.9    90.0   124.1   152     309     559         
780323 SGMR  10.7    28.8    60.5    87.9   122.6   152     306     558         
780324 SGMR  12.3    34.9    66.3    90.0   126.6   157     311     563         
780325 SGMR  12.3    28.7    65.7    88.3   125.2   154     313     564         
780326*SGMR  11.2    30.2    64.9    89.3   118.4   147     308     574         
780327*SGMR  28.0    35.5    65.4    89.9   117.0   146     305     572         
780328 SGMR  10.8    31.9    65.6    85.9   116.8   148     303     564         
780329 SGMR  11.5    33.9    62.9    85.3   115.1   147     303     560         
780330 SGMR  10.7    31.2    64.5    91.5   125.9   152     312     565         
780331 SGMR  11.7    33.1    67.7    95.0   128.5   161             576         
780332 SGMR  17.7    37.5    68.9   103.4   151.0   176     334     574         
780401*SGMR  10.7    24.8    65.4   100.9   138.2   166     324     574         
780402*SGMR  11.2    30.1    65.3    96.0   137.4   167     330     572         
780403 SGMR  10.4    32.6    64.8    99.6   143.5   174     333     575         
780404 SGMR  11.4    33.4    68.0   106.2   156.6   186     341     571         
780405 SGMR  10.8    34.4    70.4   111.4   158.2   189     337     578         
780406 SGMR  10.9    31.0    66.9   104.3   161.0   181     332     586         
780407 SGMR  14.3    41.0    80.2   110.0   158.1   176     326     557         
780408 SGMR  15.4    32.9    70.0   111.7   160.5   183     328     568         
780409 SGMR  12.2    33.4    69.2   112.2   167.2   188     343     585         
780410 SGMR  10.9    31.2    66.3   112.0   165.3   187     341     584         
780411 SGMR  12.3    31.4                   184.2   204     355     595         
780412 SGMR  12.7    31.7    67.3   113.4   163.7   186     331     584         
780413 SGMR   9.2    32.9    65.7   105.7   149.5   176     322     570         
780414 SGMR  37.9    33.2    68.0   104.1   147.9   175     332     577         
780415 SGMR  41.9    36.1    65.5   102.1   150.0   174     335     582         
780416 SGMR  24.9    35.1    61.7    99.2   145.6   174     329     572         
780417 SGMR  21.9    34.4    60.7    96.3   139.0   164     321     562         
780418 SGMR  11.1    29.9    65.3    90.3   137.3   168     326     572         
780419 SGMR  12.0    31.1    69.0   106.5   158.3   182     336     584         
780420*SGMR  12.3    29.3    63.4   104.3   154.0   177     326     573         
780421 SGMR  11.1    32.1    64.1   102.4   148.7   173     321     567         
780422 SGMR  12.0    33.2    64.5   102.6   154.6   178     332     578         
780423 SGMR  13.4    28.3    63.8   110.6   174.5   197     349     596         
780424 SGMR  10.0    31.6    53.0    93.0   165.0   197     357     574         
780425 SGMR  12.2    35.5    63.2   104.9   177.2   208     355     580         
780426 SGMR   9.1    33.8    64.9   100.5   173.8   207     359     589         
780427 SGMR  12.1    34.9    67.0   108.4   185.7   211     372     587         
780428 SGMR  20.8    42.9    98.7   130.2   215.5   252     424     638         
780429 SGMR  12.9    36.5    58.2   118.8   195.7   236     387     594         
780430 SGMR  29.4    40.0    72.5   125.9   220.0   254     414     622         
780432 SGMR  15.2    33.3    67.0   106.3   162.9   190     344     582         
780501*SGMR  17.7    34.2    60.0   117.1   195.2   231     371     593         
780502 SGMR  11.7    34.7    70.0   122.8   198.6   240     378     606         
780503 SGMR  27.9    35.6    69.3   120.3   186.5   233     375     592         
780504 SGMR  15.7    37.3    66.6   113.2   178.4   227     376     603         
780505 SGMR  15.6    35.1    68.8   118.0   190.7   211     369     588         
780506 SGMR  11.2    23.0    68.5   114.2   184.3   212     363     602         
780507 SGMR  14.3    35.7    67.8   105.9   175.1   210     377     607         
780508 SGMR  15.5    34.3    64.8   100.8   150.0   173     335     589         
780509*SGMR  13.1    31.8    65.5   102.3   145.1   165     327     587         
780510 SGMR  10.9    31.1    62.4    97.8   140.1   159     319     585         
780511 SGMR  10.7    34.3    63.1    97.6   141.6   164     325     582         
780512 SGMR  11.9    31.3    61.7    98.0   146.1   172     323     581         
780513 SGMR  12.4    33.9    63.4   100.4   146.7   170     322     580         
780514 SGMR  13.0    41.3    64.1   104.0   154.7   175     327     585         
780515*SGMR  12.0    30.2    66.7   111.1   153.0   172     324     580         
780516*SGMR  19.4            67.0   115.5   152.0   169     321     574         
780517 SGMR  11.9    32.5    66.3   109.2   151.8   166     318     583         
780518 SGMR  13.7    30.9    66.0   110.8   144.8   160     310     577         
780519 SGMR  12.8    35.4    67.6   102.2   135.5   155     298     582         
780520 SGMR  17.8    42.5    70.0    96.3   137.4   161     316     577         
780521 SGMR  22.0    47.1    68.1   103.4   137.8   162     314     577         
780522 SGMR  13.7    36.3    64.9    99.1   143.5   174     333     582         
780523 SGMR  13.2    35.4    64.9           151.5   182     336     592         
780524 SGMR  11.0    33.4    66.7   105.2                           596         
780525*SGMR  10.3    31.6    65.8   109.6   150.0   180     335     597         
780526 SGMR  20.4    36.3    69.7   112.4   151.9   183     337     586         
780527 SGMR  13.4    31.9    66.6   112.3   153.1   183     327     579         
780528 SGMR  12.3    32.8    67.9   111.5   155.9   193     347     598         
780529 SGMR  10.0    31.4    63.6   107.7   147.6   179     323     583         
780530 SGMR  10.9    31.6    64.5   108.4   150.5   178     329     584         
780531 SGMR  17.4    37.8    68.0   116.1   147.7   180     324     590         
780532 SGMR  14.3    34.3    66.1   108.1   156.6   184     336     588         
780601 SGMR  12.5    33.0    64.5   105.7   147.0   179     328     582         
780602 SGMR  15.1    34.6    65.8   107.5   147.1   179     326     580         
780603 SGMR  14.4    40.5    63.3    94.2   128.8   162     313     571         
780604 SGMR  10.9    30.4    58.4    86.4   120.0   153     315     567         
780605*SGMR  11.7    32.0    62.7    91.7   116.0   148     306     556         
780606 SGMR  10.5    24.0    57.2    82.2   107.9   143     297     565         
780607 SGMR  10.9    26.7    58.4    82.7                           567         
780608*SGMR   9.3    25.9    57.9    85.6   106.9   143     300     555         
780609*SGMR   9.2    23.3    55.5    80.8   108.0   142     303     564         
780610 SGMR  11.2    30.0    56.4    80.9   108.3   142     305     574         
780611 SGMR  10.7    27.9    59.3    86.6   111.7   150     304     573         
780612 SGMR  11.7    29.9    60.2    88.4   114.8   147     303     568         
780613 SGMR  11.0    28.8    62.7    93.5   122.2   154     310     565         
780614 SGMR  11.9    30.1    64.7    98.6   137.9   158     320     587         
780615 SGMR  11.1    28.3    60.5    98.9   133.4   166     330     587         
780616 SGMR  11.5    29.4    67.7    98.1   141.8   174     330     592         
780617 SGMR  11.9    31.5    67.0   109.3   148.6           325     594         
780618 SGMR  11.4    29.5    68.0   111.7   159.5           334     586         
780619 SGMR  13.4    26.8    69.7   119.4   166.0   188     354     593         
780620 SGMR  12.0    31.4    71.2   125.6   181.0   203     350     584         
780621 SGMR  14.1    32.8    76.3   137.6   198.8   222     354     606         
780622*SGMR  14.4    28.9    76.4   144.0   201.0   222     358     595         
780623 SGMR  15.4    34.9    74.9   140.7   203.3   222     361     588         
780624 SGMR  24.0    33.0    69.3   142.8   206.1   220     360     601         
780625 SGMR  13.0    31.0    74.1   132.2   182.0   205     347     589         
780626 SGMR  35.9    42.4    84.2   142.2   192.1   209     345     584         
780627 SGMR  24.1    38.9    84.7   129.8   183.5   201     330     584         
780628 SGMR  15.0    32.3    70.8   120.8   177.8   194     335     581         
780629 SGMR  12.6    30.5    66.9   114.0   171.0   191     335     581         
780630 SGMR  12.2    29.1    63.7   106.5   161.8   184     337     590         
780632 SGMR  13.8    30.9    66.4   107.9   151.2   178     328     580         
780701 SGMR  11.4    28.1    62.7    97.9   144.9   173     336     592         
780702 SGMR  11.7    27.3    65.4    88.3   127.0   157     317     584         
780703 SGMR  11.1    28.2    67.3    86.2   116.6   149     308     571         
780704*SGMR  11.8    29.9    63.2    90.5   114.4   148     310     574         
780705 SGMR  12.1    27.8    63.6    86.0   119.8   149     312     577         
780706 SGMR  12.3    29.2    61.2    84.9   120.0   153     315     582         
780707 SGMR  12.4    28.3    63.9    88.1   125.5   160     314     580         
780708 SGMR  18.7    34.2    67.8    91.7   133.7   169     332     576         
780709 SGMR  14.0    33.4    70.2   101.3   147.2   184     355     594         
780710 SGMR  73.9    45.0    68.1   107.0   156.4   203     379     610         
780711 SGMR  31.5    30.7    71.1   108.3   165.2   213     381     621         
780712 SGMR  21.2    33.2    73.5   112.2   175.0   225     399     623         
780713 SGMR  13.6    33.1    72.3   109.2   161.0   213     376     600         
780714 SGMR  13.7    27.6    70.2   111.6   163.3   208     370     595         
780715*SGMR  13.5    32.3    70.8   122.3   166.3   199     365     593         
780716*SGMR  12.0    29.2    69.8   117.8   165.0   196     358     590         
780717*SGMR  13.2    29.0    70.8   119.9   154.0   185     353     587         
780718 SGMR  14.7    32.5    70.7   112.7   155.6   188     355     599         
780719 SGMR  14.1    33.0    76.4   110.3   145.8   179     344     592         
780720 SGMR  13.9    33.2    74.0   107.5   141.2   176     337     579         
780721 SGMR  12.4    26.8    71.4   105.8   133.7   171     333     584         
780722 SGMR  11.9    28.7    69.4    97.2   124.0   155     313     575         
780723 SGMR  13.4    31.3    70.5    93.9   119.4   152     311     572         
780724 SGMR  13.2    28.9    72.9    90.5   115.4   148     304     567         
780725 SGMR  12.4    32.2    67.7    89.9   111.8   146     303     564         
780726 SGMR  11.6    27.9    65.6    86.2   107.4   144     310     563         
780727 SGMR  11.5    28.4    63.2    84.0   106.3   141     300     556         
780728 SGMR  11.2            68.8    82.5   105.4   143     308     560         
780729 SGMR  11.4    28.5    65.0    80.9   105.4   142             564         
780730 SGMR  11.6    26.9    61.9    80.7   107.8   141     299     563         
780731 SGMR  11.0    26.8    66.3    83.5   106.7   142     304     561         
780732 SGMR  12.7    30.4    68.2    97.7   133.6   169     333     582         
780801*SGMR  11.1    26.1    64.1    82.3   101.8   138     296     555         
780802*SGMR  10.9    25.7    59.4    80.9   101.5   137     292     558         
780803*SGMR  10.6    27.5    59.8    82.0   101.8   142     295     560         
780804*SGMR  10.2    28.4    60.7    86.1   111.8   139     308     563         
780805 SGMR  10.2    27.9    61.1    86.3   117.0   147     303     567         
780806*SGMR   9.4    26.1    59.3    87.9   123.1   155     301     563         
780807 SGMR  10.0    29.8    63.4    90.6   130.2   166     306     560         
780808 SGMR  10.1    29.1    60.0    93.2   137.3   160     301     557         
780809 SGMR  10.2    29.0    65.8    94.0   140.0   165     311     567         
780810 SGMR  10.0    29.9    65.2    91.8   129.3   159     303     557         
780811 SGMR  10.5    29.9    65.3    91.0   121.6   150     305     566         
780812*SGMR   9.9    29.2    63.2    92.8   122.2   152     307     565         
780813 SGMR  12.0    27.5    63.6    93.2   134.2   162     310     564         
780814 SGMR  11.2    29.5    63.8    90.0   129.5   166     314     563         
780815 SGMR  13.9    31.3    68.2    92.5   131.0   167     319     572         
780816 SGMR  12.1    28.8    70.2    88.7   120.5   154     308     559         
780817 SGMR  11.2    28.7    70.8    89.2   118.4   153     297     556         
780818 SGMR  10.2    29.7    65.9    83.5   112.7   145             557         
780819 SGMR  11.7    27.7    66.0    80.7   110.0   145             559         
780820 SGMR  11.8            62.6    80.2   104.2   140             560         
780821 SGMR  12.0    29.3    60.8    76.2   104.5   139             560         
780822 SGMR  12.0    26.4    60.0    74.3   101.9   137             554         
780823 SGMR  12.7    27.9    60.8    74.9   102.3   138             559         
780824*SGMR  12.9    28.9    60.7    78.8   106.5   139     282     560         
780825 SGMR  12.2    28.1    58.0    76.6   103.4   138     284     561         
780826 SGMR  12.5    27.1    56.9    71.6   101.5   136     297     563         
780827 SGMR  13.6    28.1    60.2    73.6   109.5   145     304     565         
780828*SGMR  12.9    26.3    57.9    79.5   111.0   149     303     565         
780829 SGMR  13.6    27.7    59.1    80.4   113.0   152     302     566         
780830 SGMR  14.5    32.6    62.9    90.2   127.1   164     314     570         
780831*SGMR  13.2    27.6    62.9    95.6   140.0   185     328     575         
780832 SGMR  11.6    28.4    62.5    84.8   116.7   150     304     562         
780901 SGMR  16.2    35.7    66.4   104.1   171.1   202     344     581         
780902 SGMR  15.6    33.4    67.4   115.9   172.8   210     373     589         
780903 SGMR  23.5    36.1    71.8   113.5   178.7   211     373     581         
780904 SGMR  25.8    37.4    75.7   122.7   188.9   219     384     594         
780905 SGMR  85.4    50.4    81.6   123.4   181.9   215     384     581         
780906 SGMR  33.9    39.6    76.5   123.3   190.2   215     354     582         
780907 SGMR  17.0    34.9    73.5   117.7   185.8   216     366     592         
780908 SGMR  20.1    32.5    70.9   116.2   178.4   203     345     592         
780909 SGMR  16.8    31.9    67.8   109.0   167.6   190     342     589         
780910 SGMR  13.6    32.0    67.2   104.3   154.9   181     337     587         
780911*SGMR  15.3    34.0    65.2   101.8   146.9   172     332     586         
780912*SGMR  15.6    31.0    65.8    99.0   140.3   170     332     583         
780913 SGMR  15.2    32.1    66.2    99.6   143.7   170     331     583         
780914 SGMR  12.8    32.1    66.8   104.6   151.1   179     333     583         
780915*SGMR  10.7    30.9    69.3   112.9   157.5   190     346     580         
780916 SGMR  11.7    29.8    67.7   112.8   164.9   197     344     577         
780917 SGMR  10.3    31.4    73.1   115.1   173.2   209     365     594         
780918 SGMR  14.5    29.7    70.8   124.6   179.0   212     364     579         
780919 SGMR  17.2    31.0    70.0   118.1   173.0   214     360     590         
780920 SGMR  21.8    36.3    70.1   117.3   176.2   201     346     588         
780921 SGMR  31.7    32.7    73.0   121.7   173.3   195     340     574         
780922*SGMR  56.4    53.9    86.8   131.1   184.2   200     350     581         
780923 SGMR  22.8    35.5    75.7   123.0   177.1   202     353     598         
780924 SGMR  16.9    32.4    69.1   114.6   161.5   187     339     591         
780925 SGMR  15.3    31.1    66.7   114.4   165.1   187     336     585         
780926 SGMR  17.5    32.7    65.6   111.1   157.7   187     334     586         
780927 SGMR  21.4    34.0    69.0   115.3   161.5   187     344     604         
780928*SGMR  11.5    25.6    69.0   114.9   155.1   180     340     595         
780929 SGMR  11.4    30.4    68.9   109.2   152.8   174     333     591         
780930 SGMR  11.6    31.7    69.7   113.2   146.6   169     327     582         
780932 SGMR  21.0    34.1    70.6   110.8   167.2   195     348     587         
781001 SGMR  13.8    32.2    72.2   114.6   142.2   171     323     580         
781002 SGMR  11.4    31.1    68.5   104.2   140.8   165     318     577         
781003 SGMR  10.6    31.3    69.2   105.0   139.8   162     325     581         
781004*SGMR  10.8    29.7    68.4   105.1   137.9   160     321     578         
781005*SGMR  11.7    34.2    71.0   107.0   143.0   168     317     577         
781006*SGMR  11.3    32.8    66.9   103.2   158.7   181     323     579         
781007 SGMR  11.1    33.8    67.2   103.5   149.4   183     333     580         
781008 SGMR  13.9    34.6    68.3   107.9   156.5   187     343     590         
781009 SGMR  13.0    35.2    67.9   109.1   166.3   191     350     593         
781010 SGMR  15.6    36.9    69.5   112.6   166.7   192     348     592         
781011 SGMR  20.2    34.6    71.9   122.1   184.5   211     358     602         
781012 SGMR  22.8    36.7    74.6   125.5   185.0   217     352     600         
781013 SGMR  36.4    52.6    82.8   126.7   183.1   213     346     590         
781014*SGMR  20.9    37.9    77.8   133.3   192.3   217     352     593         
781015 SGMR  14.2    35.7    74.7   130.4   201.5   221     359     596         
781016 SGMR  13.6    35.5    81.0   124.5   184.8   195     353     596         
781017 SGMR  17.4    37.2    75.8   126.1   185.3   200     354     595         
781018 SGMR  17.1    38.9    78.4   124.2   179.0   200     350     598         
781019 SGMR  16.5    34.0    74.4   121.8   180.5   202     350     590         
781020 SGMR  17.7    36.2    73.3   125.6   178.5   197     349     593         
781021 SGMR  18.9    34.1    68.8   116.6   184.8   207     357     597         
781022*SGMR  14.4    32.2    69.5   113.2   164.9   184     355     595         
781023*SGMR  16.5    30.3    68.2   114.0   165.4   185     350     593         
781024 SGMR  15.6    33.3    70.7   112.8   168.0   182     347     592         
781025 SGMR  11.7    31.6    64.8   116.3   166.7   181     341     588         
781026*SGMR  12.4    32.1    68.7   116.2   162.7   181     334     586         
781027 SGMR  15.5    35.5    72.7   113.2   160.3   178     330     585         
781028 SGMR  11.7    31.9    72.2   115.1   156.9   169     335     582         
781029 SGMR  14.6    33.5    75.2   113.4   159.2   176     340     578         
781030 SGMR  11.3    35.0    73.1   117.8   154.7   173     342     583         
781031 SGMR  12.0    34.4    74.3   115.4   151.9   171     334     586         
781032 SGMR  15.3    34.7    72.0   116.0   166.2   188     342     589         
781101 SGMR  11.7    35.0    76.8   115.0   161.0   179     343     596         
781102 SGMR  11.8    34.9    72.8   114.8   167.7   184     342     594         
781103 SGMR  11.7    34.3    73.7   119.4   175.7   196     357     592         
781104*SGMR  16.8    38.9    77.9   129.2   190.2   206     359     590         
781105*SGMR  23.0    40.6    81.4           194.7   206     352     588         
781106 SGMR  34.4    45.0    84.2           181.2   197     346     586         
781107*SGMR  32.6    44.3    86.3           180.6   196     343     585         
781108*SGMR  30.8    42.6    80.3           180.0   195     343     584         
781109 SGMR  25.7    43.4    77.7           178.5   196     345     583         
781110 SGMR  17.8    34.8    75.0           176.7   203     356     582         
781111 SGMR  23.5    35.5    69.8           170.9   197     353     579         
781112 SGMR  16.0    36.4    69.0           162.4   184     349     582         
781113 SGMR  15.9    30.3    68.8           155.6   179     341     577         
781114 SGMR  16.8    33.5    67.9           141.0   168     326     568         
781115 SGMR  12.8    34.3    69.1           141.6   165     336     582         
781116 SGMR  11.3    27.6    67.0    97.1   135.4   159     325     566         
781117*SGMR  11.3    33.8    66.5    98.2   134.6   162     323     563         
781118 SGMR  11.4    29.6    66.0    96.8   130.4   162     320     559         
781119 SGMR  11.1    31.2    65.9    94.2   136.6   165     328     574         
781120 SGMR                  65.5    95.1   139.1   166     340     580         
781121*SGMR  11.2    32.9    62.5    95.0   132.8   161     327     570         
781122*SGMR  11.3    32.1    61.9   100.3   133.4   162     325     567         
781123*SGMR  10.3    30.7    63.8    96.3   129.6   156     323     570         
781124*SGMR  10.8    29.2    61.9    94.7   130.0   154     327     575         
781125 SGMR  10.4    30.6    63.9    98.5   132.0   160     325     581         
781126 SGMR  10.5    33.7    67.6   105.1   142.3   167     337     586         
781127*SGMR  11.6    39.0    72.7   114.6   152.6   178     346     583         
781128*SGMR  15.0    49.7    83.7   126.0   163.2   200     353     581         
781129 SGMR  35.9    42.9    74.3   122.6   167.2   192     351     580         
781130 SGMR  26.1    42.0    80.5   122.7   176.0   200     355     592         
781132 SGMR  17.2    36.2    71.8   107.1   156.4   180     340     580         
781201 SGMR  15.4    41.3    74.5   120.6   175.0   197     353     582         
781202 SGMR  14.2    41.4    79.2   129.0   178.9   200     351     590         
781203 SGMR  15.9    44.1    78.4   125.6   176.1   196     354     583         
781204*SGMR  19.0    45.7    77.8   124.5   173.6   191     351     588         
781205 SGMR  13.3    37.3    75.6   122.6   174.9   200     348     594         
781206 SGMR  13.4    35.9    75.8   122.5   181.8   211     352     587         
781207 SGMR  13.9    34.2    74.1   122.4   188.7   216     363     588         
781208*SGMR  14.4    35.5    78.7   131.5   193.7   233     375     590         
781209*SGMR  15.4    41.4    73.4   122.3   201.1   250     387     592         
781210 SGMR  33.5    46.8    77.6   139.4   208.5   267     398     594         
781211 SGMR                  81.2   142.5   222.7   288     426     607         
781212 SGMR                  82.7   145.3   228.0   293     432     613         
781213 SGMR          47.8    79.2   142.1   222.9   267     419     605         
781214 SGMR  19.4    36.8    72.7   132.1   210.8   246     418     610         
781215 SGMR  22.0    40.3    74.6   130.6   205.1   241     397     602         
781216 SGMR  18.2    34.3    69.1   115.3   189.6   219     386     597         
781217 SGMR  19.3    37.5    71.8   116.9   183.8   218     378     588         
781218 SGMR  24.8    39.5    73.0   112.6                           598         
781219 SGMR  17.6    41.5    69.4   105.4   164.1   192     357     588         
781220 SGMR  17.2    47.0    74.0   101.0   139.7   176     341     580         
781221 SGMR  24.6    37.9    66.7    96.1   144.7   180     340     577         
781222 SGMR  22.0    35.3    67.9    92.0   137.8   173     344     586         
781223*SGMR  20.1    46.6    64.8    95.5   137.0   170     333     577         
781224*SGMR  14.1    40.4    69.8    98.2   143.2   176     338     581         
781225*SGMR   9.3    30.9    67.8    98.5   143.6   176     335     582         
781226 SGMR  11.4    35.7    67.0   105.7   152.8   173     331     583         
781227 SGMR  12.4    39.0    73.2   114.8   163.3   185     354     583         
781228 SGMR  12.5    39.5    76.1   121.3   168.3   197     355     595         
781229 SGMR  12.2    39.8    74.4   119.4   170.8   196     357     591         
781230 SGMR  11.9    39.2    76.7   128.1   186.9   222     373     596         
781231*SGMR  14.4    38.1    80.0   133.0   202.9   234     379     601         
781232 SGMR  16.9    39.7    74.1   119.6   179.0   213     367     591         

