100101 SGMR  15      27      39      60      87     127     224     503     
100102 SGMR  14      28      38      59      85     117     221     513     
100103 SGMR  15      28      39      58      87     116     221     528     
100104 SGMR  13      27      38      59      87     127     226     523     
100105 SGMR  12      28      40      59      85     132     249     523     
100106 SGMR  12      28      39      59      86     128     227     533     
100107 SGMR  12      27      39      61      87     131     233     533     
100108 SGMR  12      27      40      62      90     126     237     531     
100109 SGMR  13      27      40      65      94     120     230     536     
100110 SGMR  13      27      40      64      93     133     231     532     
100111 SGMR  12      28      42      67      97     141     234     525     
100112 SGMR  13      28      43      71     102     146     224     515     
100113 SGMR  14      29      43      67     114     131     218     537     
100114 SGMR  30      30      41      67      96     138     207     529     
100115 SGMR  16      30      42      67      98     138     215     523     
100116 SGMR  13      28      41      64      95     134     213     530     
100117 SGMR  18      30      41      66      91     136     216     517     
100118 SGMR  11              36      60      84     113     161             
100119 SGMR  10              36      59      88     115     145             
100120 SGMR  13      28      42      63      89     131     212     531     
100121 SGMR  14      28      39      61      89     134     212     536     
100122 SGMR  15      28      39      63      90     134     213     535     
100123 SGMR  24      29      39      65      90     134     212     535     
100124 SGMR  14      27      39      66      91     136     213     530     
100125 SGMR  14      27      39      65      89     131     209     506     
100126 SGMR  15      27      40      65      81     130     212     532     
100127 SGMR  14      27      39      63      84     129     211     533     
100128 SGMR  12      26      39      61      86     129     208     529     
100129 SGMR  13      27      39      60      91     117     215     536     
100130 SGMR  13      27      40      60      95     115     215     540     
100131 SGMR  15      27      40      59      81     125     209     519     
100201 SGMR  13      28      39      59      82     127     208     528     
100202 SGMR  13      28      41      60      84     128     211     534     
100203 SGMR  14      28      40      60      83     128     216     524     
100204 SGMR  15      28      40      58      81     124     207     527     
100205 SGMR  15      27      40      61      79     127     209     535     
100206 SGMR  32      32      40      66     104     132     233     543     
100207 SGMR  13      26      43      68      99     142     222     539     
100208 SGMR  17      28      45      76     108     148     222     536     
100209 SGMR  13      29      43      70      93     137     213     531     
100210 SGMR  22      32      43      71     104     140     213     499     
100211 SGMR  23      31      43      75     102     142     215     533     
100212 SGMR  30      31      44      73     100     146     221     535     
100213 SGMR  27      31      44      74      96     140     218     530     
100214 SGMR  19      30      44      73      94     139     215     520     
100215 SGMR  27      30      45      70      91     137     214     521     
100216 SGMR  15      26      42      72      95     133     217     484     
100217 SGMR  11      28      32      70      89     137     213     531     
100218 SGMR  14      28      44      71      88     134     216     528     
100219 SGMR  14      29      44      72      90     135     213     525     
100220 SGMR  14      30      44      71      88     135     211     526     
100221 SGMR  13      28      44      70      90     129     211     525     
100222 SGMR  14      28      41      68      91     134     208     527     
100223 SGMR  14      27      43      68      91     135     219     499     
100224 SGMR  13      25      42      65      92     123     190     429     
100225 SGMR  15      26      41      66      89     128     207     504     
100226 SGMR  13      28      42      63      82     131     212     527     
100227 SGMR  13      28      40      63      83     128     208     523     
100228 SGMR  13      28      41      63      82     125     213     520     
100301 SGMR  15      30      40      62      81     128     207     508     
100302 SGMR  13      30      40      64      83     130     208     522     
100303 SGMR  14      30      40      64      82     131     215     517     
100304 SGMR  14      30      41      64      88     130     207     481     
100305 SGMR                          62      84     128     207     523     
100306 SGMR                          63      81     129     210     518     
100307 SGMR                          63      80     125     208     521     
100308 SGMR                          63      79     114     208     522     
100309 SGMR                          63      83     119     209     535     
100310 SGMR                          63      82     119     206     512     
100311 SGMR                          69      85     121     212     522     
100312 SGMR                          70      97     126     215     527     
100313 SGMR                          71      94     129     214     522     
100314 SGMR                          68      80     101     154     400     
100315 SGMR                          65      83     101     153     404     
100316 SGMR                          69      89     119     207     533     
100317 SGMR                          73      88     129     215     533     
100318 SGMR                          72      84     122     217     513     
100319 SGMR  15      34      46      70      85     123     217     521     
100320 SGMR  15      33      44      70      87     120     215     523     
100321 SGMR  16      33      44      69      84     127     211     518     
100322 SGMR  15      33      43      67      84     118     213     509     
100323 SGMR  15      41      43      69      85     120     216     508     
100324 SGMR  16      34      43      69      87     125     215     522     
100325 SGMR  16      34      44      72      93     124     219     526     
100326 SGMR  18      33      44      69      88     126     216     512     
100327 SGMR  27      36      45      70      94     128     221     529     
100328 SGMR  43      36      44      68      87     124     212     522     
100329 SGMR  56      33      40      64      84     114     192     431     
100330 SGMR  32      32      40      64      78     102     148     274     
100331 SGMR  19      32      41      65      83     123     212     509     
100401 SGMR  15      31      40      64      82     116     208     518     
100402 SGMR  13      30      39      62      79     115     213     506     
100403 SGMR  17      31      39      63      83     118     214     502     
100404 SGMR  14      30      39      66      76     114     208     495     
100405 SGMR  13      32      40      66      82     118     216     479     
100406 SGMR  15      31      40      65      82     116     243     478     
100407 SGMR  14      31      39      65      81     117     240     470     
100408 SGMR  14      33      42      64      76     115     235     480     
100409 SGMR  14      31      40      63      77     106     214     403     
100410 SGMR  14      32      42      63      81     115     236     466     
100411 SGMR  14      32      40      64      77     115     242     468     
100412 SGMR  15      31      41      60      81     112     240     474     
100413 SGMR  15      32      41      62      85     112     235     459     
100414 SGMR  15      32      40      61      78     115     241     451     
100415 SGMR  14      31      40      60      78     114     239     435     
100416 SGMR  14      31      42      60      79     121     234     438     
100417 SGMR  14      31      39      59      78     118     238     440     
100418 SGMR  16      32      40      60      83     114     225     391     
100419 SGMR  14      32      40      60      76     114     235     473     
100420 SGMR  14      32      41      63      79     117     244     454     
100421 SGMR  14      32      41      62      78     118     245     574     
100422 SGMR  15      33      41      64      73     117     241     557     
100423 SGMR  14      33      41      64      83     113     234     625     
100424 SGMR  15      31      40      63      79     115     243     615     
100425 SGMR  15      30      41      64      77     117     244     617     
100426 SGMR  15      32      42      63      80     117     237     625     
100427 SGMR  14      32      41      64      80     126     242     628     
100428 SGMR  13      30      39      64      82     117     234     434     
100429 SGMR  14      31      42      65      80     119     235     560     
100430 SGMR  14      30      40      66      81     120     245     541     
100501 SGMR  14      32      41      66      78     119     245     546     
100502 SGMR  13      31      41      69      82     123     245     547     
100503 SGMR  14      32      40      69      84     124     247     535     
100504 SGMR  14      31      41      71      86     126     250     531     
100505 SGMR  16      33      41      70      90     125     247     558     
100506 SGMR  13      31      42      69      86     120     244     525     
100507 SGMR  15      31      41      68      83     115     237     540     
100508 SGMR  13      31      40      67      86     115     232     387     
100509 SGMR  13      31      40      64      85     115     234     553     
100510 SGMR  14      31      40      63      78     115     234     541     
100511 SGMR  15      31      38      60      77     116     244     533     
100512 SGMR  14      31      39      59      83     114     237     541     
100513 SGMR  15      30      38      59      73     110     227     523     
100514 SGMR  15      30      38      58      77     111     230     536     
100515 SGMR  15      31      37      57      71     113     240     517     
100516 SGMR  14      31      37      59      71     115     238     518     
100517 SGMR  14      31      38      57      73     114     242     530     
100518 SGMR  14      31      38      56      71     112     235     512     
100519 SGMR  14      29      37      57      76     104     221     396     
100520 SGMR  14      31      40      57      70     114     241     503     
100521 SGMR  16      31      39      60      73     115     242     508     
100522 SGMR  18      32      39      61      77     117     242     522     
100523 SGMR  15      36      40      62      81     117     243     522     
100524 SGMR  14      31      39      61      81     117     240     496     
100525 SGMR  15      33      40      63      76     114     230     492     
100526 SGMR  14      32      38      62      70     113     227     507     
100527 SGMR  14      32      41      63      76     117     242     532     
100528 SGMR  14      32      41      63      81     117     242     540     
100529 SGMR  15      32      41      64      81     119     242     531     
100530 SGMR  13      31      40      62      77     117     243     536     
100531 SGMR  13      31      38      62      78     116     245     539     
100601 SGMR  14      30      39      62      75     117     242     530     
100602 SGMR  14      30      38      62      82     114     234     540     
100603 SGMR  13      30      39      62      81     120     244     533     
100604 SGMR  14      28      45      62      77     115     239     537     
100605 SGMR  13      28      38      59      76     114     237     543     
100606 SGMR  13      30      36      55      74     113     240     540     
100607 SGMR  14      29      37      57      79     113     237     564     
100608 SGMR  15      30      38      59      76     117     243     575     
100609 SGMR  14      29      38      60      77     118     245     577     
100610 SGMR  15      30      38      60      78     115     233     488     
100611 SGMR  15      31      39      63      73     120     244     584     
100612 SGMR  16      30      39      65      80     122     243     513     
100613 SGMR  15      31      40      63      80     118     235     551     
100614 SGMR  15      30      39      61      76     119     246     551     
100615 SGMR  14      25      40      60      76     116     242     600     
100616 SGMR  14      26      42      60      77     117     244     546     
100617 SGMR  14      25      41      60      76     115     243     541     
100618 SGMR  14      26      41      61      74     114     238     526     
100619 SGMR  14      27      40      60      71     115     242     562     
100620 SGMR  14      28      40      60      75     114     241     551     
100621 SGMR  14      28      39      62      74     119     243     559     
100622 SGMR  14     ***      42      64      77     118     244     571     
100623 SGMR  15      30      41      64      82     120     246     571     
100624 SGMR  14      32      39      66      81     118     244     570     
100625 SGMR  14      31      41      66      80     118     246     576     
100626 SGMR  16      32      42      66      80     121     246     564     
100627 SGMR  15      31      41      64      78     118     243     561     
100628 SGMR  16      32      41      66      78     118     246     556     
100629 SGMR  17      31      40      66      80     119     245     569     
100630 SGMR  16      31      41      65      79     118     247     569     
090701 SGMR  15      32      40      63      78     117     233     562     
090702 SGMR  14      32      41      64      77     118     242     551     
090703 SGMR  15      32      41      64      78     118     243     548     
090704 SGMR  14      31      41      63      74     117     241     534     
090705 SGMR  16      33      42      64      77     119     245     548     
090706 SGMR  15      33      40      65      78     115     236     569     
090707 SGMR  15      32      40      63      77     119     240     580     
090708 SGMR  15      33      41      66      80     119     245     592     
090709 SGMR  14      33      41      67      82     122     243     585     
090710 SGMR  14      33      42      69      85     123     250     586     
090711 SGMR  14      32      41      70      88     126     250     589     
090712 SGMR  15      33      41      70      85     123     248     590     
090713 SGMR  14      33      43                                             
090714 SGMR  15      33      43      70      82     121     243     566     
090715 SGMR  14      32      43      70      83     119     243     599     
090716 SGMR  15      33      42      70      82     121     245     598     
090717 SGMR  15      33      41      70      81     122     244     605     
090718 SGMR  15      32      41      70      82     119     244     604     
090719 SGMR  16      34      42      69      86     123     250     602     
090720 SGMR  16      33      43      72      92     130     250     605     
090721 SGMR  19      33      44      73      96     136     254     553     
090722 SGMR  15      32      43      72      96     137     254     555     
090723 SGMR  15      32      43      74      94     128     253     549     
090724 SGMR  14      32      42      73      92     125     245     548     
090725 SGMR  16      34      42      75      92     127     246     546     
090726 SGMR  16      33      42      75      92     127     249     556     
090727 SGMR  14      32      41      75      88     124     246     554     
090728 SGMR  15      32      41      74      89     128     252     552     
090729 SGMR  14      32      42      73      90     128     246     548     
090730 SGMR  15      34      44      74      90     128     254     547     
090731 SGMR  15      34      44      71      86     124     249     560     
100801 SGMR  12      26      32      55      74     116     223     608     
100802 SGMR  12      25      32      56      73     116     225     600     
100803 SGMR  12      26      31      56      71     114     219     603     
100804 SGMR  13      26      26      54      67     115     222     602     
100805 SGMR  12      25      34      54      67     116     218     578     
100806 SGMR  13      26      23      56      71     116     222     516     
100807 SGMR  12      26      32      57      68     116     225     504     
100808 SGMR  12      26      29      55      70     116     222     504     
100809 SGMR  12      26      31      54      70     116     223     520     
100810 SGMR  13      26      35      55      72     116     223     499     
100811 SGMR  12      25      32      55      67     115     223     501     
100812 SGMR  12      25      33      55      73     113     213     509     
100813 SGMR  11      26      30      55      70     116     223     494     
100814 SGMR  12      26      25      56      69     115     223     510     
100815 SGMR  12      26      35      56      70     114     210     513     
100816 SGMR  12      26      35      57      75     118     218     519     
100817 SGMR  12      26      33      56      74     117     221     522     
100818 SGMR  12      26      29      55      69     113     211     508     
100819 SGMR  12      25      35      55      72     115     219     517     
100820 SGMR  12      26      33      55      71     116     224     516     
100821 SGMR  11      25      31      54      68     115     219     505     
100822 SGMR  12      25      29      55      69     114     219     540     
100823 SGMR  12      25      32      55      66     115     220     519     
100824 SGMR  12      25      31      54      68     115     218     510     
100825 SGMR  12      25      35      54      71     115     219     524     
100826 SGMR  12      26      33      55      70     115     219     524     
100827 SGMR  13      26      33      54      65     115     220     529     
100828 SGMR  12      25      34      55      67     112     218     517     
100829 SGMR  12      25      33      55      69     104     188     364     
100830 SGMR  12      25      33      54      71     114     221     518     
100831 SGMR  12      25      34      56      73     115     224     524     
100901 SGMR  15      33      42      69      81     118     236     548     
100902 SGMR  14      33      42      69      82     123     240     552     
100903 SGMR  15      33      43      71      83     119     243     542     
100904 SGMR  17      34      45      73      87     122     246     554     
100905 SGMR  17      35      46      72      90     123     242     555     
100906 SGMR  18      36      45      71      86     123     246     557     
100907 SGMR  16      34      44      69      82     120     242     549     
100908 SGMR  16      35      44      67      81     118     240     549     
100909 SGMR  16      33      43      67      83     115     232     548     
100910 SGMR  17      35      43      67      83     120     247     546     
100911 SGMR  18      36      44      69      86     121     238     554     
100912 SGMR  16      36      45      71      87     124     247     555     
100913 SGMR  17      34      45      73      89     118     239     550     
100914 SGMR  16      33      44      76      90     118     234     551     
100915 SGMR  17      34      45      75      91     125     250     561     
100916 SGMR  20      35      45      76      90     123     247     558     
100917 SGMR  19      34      44      75      94     122     241     551     
100918 SGMR  16      33      43      79      92     127     250     558     
100919 SGMR  17      35      44      78      92     126     247     553     
100920 SGMR  36      40      45      79      92     128     250     563     
100921 SGMR  25      38      45      80      98     128     245     567     
100922 SGMR  19      37      46      78      94     131     250     552     
100923 SGMR  28      41      46      79      95     131     251     564     
100924 SGMR  35      38      46      76      94     125     240     546     
100925 SGMR  17      34      46      80      94     128     246     551     
100926 SGMR  19      36      47      79      97     131     255     547     
100927 SGMR  18      38      44      75      96     122     241     526     
100928 SGMR  18      37      44      77      96     126     245     516     
100929 SGMR  16      35      43      77      94     130     248     550     
100930 SGMR  19      35      44      75      96     126     239     542     
101001 SGMR  17      41      47      75      94     127     244     548     
101002 SGMR  20      38      44      71      92     124     243     564     
101003 SGMR  15      34      43      66      87     122     243     561     
101004 SGMR  22      35      41      66      73     116     239     547     
101005 SGMR  16      32      41      64      71     115     235     533     
101006 SGMR  15      32      40      62      68     106     211     493     
101007 SGMR  16      33      40      64      72     115     234     547     
101008 SGMR  15      33      40      64      70     116     242     554     
101009 SGMR  16      34      41      64      72     118     245     561     
101010 SGMR  19      34      41      65      72     117     244     559     
101011 SGMR  15      33      41      65      71     115     227     557     
101012 SGMR  14      32      41      67      72     111     238     548     
101013 SGMR          43      45      68      75     117     236     560     
101014 SGMR  15      34      44      70      77     118     242     554     
101015 SGMR  15      35      45      73      79     120     242     562     
101016 SGMR  15      34      43      72      81     124     244     558     
101017 SGMR  17      34      43      70      81     127     245     558     
101018 SGMR  24      35      44      76      86     127     249     568     
101019 SGMR  20      36      45      76      81     129     250     561     
101020 SGMR  18      35      43      72      79     122     238     563     
101021 SGMR  18      36      44      71      80     124     246     550     
101022 SGMR  17      35      48      74      80     135     249     557     
101023 SGMR  17      34      45      69      77     135     246     567     
101024 SGMR  16      35      44      70      80     134     247     551     
101025 SGMR  16      34      41      70      81     127     248     557     
101026 SGMR  18      34      42      71      80     129     248     550     
101027 SGMR  16      35      42      72      83     129     249     502     
101028 SGMR  33      36      43      71      82     137     259     558     
101029 SGMR  16      34      42      68      81     132     252     555     
101030 SGMR  15      35      42      70      82     143     250     564     
101031 SGMR  21      34      41      67      79     125     246     563     
101101 SGMR  22      34      42      66      77     129     241     568     
101102 SGMR  17      34      42      66      75     127     243     565     
101103 SGMR  16      33      43      69      77     126     240     568     
101104 SGMR  15      32      42      66      76     119     211     417     
101105 SGMR  15      32      41      69      83     134     218     445     
101106 SGMR  16      33      46      84     105     157     274     569     
101107 SGMR  15      33      44      72      83     130     254     561     
101108 SGMR  15      32      43      71      81     125     241     554     
101109 SGMR  15      33      44      74      81     133     241     551     
101110 SGMR  16      33      45      74      84     130     249     566     
101111 SGMR  17      34      45      72      82     129     249     572     
101112 SGMR  24      34      44      72      81     128     240     567     
101113 SGMR  19      36      45      75      81     127     252     564     
101114 SGMR  21      38      47      74      86     133     256     564     
101115 SGMR  31      37      47      78      89     142     258     544     
101116 SGMR  24      37      46      79      88     132     253     543     
101117 SGMR  27      40      47      80      86     132     258     555     
101118 SGMR  28      38      47      74      85     134     252     560     
101119 SGMR  29      38      45      72      82     130     251     563     
101120 SGMR          36      44      70      80     125     247     566     
101121 SGMR  16      35      42      68      77     121     243     560     
101122 SGMR  15      33      42      65      73     119     225     542     
101123 SGMR  16      33      42      65      74     119     248     545     
101124 SGMR  16      34      42      65      74     122     245     566     
101125 SGMR  17      33      42      64      74     120     248     566     
101126 SGMR  16      33      43      65      74     119     223     503     
101127 SGMR  16      33      42      65      75     124     245     567     
101128 SGMR  17      33      42      66      77     124     248     569     
101129 SGMR  16      34      43      68      79     123     242     564     
101130 SGMR  22      35      43      69      83     133     249     558     
101201 SGMR  24      36      45      70      84     134     254     548     
101202 SGMR  20      35      45      70      83     132     257     572     
101203 SGMR  17      36      45      71      84     131     255     563     
101204 SGMR  19      35      44      72      85     132     260     564     
101205 SGMR  16      34      45      72      85     134     266     566     
101206 SGMR  18      33      45      70      84     132     261     577     
101207 SGMR  18      36      45      73      84     132     258     567     
101208 SGMR  18      35      47      72      85     135     259     574     
101209 SGMR  17      35      46      71      84     132     258     572     
101210 SGMR  19      36      45      70      86     124     265     570     
101211 SGMR  18      37      45      73      83     135     255     571     
101212 SGMR  15      34      44      73      85     129     237     453     
101213 SGMR  16      38      46      73      84     140     256     550     
101214 SGMR  17      35      46      77      90     139     269     575     
101215 SGMR  18      35      46      71      82     129     262     569     
101216 SGMR  25      35      44      69      79     123     249     566     
101217 SGMR  18      34      45      68      75     122     246     569     
101218 SGMR  18      34      43      67      74     120     244     564     
101219 SGMR  19      34      45      68      74     120     246     558     
101220 SGMR  19      33      42      65      73     120     253     557     
101221 SGMR  18      34      42      65      75     117     239     551     
101222 SGMR  18      34      43      66      73     125     241     552     
101223 SGMR  18      34      44      65      74     119     245     533     
101224 SGMR  17      34      43      65      72     120     243     565     
101225 SGMR  18      34      43      65      74     122     250     564     
101226 SGMR  18      34      44      65      77     122     250     553     
101227 SGMR  16      33      43      65      75     123     244     542     
101228 SGMR  15      33      44      66      76     119     243     568     
101229 SGMR  16      32      43      66      77     124     247     569     
101230 SGMR  16      32      43      66      79     126     249     566     
101231 SGMR  18      35      44      70      81     127     244     561     

