680101 SGMR                  66.0   104.0   163.8   237     343                 
680102 SGMR                  65.2   104.0   161.9   239     337                 
680103 SGMR                  66.0   109.0   166.3   242     343                 
680104 SGMR                  66.1   110.8   176.1   256     360                 
680105 SGMR                  69.3   110.9   187.2   267     363                 
680106 SGMR                  71.9   116.3   194.1   286     368                 
680107 SGMR                  78.0   126.2   206.3   292     377                 
680108 SGMR                  84.1   135.4   227.5   302     370                 
680109 SGMR                  81.8   141.4   224.4   284     360                 
680110 SGMR                  81.8   137.0   205.2   280     357                 
680111 SGMR                  82.8   131.2   203.8   274     354                 
680112 SGMR                  77.5   121.1   200.4   266     349                 
680113 SGMR                  80.1   123.0   195.7   266     346                 
680114 SGMR                  76.0   119.3   187.4   255     343                 
680115 SGMR                  75.4   113.9   173.5   234     338                 
680116 SGMR                  74.3   106.7   164.1   231     327                 
680117 SGMR                  71.7    96.7   161.3   219     318                 
680118 SGMR                  69.0    92.7   154.4   210     319                 
680119 SGMR                  68.8    89.7   145.2   199     311                 
680120 SGMR                  68.6    89.5   136.8   189     303                 
680121 SGMR                  68.0    89.5   131.2   183     303                 
680122 SGMR                  69.4    90.2   127.6   185     306                 
680123 SGMR                  72.7    95.6   128.9   187     309                 
680124 SGMR                  72.4   100.2   140.8   204     321                 
680125 SGMR                  78.5   108.2   144.4   207     329                 
680126 SGMR                  85.7   109.4   154.6   231     346                 
680127 SGMR                  78.1   109.4   165.8   248     362                 
680128 SGMR                  85.8   125.9   177.0   292     394                 
680129 SGMR                  88.6   128.7   201.3   288     394                 
680130 SGMR                  88.0   135.3   218.5   315     424                 
680131 SGMR                 105.1   138.2   219.8   321     426                 
680132 SGMR                  76.3   113.2   175.8   248     348                 
680201 SGMR                 113.6   150.7   220.9   330     413                 
680202 SGMR                  98.6   153.3   216.0   319     400                 
680203 SGMR                 100.2   140.4   209.2   303     379                 
680204 SGMR                  91.3   133.8   192.7   274     356                 
680205 SGMR                  86.9   123.8   173.4   249     341                 
680206 SGMR                  83.8   113.5   155.2   218     314                 
680207 SGMR                  79.2   109.8   155.0   223     309                 
680208 SGMR                  74.4   103.6   145.4   209     301                 
680209 SGMR                  70.0    95.1   144.7   213     306                 
680210 SGMR                  69.4    95.1   148.3   232     313                 
680211 SGMR                  68.4    96.0   149.2   226     310                 
680212 SGMR                  67.3    93.2   148.8   220     305                 
680213 SGMR                  66.4    90.2   139.7   201     296                 
680214 SGMR                  66.8    91.7   136.1   195     292                 
680215 SGMR                  65.4    90.5   134.8   194     295                 
680216 SGMR                  64.2    88.9   132.2   189     293                 
680217 SGMR                  65.1    88.1   128.0   180     288                 
680218 SGMR                  63.7    90.0   127.0   189     289                 
680219 SGMR                  67.5    91.3   127.6   192     293                 
680220 SGMR                  71.6    92.0   128.9   196     301                 
680221 SGMR                  76.0    97.7   136.9   210     305                 
680222 SGMR                  74.8    99.8   140.7   213     303                 
680223 SGMR                  74.4    96.1   142.4   209     303                 
680224 SGMR                  77.7   101.5   153.1   221     310                 
680225 SGMR                  82.1   103.6   167.4   242     319                 
680226 SGMR                  88.5   107.6   169.3   252     319                 
680227 SGMR                  84.6   106.2   161.7   239     314                 
680228 SGMR                  81.5   108.7   162.8   238     317                 
680229 SGMR                  78.7   107.0   155.7   225     311                 
680232 SGMR                  77.7   105.5   155.3   228     317                 
680301 SGMR                  72.2   113.2   149.8   218     304                 
680302 SGMR                  75.6   112.0   151.2   217     306                 
680303 SGMR                  75.8   105.8   144.0   215     302                 
680304 SGMR                  72.8    93.6   131.4   199     294                 
680305 SGMR                  70.2    88.6   130.1   194     296                 
680306 SGMR                  70.0    89.8   130.7   196     296                 
680307 SGMR                  66.3    83.8   122.0   188     285                 
680308 SGMR                  63.8    82.2   109.4   176     283                 
680309 SGMR                  62.7    78.5   112.7   176     287                 
680310 SGMR                  63.0    79.8   112.3   182     284                 
680311 SGMR                  63.0    82.2   124.5   187     290                 
680312 SGMR                  62.9    82.8   121.6   196     295                 
680313 SGMR                  62.2    81.6   120.4   195     294                 
680314 SGMR                  61.5    80.4   121.0   200     293                 
680315 SGMR                  61.3    79.1   115.5   193     288                 
680316 SGMR                  60.8    79.5   117.7   188     285                 
680317 SGMR                  62.0    80.2   125.5   195     289                 
680318 SGMR                  64.3           120.6   190                         
680319 SGMR                  64.1           123.3   192     290                 
680320 SGMR                  65.1    83.5   121.1   186     283                 
680321 SGMR                  65.9    88.3   132.1   193     289                 
680322 SGMR                  68.2    89.6   134.7   198     290                 
680323 SGMR                  66.8    94.3   140.0   203     295                 
680324 SGMR                  69.5    96.9   150.6   218     298                 
680325 SGMR                  73.8   100.3   157.6   227     305                 
680326 SGMR                  73.7    96.4   151.0   213     297                 
680327 SGMR                  73.2   100.0   155.7   218     299                 
680328 SGMR                  72.0    99.0   149.6   216     300                 
680329 SGMR                  73.0   100.6   148.9   215     300                 
680330 SGMR                  72.4    98.5   150.8   209     304                 
680331 SGMR                  72.0    97.9   148.3   217     301                 
680332 SGMR                  67.7    91.0   133.0   200     294                 
680401 SGMR                  68.7    94.9   137.1   210     296                 
680402 SGMR                  65.8    87.9   133.7   204     295                 
680403 SGMR                  64.5    83.6   127.2   198     294                 
680404 SGMR                  61.5    76.2   122.8   192     289                 
680405 SGMR                  60.9    74.2   119.9   192     289                 
680406 SGMR                  60.4    74.1   115.6   185     279                 
680407 SGMR                  59.4    75.2   115.8   187     284                 
680408 SGMR                  59.6    73.1   123.2   193     289                 
680409 SGMR                  59.4    74.7   129.2   202     300                 
680410 SGMR                  58.9    72.1   129.2   203     304                 
680411 SGMR                  58.8    73.5   128.9   209     300                 
680412 SGMR                  58.6    77.3   131.0   208     304                 
680413 SGMR                  58.6    76.3   133.1   213     315                 
680414 SGMR                  59.1    71.6   129.1   210     305                 
680415 SGMR                  59.7    75.9   129.3   210     300                 
680416 SGMR                  63.8    76.6   130.2   209     301                 
680417 SGMR                  60.2    71.8   122.6   193     299                 
680418 SGMR                  62.1    72.3   119.4   193     306                 
680419 SGMR                  60.0    71.4   120.1   193     296                 
680420 SGMR                  62.3    73.8   113.8   186     285                 
680421 SGMR                  63.4    73.3   114.0   186     287                 
680422 SGMR                  62.8    70.2   109.2   179     279                 
680423 SGMR                  63.6    69.9   106.7   176     277                 
680424 SGMR                  64.4    74.7   112.1   181     278                 
680425 SGMR                  63.5    72.6   112.4   180     283                 
680426 SGMR                  62.7    70.1   106.4   176     277                 
680427 SGMR                  62.5    71.9   109.2   179     283                 
680428 SGMR                  60.4    70.1   114.6   189     284                 
680429 SGMR                  58.6    69.8   118.2   188     293                 
680430 SGMR                  60.2    72.4   120.8   192     290                 
680432 SGMR                  61.5    74.7   121.2   194     292                 
680501 SGMR                  61.5    74.3   129.5   201     299                 
680502 SGMR                  63.5    79.0   138.2   208     305                 
680503 SGMR                  63.0    83.2   144.1   212     302                 
680504 SGMR                  65.2    88.2   145.5   215     306                 
680505 SGMR                  63.0    84.6   143.8   208     301                 
680506 SGMR                  61.0    85.7   138.0   202     301                 
680507 SGMR                  60.9    82.3   132.6   198     301                 
680508 SGMR                  61.2    81.9   132.3   194     302                 
680509 SGMR                  60.5    80.5   130.7   195     303                 
680510 SGMR                  59.2    78.7   128.0   191     304                 
680511 SGMR                  59.0    73.2   121.1   191     295                 
680512 SGMR                  57.7    73.6   119.5   187     292                 
680513 SGMR                  57.2    69.5   118.4   187     288                 
680514 SGMR                  59.7    74.4   126.3   196     302                 
680515 SGMR                  62.8    76.9   128.7   201     306                 
680516 SGMR                  62.5    81.0   138.6   211     309                 
680517 SGMR                  68.7    90.8   155.2   229     318                 
680518 SGMR                  68.6    94.6   164.8   251     322                 
680519 SGMR                  69.9    96.3   172.6   255     328                 
680520 SGMR                  71.0   102.0   178.6   259     329                 
680521 SGMR                  70.9   100.2   177.1   260     330                 
680522 SGMR                  70.4    97.6   172.0   258     336                 
680523 SGMR                  68.8    97.3   168.8   245     329                 
680524 SGMR                  70.5    96.5   169.6   256     329                 
680525 SGMR                  72.5    96.2   163.2   248     326                 
680526 SGMR                  68.9    93.4   161.3   228     322                 
680527 SGMR                  68.0    91.3   157.5   227     312                 
680528 SGMR                  69.7    88.3   145.8   219     310                 
680529 SGMR                  66.6    90.0   143.2   216     302                 
680530 SGMR                  66.4    89.2   146.0   214     301                 
680531 SGMR                  64.7    91.1   143.6   212     300                 
680532 SGMR                  65.0    86.2   146.3   219     310                 
680601 SGMR                  64.8    90.1   143.3   211     298                 
680602 SGMR                  67.0    89.2   137.8   206     297                 
680603 SGMR                  64.8    87.4   137.9   207     297                 
680604 SGMR                  62.3    88.8   138.6   208     291                 
680605 SGMR                  58.9    80.4   131.2   203     291                 
680606 SGMR                  59.3    83.0   138.3   211     303                 
680607 SGMR                  63.1    93.2   148.0   217     304                 
680608 SGMR                  66.7    94.4   143.8   218     306                 
680609 SGMR                  70.3    91.3   140.0   218     305                 
680610 SGMR                  66.0    97.8   142.3   219     303                 
680611 SGMR                  63.7    97.3   142.5   224     307                 
680612 SGMR                  64.8    89.9   130.9   211     298                 
680613 SGMR                  67.0    91.3   135.3   213     294                 
680614 SGMR                  64.0    89.9   133.1   213     298                 
680615 SGMR                  64.2    91.5   130.1   210     302                 
680616 SGMR                  63.8    90.1   131.3   217     311                 
680617 SGMR                  65.2    94.1   132.0   211     300                 
680618 SGMR                  64.8    87.8   137.9   221     304                 
680619 SGMR                  65.8    92.3   136.0   230     310                 
680620 SGMR                  65.9    95.0   141.8   244     314                 
680621 SGMR                  69.1    93.8   146.7   237     314                 
680622 SGMR                  66.8    94.0   142.4   231     314                 
680623 SGMR                  66.6    97.4   151.8   244     328                 
680624 SGMR                  67.2    94.7   148.2   239     317                 
680625 SGMR                  64.4    92.9   146.4   236     317                 
680626 SGMR                  66.9    96.6   137.7   223     302                 
680627 SGMR                  67.1    96.1   141.4   225     306                 
680628 SGMR                  65.4    93.8   136.6   210     295                 
680629 SGMR                  61.9    86.4   130.4   204     291                 
680630 SGMR                  60.4    82.0   122.8   195     287                 
680632 SGMR                  65.0    91.4   138.6   219     303                 
680701 SGMR                  58.2    78.1   119.2   188     283                 
680702 SGMR                  58.1    75.4   110.8   182     282                 
680703 SGMR                  57.8    75.8   108.9   180     280                 
680704 SGMR                  57.9    75.1   108.1   180     278                 
680705 SGMR                  58.4    73.8   110.2   187     288                 
680706 SGMR                  58.6    74.2   112.0   192     292                 
680707 SGMR                  59.8    76.9   121.9   208     301                 
680708 SGMR                  61.1    83.2   128.7   222     318                 
680709 SGMR                  63.1    85.6   138.0   226     311                 
680710 SGMR                  63.7    91.1   145.5   234     310                 
680711 SGMR                  64.4    93.0   152.0   237     307                 
680712 SGMR                  65.0    98.0   155.5   236     315                 
680713 SGMR                  62.9    87.8   143.5   222     309                 
680714 SGMR                  63.4    94.4   143.1   227     311                 
680715 SGMR                  60.8    86.0   140.2   211     299                 
680716 SGMR                  62.8    86.6   141.4   215     306                 
680717 SGMR                  62.7    85.4   131.7   211     303                 
680718 SGMR                  61.7    80.5   123.3   205     292                 
680719 SGMR                  62.5    86.2   123.6   202     292                 
680720 SGMR                  61.4    83.6   125.1   195     289                 
680721 SGMR                  60.6    83.7   122.3   194     288                 
680722 SGMR                  60.9    86.6   128.7   198     293                 
680723 SGMR                  63.9    83.8   134.4   209     288                 
680724 SGMR                  62.9    90.3   140.9   217     296                 
680725 SGMR                  63.5    88.5   147.5   228     303                 
680726 SGMR                  60.6    85.9   141.9   220     299                 
680727 SGMR                  60.3    83.8   135.4   215     294                 
680728 SGMR                  59.5    86.2   135.0   214     298                 
680729 SGMR                  59.6    85.8   138.3   222     311                 
680730 SGMR                  58.6    80.1   128.2   212     297                 
680731 SGMR                  57.8    79.8   124.7   202     290                 
680732 SGMR                  61.1    84.0   131.0   209     298                 
680801 SGMR                  56.5    78.4   123.0   197     291                 
680802 SGMR                  57.1    80.8   125.0   198     289                 
680803 SGMR                  57.1    82.1   129.4   205     304                 
680804 SGMR                  56.3    76.2   125.4   203     302                 
680805 SGMR                  56.3    80.2   124.1   208     303                 
680806 SGMR                  59.4    87.2   134.1   220     309                 
680807 SGMR                  58.9    84.8   127.4   214     311                 
680808 SGMR                  58.9    81.3   134.2   220     316                 
680809 SGMR                  61.3    89.7   131.7   215     303                 
680810 SGMR                  61.1    84.1   135.0   221     304                 
680811 SGMR                  63.4    90.7   137.3   228     315                 
680812 SGMR                  64.4    92.2   148.1   235     319                 
680813 SGMR                  64.7   100.4   159.5   243     327                 
680814 SGMR                  68.1   106.7   173.5   270     345                 
680815 SGMR                  68.4   100.7   169.0   255     335                 
680816 SGMR                  67.7   102.5   166.0   255     329                 
680817 SGMR                  72.3   102.5   158.6   245     315                 
680818 SGMR                  77.6   103.1   154.2   237     310                 
680819 SGMR                  69.2    96.3   148.7   231     304                 
680820 SGMR                  66.7    98.8   152.4   235     304                 
680821 SGMR                  63.9    93.2   150.2   228     308                 
680822 SGMR                  62.3    92.5   151.6   226     307                 
680823 SGMR                  61.0    84.0   127.8   199     287                 
680824 SGMR                  60.4    80.9   120.8   190     287                 
680825 SGMR                  56.7    78.7   115.9   184     286                 
680826 SGMR                  57.7    74.7   111.3   181     285                 
680827 SGMR                  56.9    72.1   108.3   178     277                 
680828 SGMR                  57.8    78.6   111.0   183     276                 
680829 SGMR                  57.9    77.4   113.1   186     286                 
680830 SGMR                  58.3    78.9   118.0   193     286                 
680831 SGMR                  58.5    80.0   114.2   186     285                 
680832 SGMR                  61.8    87.4   135.4   215     303                 
680901 SGMR                  60.0    83.7   120.0   191     287                 
680902 SGMR                  65.9    88.9   125.3   191     289                 
680903 SGMR                  67.1    91.7   131.9   213     296                 
680904 SGMR                  72.2   101.5   134.0   215     298                 
680905 SGMR                  67.9    98.8   131.2   207     297                 
680906 SGMR                  68.3    98.2   127.6   200     299                 
680907 SGMR                  67.8    93.9   129.4   203     298                 
680908 SGMR                  65.8   101.1   139.6   217     305                 
680909 SGMR                  66.7   103.7   139.4   220     302                 
680910 SGMR                  63.8   102.1   144.8   225     306                 
680911 SGMR                  60.8   102.8   142.7   214     293                 
680912 SGMR                  61.0   102.8   146.3   220     300                 
680913 SGMR                  61.8   104.1   142.2   215     299                 
680914 SGMR                  61.6    92.0   138.0   208     296                 
680915 SGMR                  61.8    93.0   126.0   195     290                 
680916 SGMR                  61.1    85.8   121.1   192     286                 
680917 SGMR                  60.4    90.6   121.4   192     287                 
680918 SGMR                  60.1    92.0   122.7   195     287                 
680919 SGMR                  60.0    86.2   117.6   189     285                 
680920 SGMR                  59.7    83.7   118.2   188     283                 
680921 SGMR                  61.0    88.0   124.4   200     291                 
680922 SGMR                  58.2    84.8   116.9   191     283                 
680923 SGMR                  59.5    81.9   115.9   191     283                 
680924 SGMR                  60.6    92.8   131.1   200     292                 
680925 SGMR                  62.5   105.2   150.5   229     312                 
680926 SGMR                  63.3   103.2   149.9   227     303                 
680927 SGMR                  62.5   103.4   145.0   217     295                 
680928 SGMR                  64.9   103.2   147.4   213     302                 
680929 SGMR                  63.2   104.2   144.5   222     308                 
680930 SGMR                  63.4    96.6   133.1   206     308                 
680932 SGMR                  63.1    95.3   132.9   206     295                 
681001 SGMR                  62.9    92.6   126.6   200     294                 
681002 SGMR                  60.6    87.5   125.9   200     296                 
681003 SGMR                  62.4    94.6   134.0   212     301                 
681004 SGMR                  62.6    95.9   138.6   212     298                 
681005 SGMR                  62.9    98.7   139.3   218     296                 
681006 SGMR                  64.0    99.0   138.5   219     300                 
681007 SGMR                  65.4   103.9   136.2   215     282                 
681008 SGMR                  64.6   100.3   134.8   213     296                 
681009 SGMR                  63.4    97.0   127.8   207     286                 
681010 SGMR                  63.0    94.8   126.2   200     290                 
681011 SGMR                  63.5    95.3   125.2   205     293                 
681012 SGMR                  64.9    95.8   129.1   210     296                 
681013 SGMR                  60.4    89.7   122.0   201     288                 
681014 SGMR                  61.4    90.8   121.7   199     282                 
681015 SGMR                  63.0    97.3   128.9   209     290                 
681016 SGMR                  60.3    93.3   128.8   209     294                 
681017 SGMR                  59.5    92.2   135.7   220     303                 
681018 SGMR                  60.8    97.0   133.8   223     303                 
681019 SGMR                  61.8   101.7   144.0   234     307                 
681020 SGMR                  61.4   103.5   147.7   245     312                 
681021 SGMR                  62.6   103.4   152.7   244     310                 
681022 SGMR                  66.2   107.2   157.9   248     312                 
681023 SGMR                  65.1   109.9   158.8   244     305                 
681024 SGMR                  68.7   110.9   165.1   249     308                 
681025 SGMR                  69.0   114.0   165.7   240     309                 
681026 SGMR                  70.0   111.8   166.8   233     315                 
681027 SGMR                  72.9   118.9   170.7   238     322                 
681028 SGMR                  67.9   115.7   165.3   248     322                 
681029 SGMR                  70.4   125.4   182.5   285     354                 
681030 SGMR                  71.6   116.7   153.9   250     324                 
681031 SGMR                  70.8   105.6   152.7   238     317                 
681032 SGMR                  64.6   101.9   143.1   225     303                 
681101 SGMR                  70.0   105.9   150.3   246     314                 
681102 SGMR                  70.6   104.5   147.4   233     313                 
681103 SGMR                  69.7   103.2   138.3   220     302                 
681104 SGMR                  67.1    98.3   132.4   212     290                 
681105 SGMR                  68.1    96.0   126.0   202     286                 
681106 SGMR                  65.6    92.9   118.8   197     284                 
681107 SGMR                  64.3    95.6   124.1   199     290                 
681108 SGMR                  68.0    96.4   128.3   213     294                 
681109 SGMR                  65.7    95.2   130.4   215     298                 
681110 SGMR                  63.4    96.9   126.5   211     281                 
681111 SGMR                  66.0    96.2   127.5   220     294                 
681112 SGMR                  66.6    98.3   125.9   216     295                 
681113 SGMR                  65.4    99.5   125.2   215     293                 
681114 SGMR                  64.4    93.6   120.8   208     284                 
681115 SGMR                  65.5    95.4   125.9   212     295                 
681116 SGMR                  62.5    94.0   121.3   211     297                 
681117 SGMR                  63.8    96.1   134.5   222     303                 
681118 SGMR                  63.2   105.2   137.9   225     297                 
681119 SGMR                  63.1    95.3   132.6   218     287                 
681120 SGMR                  65.3   100.7   131.7   217     289                 
681121 SGMR                  65.6    97.2   128.4   208     286                 
681122 SGMR                  63.7    94.6   125.1   200     286                 
681123 SGMR                  64.3    94.9   125.0   198     287                 
681124 SGMR                  65.5    97.6   126.7   200     289                 
681125 SGMR                  67.7   100.5   128.7   208     295                 
681126 SGMR                  67.5    98.8   127.9   218     297                 
681127 SGMR                  66.2    98.2   129.3   214     292                 
681128 SGMR                  65.0    97.9   124.8   204     286                 
681129 SGMR                  63.4    93.2   118.6   200     285                 
681130 SGMR                  65.7    96.7   124.6   210     291                 
681132 SGMR                  65.8    97.6   128.8   212     293                 
681201 SGMR                  67.4    98.9   132.6   226     301                 
681202 SGMR                  67.4    99.7   141.3   234     305                 
681203 SGMR                  66.4    97.5   137.2   225     302                 
681204 SGMR                  65.6   101.2   136.2   220     283                 
681205 SGMR                  65.5   102.4   145.4   237     299                 
681206 SGMR                  65.7   100.1   136.3   225     281                 
681207 SGMR                  64.5    96.2   132.4   225     282                 
681208 SGMR                  64.3    96.0   131.5   223     283                 
681209 SGMR                  64.4    98.6   138.1   240     288                 
681210 SGMR                  66.1    99.7   141.4   242     293                 
681211 SGMR                  65.1    98.5   136.3   227     289                 
681212 SGMR                  64.9    93.3   131.7   210     282                 
681213 SGMR                  62.8    89.5   121.6   207     277                 
681214 SGMR                  63.0    92.4   124.6   208     281                 
681215 SGMR                  65.4    91.6   128.5   206     282                 
681216 SGMR                  64.4    90.5   120.8   196     272                 
681217 SGMR                  66.1    93.7   127.7   209     282                 
681218 SGMR                  63.9    94.8   128.0   204     278                 
681219 SGMR                  66.0   100.0   135.8   219     284                 
681220 SGMR                  63.6    99.5   140.4   219     280                 
681221 SGMR                  63.3   105.5   142.5   222     285                 
681222 SGMR                  68.5   102.7   142.5   225     289                 
681223 SGMR                  66.0   100.8   140.9   223     281                 
681224 SGMR                  67.3   105.5   149.7   230     285                 
681225 SGMR                  68.7   108.6   153.5   234     293                 
681226 SGMR                  70.3   110.9   151.7   242     291                 
681227 SGMR                  73.2   114.1   160.0   252     300                 
681228 SGMR                  65.5   107.7   148.3   236     299                 
681229 SGMR                  66.0    99.9   136.5   219     293                 
681230 SGMR                  69.8   102.7   137.9   223     296                 
681231 SGMR                  68.5   100.8   133.5   216     289                 
681232 SGMR                  66.1    99.8   137.6   223     288                 

