980101 SGMR  15      33      46      72      93     143     236     567     
980102 SGMR  15      33      45      60      91     142     214     556     
980103 SGMR  12      31      44      62      97     153     227     535     
980104 SGMR  14      30      41      69      85     134     216     533     
980105 SGMR  14      30      43      66      82     128     214     527     
980106 SGMR  13      29      41      63      77     130     218     516     
980107 SGMR  12      30      38      52      76     113     167     303     
980108 SGMR  12      30      37      55      75     115     200     485     
980109 SGMR  11      31      37      55      72      93     127     261     
980110 SGMR  13      29      39      57      73     124     218     548     
980111 SGMR  12      30      40      59      75     126     218     543     
980112 SGMR  15      32      43      64      85     137     227     561     
980113 SGMR  15      31      42      58      82     134     226     527     
980114 SGMR  17      30      37      65      85     139     237     552     
980115 SGMR  17      33      42      67      90     146     248     552     
980116 SGMR  41      36      42      65      95     131     232     515     
980117 SGMR  16      34      45      67      93     138     251     524     
980118 SGMR  12      33      43      66      90     135     265     527     
980119 SGMR  12      30      38      53      85     136     222     558     
980120 SGMR  12              26      41      77     129     223     545     
980121 SGMR  14      32      44      67      83     131     236     561     
980122 SGMR  14      30      44      68      84     133     228     563     
980123 SGMR  17      35      46      70      90     135     199     543     
980124 SGMR  17      35      42      70      87     127     210     443     
980125 SGMR                          78      96     144     248     560     
980126 SGMR  23      38      46      74      92     140     243     558     
980127 SGMR  36      38      46      42      79     135     226     549     
980128 SGMR  22      36      46      72      89     133     220     523     
980129 SGMR  16      31      46      68      86     136     225     540     
980130 SGMR  13      29      43      67      84     127     216     529     
980131 SGMR  14      30      42      35      66     130     222     528     
980201 SGMR  13      29      39                     130     218     540     
980202 SGMR  13      31      40      65      82     136     224     546     
980203 SGMR  13      31      40      69      85     132     218     546     
980204 SGMR  14      31      44      64      82     133     237     540     
980205 SGMR  12      30      42      63      80     132     234     520     
980206 SGMR  13      31      41      55      76     125     216     554     
980207 SGMR  14      28      36      52      75     126     223     550     
980208 SGMR  12      29      39      59      77     129     224     543     
980209 SGMR  13      30      41      59      77     129     231     545     
980210 SGMR  14      31      40      60      78     128     235     541     
980211 SGMR  14      30      42      61      78     131     236     543     
980212 SGMR  16      30      38      62      81     132     236     527     
980213 SGMR  17      32      44      66      88     139     248     554     
980214 SGMR  25      33      43      71      95     146     243     560     
980215 SGMR  31      34      47      73      98     148     251     554     
980216 SGMR  21      34      48      76      98     148     249     558     
980217 SGMR  18      35      46      76      96     148     241     560     
980218 SGMR  43      44      47      74      94     133     228     501     
980219 SGMR  26      35      43      67      88     130     218     499     
980220 SGMR  15      34      46      70      90     138     237     536     
980221 SGMR  30      35      44      68      88     139     245     558     
980222 SGMR  14      32      45      67      87     137     242     560     
980223 SGMR  20      35      48      71      91     140     237     554     
980224 SGMR  14      31      38      61      87      95     147     353     
980225 SGMR  14      33      44      69      87     135     252     540     
980226 SGMR  13      31      45      67      86     134     230     562     
980227 SGMR  13      28      36      56      83     126     212     553     
980228 SGMR  14      32      43      69      86     130     211     554     
980301 SGMR  19      34      41      70      91     140     224     536     
980302 SGMR  30      39      47      67      90     139     226     555     
980303 SGMR  19      34      42      69      92     144     215     544     
980304 SGMR  19      30      42      64      90     134     222     552     
980305 SGMR  20      32      45      67      90     145     247     548     
980306 SGMR  20      42      45      66      87     137     244     546     
980307 SGMR  18      32      45      66      87     138     318     549     
980308 SGMR  14      30      44      63      83     135     340     559     
980309 SGMR  16      31      36      61      81     125     288     432     
980310 SGMR  16      31      43      58      91     134     307     473     
980311 SGMR  15      32      46      72      93     144     328     563     
980312 SGMR  17      31      44      73      95     147     323     555     
980313 SGMR  15      33      46      76      97     144     246     557     
980314 SGMR  15      35      50      81     109     165     263     559     
980315 SGMR  51      54      61      90     130     192     281     571     
980316 SGMR  14      34      42      76     113     167     241     564     
980317 SGMR  17      42      49      83     119     163     248     565     
980318 SGMR  36      43      50      85     119     180     267     558     
980319 SGMR  27      44      45      82     111     157     224     516     
980320 SGMR  37      42      47      86     117     177     270     567     
980321 SGMR  34      42      53      87     117     173     266     540     
980322 SGMR  21      38      51      86     117     178     272     554     
980323 SGMR  21      40      52      88     118     174     262     575     
980324 SGMR  25      37      49      87     111     166     270     568     
980325 SGMR  63      43      51      85     107     161     263     563     
980326 SGMR  17      33      48      82     104     154     259     555     
980327 SGMR  57      39      47      78     103     160     264     549     
980328 SGMR  15      34      46      76      97     142     262     528     
980329 SGMR  16      30      42      74      93     127     243     543     
980330 SGMR  14      32      45      76      97     156     281     549     
980331 SGMR  17      32      43      76     101     143     300     553     
980401 SGMR  32      34      45      78     103     151     269     525     
980402 SGMR  17      33      45      73      98     151     288     529     
980403 SGMR  37      34      47      73      95     142     279     550     
980404 SGMR  22      35      50      79     101     152     282     550     
980405 SGMR  32      43      54      92     127     181     310     561     
980406 SGMR  20      37      53      92     127     180     320     553     
980407 SGMR  49      45      55      94     133     170     281     557     
980408 SGMR  21      41      55      97     127     164     264     549     
980409 SGMR  20      35      52     101     130     166     278     553     
980410 SGMR  35      41      53     100     127     166     287     545     
980411 SGMR  18      37      53     105     126     164     286     553     
980412 SGMR  20      35      52      95     113     155     281     547     
980413 SGMR  16      37      53      92     110     154     230     556     
980414 SGMR  20      35      51      92     108     149     239     554     
980415 SGMR  17      37      52      90     107     154     233     551     
980416 SGMR  14      38      53      89     105     149     226     545     
980417 SGMR  15      37      50      84      99     147     222     503     
980418 SGMR  18      36      49      77      94     143     234     555     
980419 SGMR  17      36      49      74      93     141     220     551     
980420 SGMR  16      33      47      74      95     145     261     541     
980421 SGMR  15      32      44      70      86     137     200     544     
980422 SGMR  16      35      45      69      84     137     208     550     
980423 SGMR  17      35      45      68      88     140     212     526     
980424 SGMR  18      33      45      67      86     144     212     537     
980425 SGMR  23      32      40      68      90     137     260     513     
980426 SGMR  17      34      43      69      86     135     227     541     
980427 SGMR  13      31      44      69      87     138     262     543     
980428 SGMR  21      32      44      70      91     146     239     539     
980429 SGMR  36      33      39      72      99     163     233     562     
980430 SGMR  20      34      47      73      95     149     236     550     
980501 SGMR  74      43      49      80     109     155     255     540     
980502 SGMR  39      37      49      87     112     164     245     535     
980503 SGMR  57      41      49      82     111     157     222     543     
980504 SGMR 115      59      55      85     118     168             554     
980505 SGMR 146      80      58      90     125     187             545     
980506 SGMR 124      68      53      96     126     179     227     532     
980507 SGMR  46      59      55      93     121     184     233     534     
980508 SGMR  44      55      56      88     116     166     210     549     
980509 SGMR  34      50      54      87     109     156     215     519     
980510 SGMR  35      43      47      81      97     115     168     393     
980511 SGMR          43      49      77      94     103     147     412     
980512 SGMR  48      42      52      87     109     156     237     552     
980513 SGMR  19      39      52      87     111     156     236     551     
980514 SGMR  16      36      47      87     113     154     227     568     
980515 SGMR  17      36      51      88     112     144     237     556     
980516 SGMR  18      39      51      88     114     160     220     555     
980517 SGMR  16      36      50      86     109     156     233     529     
980518 SGMR  14      34      47      81     103     142     266     555     
980519 SGMR  14      33      47      81     102     140     248     556     
980520 SGMR  14      32      44      74      87     132     238     542     
980521 SGMR  15      33      43      70      86     127     220     555     
980522 SGMR  15      34      45      68      86     138     212     551     
980523 SGMR  19      33      42      67      85     131     221     552     
980524 SGMR  74      57      48      70      96     140     235     557     
980525 SGMR  53      49      50      71      92     138     238     555     
980526 SGMR  32      39      43      68      87     130     227     548     
980527 SGMR  17      35      46      77     100     145     233     554     
980528 SGMR  16      36      45      73      96     140     248     563     
980529 SGMR  17      37      48      76      93     138     249     558     
980530 SGMR  16      34      44      73      91     135     245     562     
980531 SGMR  19      35      46      74      93     136     234     475     
980601 SGMR  16      34      44      76      97     135     235     559     
980602 SGMR  19      37      46      81     100     142     244     561     
980603 SGMR  18      38      51      86     107     142     242     561     
980604 SGMR  17      36      50      87     110     158     237     553     
980605 SGMR  28      41      53      91     112     151     253     566     
980606 SGMR  26      39      54      93     112     148     248     554     
980607 SGMR          51      53      93     115     150     236     551     
980608 SGMR          41      54      92     111     163     243     560     
980609 SGMR  23      42      55      93     112     150     246     564     
980610 SGMR  20      38      52      92     109     147     250     560     
980611 SGMR  18      37      54      91     109     146     237     564     
980612 SGMR  19      39      54      89     110     161     239     555     
980613 SGMR  17      35      48      84     105     139     197     433     
980614 SGMR  16      36      49      84     102     151     233     501     
980615 SGMR  16      36      49      84     101     137     228     559     
980616 SGMR                                                                 
980617 SGMR          36      49      81     101     136     225     548     
980618 SGMR                                                 202     551     
980619 SGMR  16      39      51      79      98     134     230     555     
980620 SGMR                  51      79      98     137     234     554     
980621 SGMR  17      34      46      78     101     140     240     565     
980622 SGMR  16      33      47      78     100     141     237     561     
980623 SGMR  13      30      43      68      86     106     163     373     
980624 SGMR  14      33      43      73      98     145     254     566     
980625 SGMR  14      33      44      77     102     150     255     568     
980626 SGMR  14      30      46      80     106     159     251     566     
980627 SGMR  14      30      46      86     113     162                     
980628 SGMR                  47      89     116     152     251     573     
980629 SGMR  16      34      49      95     118     149     250     547     
980630 SGMR  17      36      48      98     118     143     226     481     
980701 SGMR  18      37      53     104     123     146     237     566     
980702 SGMR  17      36      54     104     117     152     253     577     
980703 SGMR  22      38      55     108     125     162     268     571     
980704 SGMR  19      38      53     106     127     158     265     583     
980705 SGMR  16      36      53     103     125     158     262     566     
980706 SGMR  56      45      56      99     119     152     264     578     
980707 SGMR  47      43      55      98     113     149     259     569     
980708 SGMR  17      32      51      92     110     147     248     565     
980709 SGMR  16      38      53      93     113     150     266     583     
980710 SGMR  17      37      51      90     108     147     262     566     
980711 SGMR  15      35      47      87     105     144     259     567     
980712 SGMR  13      33      46      87     103     142             566     
980713 SGMR  15      39      50      86     105     147     266     590     
980714 SGMR  15      35      49      84     101     139     256     583     
980715 SGMR  15      37      50      86     105     138     247     594     
980716 SGMR  15      35      49      84     105     142     263     587     
980717 SGMR  15      34      49      82     100     135     255     594     
980718 SGMR  15      34      46      83      99     140     274     607     
980719 SGMR  13      31      44      81      99     140                     
980720 SGMR  15      35      47      84     108     148     275     591     
980721 SGMR  17      34      47      83     108     150     280     617     
980722 SGMR  16      35      47      86     113     159     293     615     
980723 SGMR  16      34      47      87     113     158     297     606     
980724 SGMR  26      36      50      90     120     165     342     631     
980725 SGMR  25      36      46      90     116     167     264     618     
980726 SGMR          37      49      92     117     161     279             
980727 SGMR  18      36      49      93     116     156     252     590     
980728 SGMR  25      36      51      96     120     164     276     613     
980729 SGMR  33      37      54      97     119     162     293     520     
980730 SGMR  16      36      52      94     112     160     302     540     
980731 SGMR  17      36      55      93     111     166             518     
980801 SGMR  15      36      50      92     111     151     256     538     
980802 SGMR  15      36      49      89     105     142     245     538     
980803 SGMR  25      38      54      91     111     148     249     536     
980804 SGMR  31      43      54      92     110     153     223     528     
980805 SGMR  26      39      54     100     127     168     244             
980806 SGMR  45      49      56     104     136     172     256     548     
980807 SGMR  29      51      60     112     144     176     237     518     
980808 SGMR  23      40      54     111     142     181     264     542     
980809 SGMR  32      50      60     115     154     192     231     548     
980810 SGMR                         118     151     187             535     
980811 SGMR                         114     148     184             537     
980812 SGMR          44      57     109     144     187             508     
980813 SGMR  32      40      55     108     139     172     218     526     
980814 SGMR          39      53     105     137     177     224     540     
980815 SGMR  18      42      53     107     135     182     241     542     
980816 SGMR  16      34      50     105     131     177             536     
980817 SGMR  25      36      50     102     135     166     213     428     
980818 SGMR  16      38      53     105     132     168     226     533     
980819 SGMR          40      53     101     132     181             550     
980820 SGMR  17      39      54     106     134     171             555     
980821 SGMR          38      52     102     130     160             533     
980822 SGMR  16      38      54     105     132     171             536     
980823 SGMR                  54     107     123     158             528     
980824 SGMR  24      41      52     103     121     162     235     536     
980825 SGMR  15      37      53     101     120     156     258     509     
980826 SGMR  15      36      52     102     124     148     240     512     
980827 SGMR  15      37      56     111     147     180     291     533     
980828 SGMR  16      37      56     107     137     163     237     541     
980829 SGMR  17      38      58     111     142     186     246     518     
980830 SGMR          40      54     117     157             265     558     
980831 SGMR  95      70      61     119     163     224     270     547     
980901 SGMR  72      61      65     121     169     213     245     524     
980902 SGMR  41      51      61     117     163     236     265     556     
980903 SGMR  66      49      59     115     166     227     281     568     
980904 SGMR  41      48      61     113     150     203     249     536     
980905 SGMR  39      41      58     110     150     206     257     539     
980906 SGMR          39      54     111     151     182             522     
980907 SGMR  29      51      58     111     148     186     236     528     
980908 SGMR  24      51      61     115     149     181     250     537     
980909 SGMR  17      41      59     113     143     183     236     531     
980910 SGMR  16      40      54     111     139     182     237     533     
980911 SGMR  23      43      58     111     137     164     236     536     
980912 SGMR  17      39      57     110     134     166     238     519     
980913 SGMR  16      35      52     104     130     163     221     533     
980914 SGMR  18      37      53      99     121     153     268     524     
980915 SGMR  19      37      52      94     115     153     275     503     
980916 SGMR  18      36      50      93     114     152     259     530     
980917 SGMR  17      37      53      91     112     156     271     528     
980918 SGMR  17      39      54      97     117     170     282     527     
980919 SGMR  15      35      52      98     125     161     262     534     
980920 SGMR  15      35      53     100     128     158     262     526     
980921 SGMR  16      35      50     102     133     169     274     519     
980922 SGMR  22      34      46     101     132     155     249     458     
980923 SGMR  55      48      59     111     139     193     294     542     
980924 SGMR  43      42      58     103     132     175     276     529     
980925 SGMR  60      48      54     103     135     182     262     540     
980926 SGMR  40      43      51     104     133     167     289     532     
980927 SGMR  21      38      52     100     123     156     272     527     
980928 SGMR  20      37      53      96     117     153     283     530     
980929 SGMR  20      38      54      96     112     160             532     
980930 SGMR  15      35      50     101     117     166     269     526     
981001 SGMR  16      37      53      94     112     146     256     520     
981002 SGMR  16      38      54      92     108     158     279     528     
981003 SGMR  17      39      54      91     108     151     266     523     
981004 SGMR  16      38      53      90     109     150     265     523     
981005 SGMR  17      42      55      94     116     164     283     520     
981006 SGMR  20      41      56      93     112     152     271     518     
981007 SGMR  20      40      55      95     119     157     260     524     
981008 SGMR  16      33      48      94     114     143     216     397     
981009 SGMR  18      38      49      94     116     147     230     481     
981010 SGMR  16      34      45      93     118     158     262     473     
981011 SGMR  16      36      49      93     112     154     257             
981012 SGMR  17      37      49      90     107     158     285     511     
981013 SGMR  17      40      53      92     111     145     289     504     
981014 SGMR  29      40      50      93     116     151     309     495     
981015 SGMR 146     106      69     100     124     176     301     513     
981016 SGMR  98      57      58     105     131     174     316     531     
981017 SGMR  29      42      54      99     122     169             516     
981018 SGMR  22      35      50      98     121     176             515     
981019 SGMR  36      36      51      92     112     154     300     512     
981020 SGMR  37      37      47      91     112     159     233     494     
981021 SGMR  13      38      53      91     113     157     247     503     
981022 SGMR  15      36      50      88     110     160     254     519     
981023 SGMR  12      40      53      89     109     157     261     515     
981024 SGMR  12      37      50      84     103     153     238     515     
981025 SGMR  12      44      52      84     103     150     253     497     
981026 SGMR  11      36      48      80      97     143     238     506     
981027 SGMR  12      38      49      79      97     145     255     510     
981028 SGMR  12      37      50      81     100     146     264     510     
981029 SGMR  13      39      53      84     104     153     260     515     
981030 SGMR  12      38      52      86     105     154     263     512     
981031 SGMR          37      51      88     110     140     231     511     
981101 SGMR                                                                 
981102 SGMR  11      40      55      96     119     169     298     513     
981103 SGMR                                                                 
981104 SGMR  34      45      63     112     140     183     311     521     
981105 SGMR  36      46      63     112     145     194     300     527     
981106 SGMR  23      42      54     112     141     185     297     510     
981107 SGMR  19      42      59     111     140     190     313     517     
981108 SGMR  21      43      60     110     146                     532     
981109 SGMR  26      43      60     112     144     211     357     529     
981110 SGMR  28      44      59     114     149     209     280     530     
981111 SGMR  19      42      54     108     140     195     296     486     
981112 SGMR  22      40      52     104     131     181     295     489     
981113 SGMR  22      43      54     101     126     178     275     512     
981114 SGMR  20      42      54      99     125     168             511     
981115 SGMR  20      41      51      96     119     163             513     
981116 SGMR  34      44      51      95     119     168     303     501     
981117 SGMR  28      41      48      92     112     149     237     475     
981118 SGMR  33      38      45      83     106     152     241     484     
981119 SGMR  44      43      47      86     107     140     227     499     
981120 SGMR  22      37      48      88     110     134     208     487     
981121 SGMR  18      38      50      89     111     163     246     508     
981122 SGMR  28      42      53      90     112     163     260     517     
981123 SGMR  24      44      55      96     124     176     282     539     
981124 SGMR  20      43      55     102     131     176     257     490     
981125 SGMR  22      42      55     106     142     164     244     519     
981126 SGMR  27      50      64     114     149     194     257             
981127 SGMR  28      46      56     115     147     188     263     515     
981128 SGMR  24                     125     153     195             526     
981129 SGMR  27      46      66     125     154     198     295     512     
981130 SGMR  22      45      64     128     156     197     301     493     

