890101 SGMR  19      34      61     126     179     216     315     492     
890102 SGMR  29      36      61     125     175     203     300     483     
890103 SGMR  22      32      63     130     178     202     308     497     
890104 SGMR  22      36      67     136     193     223     326     500     
890105 SGMR  24      38      63     138     184     215     322     501     
890106 SGMR  24      39      70     142     184     219     346     506     
890107 SGMR  23      40      80     161     210     240     346     505     
890108 SGMR  23      36      74     169     221     245     352     482     
890109 SGMR  68      43      81     177     229     254     361     528     
890110 SGMR  29      38      67     172     222     253     376     537     
890111 SGMR  30      38      77     180     237     269     388     615     
890112 SGMR  16      35      78     180     235     275     333     502     
890113 SGMR  20      39      84     201     270     379     455     664     
890114 SGMR  21      37      81     191     251     351     412     606     
890115 SGMR  51      39      75     187     257     405     426     564     
890116 SGMR  42      41      81     194     270     429     414     629     
890117 SGMR  48      43      79     178     247     385     385     600     
890118 SGMR                         178     242             371             
890119 SGMR  18      35      69     165     222     354     356     565     
890120 SGMR  19      34      70     159     215     324     381     593     
890121 SGMR  21      36      64     153     198     296     344     587     
890122 SGMR  35      41      74     150     188     282     319     562     
890123 SGMR  40      46      74     149     190     285     311     564     
890124 SGMR  51      44      78     148     192     287     311     561     
890125 SGMR  61      40      73     153     207     301     323     567     
890126 SGMR          46      68     146     191     270     297     513     
890127 SGMR  44      42      70     147     194     228     292     545     
890128 SGMR  60      38      69     146     193     230     285     545     
890129 SGMR  24      32      60     140     186     253     277     545     
890130 SGMR  26      32      62     136     175     219     277     539     
890131 SGMR  18      32      60     132     173     216     277     553     
890201 SGMR  19      32      61     133     173     218     285     562     
890202 SGMR  22      33      63     129     159     206     280     542     
890203 SGMR  18      35      59     132     177     222     287     453     
890204 SGMR  17      35      70     137     177     221     318             
890205 SGMR  19      37      76     149     183     236     330     556     
890206 SGMR  19      40      76     155     201     274     360     554     
890207 SGMR  22      38      74                                     597     
890208 SGMR  20      41      74     179     221     284     353     658     
890209 SGMR  37      49      85     190     240     312     372     653     
890210 SGMR  24      43      87     195             306     362     637     
890211 SGMR  21      41      81     187     231     291     348     633     
890212 SGMR  22      42      78     186     233     289     347     626     
890213 SGMR  29      46      81     188     233     298     349     612     
890214 SGMR  49      47      82     188     239     306     352     580     
890215 SGMR  47      44      76     174     220     267     305     540     
890216 SGMR  28      46      79     179     217     275     340     596     
890217 SGMR  12      46      80     178     215     258     331     581     
890218 SGMR  20      44      77     160     197     239     317     574     
890219 SGMR  23      40      71     163     197     248     328     577     
890220 SGMR  22      39      72     158     189     240     323     575     
890221 SGMR  20      40      74     160     199     242     301     437     
890222 SGMR  19      44      72     157     198     246     314     495     
890223 SGMR  36      52      84     159     198     275     348     552     
890224 SGMR  30      70      85     160     199     262     347     539     
890225 SGMR  27      44      83     159     193     251     332     556     
890226 SGMR  23      41      81     153     179     231     319     554     
890227 SGMR  26      36      68     142     161     209     298     542     
890228 SGMR  23      35      68                                     547     
890301 SGMR  15      35      67     128     152     206     295     544     
890302 SGMR  27      39      72     132     156     209     298     537     
890303 SGMR  29      42      76     133     152     200     289     537     
890304 SGMR  25      43      77     133     149     198     291     531     
890305 SGMR  28      50      76     140     167     235     337     539     
890306 SGMR 240     161     181     192     215     276     367     582     
890307 SGMR  63      54      87     153     179     249     360     558     
890308 SGMR  40      64      98     155     184     265     378     553     
890309 SGMR  50      61      91     157     212     312     433     603     
890310 SGMR 377      70     101     174     209     323     438     583     
890311 SGMR                         184     215     328     458             
890312 SGMR 160      89      91     181     215     313     436     579     
890313 SGMR 109      59      85     180     231     361     499     611     
890314 SGMR 818     567     149     189     246     331     392     740     
890315 SGMR 287     211     143     202     277     395     476     588     
890316 SGMR  91      96     119     226     286     373     459     616     
890317 SGMR  36      48      96     183     219     292     377     587     
890318 SGMR  24      46      95     176     212     278     364     552     
890319 SGMR  20      45      91     196     205     265     344     556     
890320 SGMR  21      42      82     168     198     259     334     563     
890321 SGMR  45      51      87     175     211     279     345     544     
890322 SGMR  69      53      82     164     200     267     329     540     
890323 SGMR 247      84      76     160     196     252     312     539     
890324 SGMR                         155     194     248     313             
890325 SGMR  35      42      68     139     175     219     289     491     
890326 SGMR  19      35      74     126     154     201     281     527     
890327 SGMR  22      34      67     125     147     201     282     529     
890328 SGMR  18      35      66     122     139     187     279     517     
890329 SGMR  24      38      73     124     142     192     286     520     
890330 SGMR  53      47      70     123     150             279     481     
890331 SGMR  73      54      77     130     152     210     302     506     
890401 SGMR  55      54      81     130     158     211     298     524     
890402 SGMR  36      45      79     137     164     222     306     529     
890403 SGMR  50      50             147     173     231     309     501     
890404 SGMR  68      47      69     152     174     223     301     453     
890405 SGMR  25      43      72     158     181     228     310     511     
890406 SGMR          78             164     178     215     294     502     
890407 SGMR  28      49      84     161     184     228     314     534     
890408 SGMR  21      46      89     166     185     231     313     522     
890409 SGMR  44      47      85     159     174     223     300     523     
890410 SGMR  20      44      86     152     166     210     297     512     
890411 SGMR  20      45      93     151     166     207     295     526     
890412 SGMR  22      46      85     151     164     204     295     521     
890413 SGMR  79      52      82     153     171     219     311     534     
890414 SGMR  59      45      94     152     177     228     320     532     
890415 SGMR  69      49      89     151     181     230     314     524     
890416 SGMR          66      91     152     179     206     269     465     
890417 SGMR                  91     155     188     242     322     537     
890418 SGMR  52      50      88     151     187     232     314     528     
890419 SGMR  82      46      82     152     185     232     315     449     
890420 SGMR  86      44      83     145     176     226     312     531     
890421 SGMR  24      38      78     143     178     231     315     535     
890422 SGMR  33      42      73     142     172     224     311     530     
890423 SGMR  42      42      87     148     179     231     315     534     
890424 SGMR  34      45      79     139     169     222     312     534     
890425 SGMR  25      35      69     126     160     218     305     531     
890426 SGMR  28      35      74     124     159     211     293     528     
890427 SGMR  25      34      64     124     168     219     302     528     
890428 SGMR  16      35      72     129     162     218     303     522     
890429 SGMR  19      35      80     133     170     220     303     523     
890430 SGMR  15      15      23     131     161     209     297     476     
890501 SGMR  17      16      28     152     160     211     308     522     
890502 SGMR  21      34      73     141     168     207     281     405     
890503 SGMR  21      40      61     145     170     233     302     529     
890504 SGMR  17      37      77     139     175     236     334     545     
890505 SGMR  28      38      78     140     170     234     325     544     
890506 SGMR  17      39      85     152     194     259     356     575     
890507 SGMR  31      45      94     150     181     236     312     548     
890508 SGMR  17      42      86     166     197     248     354     536     
890509 SGMR  19      44      89     161     192     240     352     545     
890510 SGMR  18      38      80     162     188     225     338     525     
890511 SGMR  22      39      88     163     184     218     322     496     
890512 SGMR  18      39      79     166     178     218     327     527     
890513 SGMR  22      40      82     163     178     224     337     490     
890514 SGMR  22      40      81     161     177     219     329     531     
890515 SGMR  20      41      77     156     177     219     312     514     
890516 SGMR  21      39      73     152     169     214     330     512     
890517 SGMR  21      39      71     146     166     209     311     527     
890518 SGMR  19      40      68     143     167     210     312     527     
890519 SGMR  26      37      72     139     168     220     317     524     
890520 SGMR  25      37      68     143     182     243     333     531     
890521 SGMR  32      40      75     146     195     257     351     535     
890522 SGMR  30      37      71     139     183     241     332             
890523 SGMR  32      37      66     137     187     251     348     542     
890524 SGMR  22      36      64     126     182     256     340     512     
890525 SGMR  31      37      63     119     182     253     353     550     
890526 SGMR  24      38      66             164     230     355     527     
890527 SGMR  18      34      66     122     158     219     325     526     
890528 SGMR  21      35      67     120     152     211     318     522     
890529 SGMR  19      36      71     118     156     208     315     530     
890530 SGMR  24      35      68     129     157     206     319     522     
890531 SGMR  21      37      71     135     172     225     332     528     
890601 SGMR  21      36      68     127     175     231     336     525     
890602 SGMR  23      38      71     143     190     254     353     546     
890603 SGMR  27      38      71     144     192     264     376     557     
890604 SGMR  19      37      78     144     199     262     368     543     
890605 SGMR  18      40      76     152     187     251     358     548     
890606 SGMR  21      38      75     154     184     224     312     472     
890607 SGMR  19      39      80     155     182     239     345     530     
890608 SGMR  34      47      83     160     183     211     303     570     
890609 SGMR  32      43      84     172     212     279     377     544     
890610 SGMR  60      50      88     179     224     303     391     549     
890611 SGMR  55      58      93     186     240     311     377     554     
890612 SGMR          66      83     193     257     347     428     550     
890613 SGMR 167      70      80     203     274     348     399     520     
890614 SGMR          76      91     203     284     400     486     579     
890615 SGMR  42      59      86     213     299     422     513     555     
890616 SGMR                 112     213     291     405     492     555     
890617 SGMR          64      95     234     302     411     506     569     
890618 SGMR  55      49      82     181     243     312     399     555     
890619 SGMR  60      48      80     177     234     307     392     548     
890620 SGMR  35      45      78     186     244     320     410     575     
890621 SGMR  24      37      75     162     213     286     384     558     
890622 SGMR  18      36      71     160     212     267     361     551     
890623 SGMR  42      40      72     161     211     272     372     546     
890624 SGMR  33      53     113     164     204     264     362     530     
890625 SGMR  46      37      74     157     200     250     343     525     
890626 SGMR          44      75     166     211     251     333             
890627 SGMR  37      40      72     155     203     250     340     521     
890628 SGMR  18      38      75     159     204     264     347     519     
890629 SGMR  24      39      75     154     195     254     350     536     
890630 SGMR  20      40      73     142     190     248     349     539     
890701 SGMR  16      40      71     143     176     230     337     529     
890702 SGMR  18      36      69     136     170     222     322     527     
890703 SGMR  18      41      77     143     175     226     330     529     
890704 SGMR  17      40      75     143     169     218     319     529     
890705 SGMR  18      38      79     140     166     199     286     517     
890706 SGMR  21      35      62     130     171     217     324     470     
890707 SGMR  33      40      78                                     518     
890708 SGMR  18      40      81     136     181     207     320     529     
890709 SGMR  19      40      82     139     180     207     315     527     
890710 SGMR  21      40      86     137     179     207     317     515     
890711 SGMR  19      42      82     137     184     212     343     538     
890712 SGMR  19      41      83     139             211     323     537     
890713 SGMR  20      39      80     144     182     220     331     528     
890714 SGMR  24      42      84     128     170     210     277     545     
890715 SGMR  22      67      82     124     171     201     240     544     
890716 SGMR  23      41      78     109     172     194     228     534     
890717 SGMR  21      47      77     122     172     198     240     506     
890718 SGMR  19      32      76     131     178     222     279     604     
890719 SGMR  22      39      78             183     219     278             
890720 SGMR  20      38      78     126     176     219     299     582     
890721 SGMR  20      37      75     123     178     219     272     585     
890722 SGMR  19      36      72     127     189     230     279     592     
890723 SGMR  22      37      70     120     190     229     276     592     
890724 SGMR  27      40      72     123     181     226     275     591     
890725 SGMR  26      40      71     117     169     211     272     578     
890726 SGMR  24      40      71     113     165     205     262     605     
890727 SGMR  22      36      66     106     159     206     292     599     
890728 SGMR  18      35      67      99     160     212     303     604     
890729 SGMR  18      38      69     113     164     224     290     614     
890730 SGMR  16      38      69     144     173     227     287     607     
890731 SGMR  15      38      73     119     176     226     286     557     
890801 SGMR  18      37      76     128     186     237     292             
890802 SGMR  24      39      78     129     192     244     298     564     
890803 SGMR  27      43      80     136     200     255     302     571     
890804 SGMR  25      42      81     142     213     258     300     567     
890805 SGMR  31      45      88     149     233     273     308     569     
890806 SGMR  26      46      87     147     230     284     325     575     
890807 SGMR  79      57      92     152     228     283     321     587     
890808 SGMR  87      69      92     151     228     274     310     590     
890809 SGMR 663     159     125     156     221     278     333     588     
890810 SGMR                 122     153     216     269     328     592     
890811 SGMR          60      90     157     226     285     340     544     
890812 SGMR          55      97     184     282     296     310     602     
890813 SGMR  34      42      83     158     248     315     353     527     
890814 SGMR  40      44      87     166     258     331     377             
890815 SGMR  28      44      90     168     281     373     394     619     
890816 SGMR  25      43      87     159     245     332     349             
890817 SGMR  59      50      89     161     255     320     330     581     
890818 SGMR  30      50      85     153     241     305     313     582     
890819 SGMR  16      40      81     156     242     286     301     567     
890820 SGMR  92      63      90     142     224     275     306     568     
890821 SGMR  41      48      78     136     211     253     299             
890822 SGMR  28      44      78     130     195     242     296     577     
890823 SGMR  38      36      76     122     181     231     294     574     
890824 SGMR  37      41      80     116     177     218     270     576     
890825 SGMR  18      40      75     108     155     196     263     554     
890826 SGMR  19      39      74     109     151     195     265     558     
890827 SGMR  17      37      72     108     152     190     260     554     
890828 SGMR  36      41      78     118     165     210     278     562     
890829 SGMR  35      41      99     128     183     237     310     578     
890830 SGMR  18      42      80     130     186     236     304             
890831 SGMR  41      54      87                                     552     
890901 SGMR  16      81      97     153     226     286     344     610     
890902 SGMR  36      47      84     146     219     299     353     590     
890903 SGMR  46      67     109     154     248     345     401     630     
890904 SGMR  20      71      96     168     263     349     379     607     
890905 SGMR  22      40      85     166     260     341     366     595     
890906 SGMR  30      43      86     172     277     358     361     602     
890907 SGMR  23      48      98     174     287     357     362     598     
890908 SGMR  22      49      95     173     289     352     350     595     
890909 SGMR  22      44      94     178     289     342     350     586     
890910 SGMR  87      63      95     177     289     325     339     585     
890911 SGMR  39      48      87     174     277     308     324     579     
890912 SGMR  41      49      88                                     599     
890913 SGMR  32      47      85     156     233     257     300     572     
890914 SGMR  30      43      86     150     214     257     301     568     
890915 SGMR  25      41      81     144     216     257     304     556     
890916 SGMR  38      44      81     141     223     292     332     576     
890917 SGMR  23      40      76     127     201     260     309     543     
890918 SGMR  23      45      77     122     193     260     311     565     
890919 SGMR  20      40      70     123     202     257     324     521     
890920 SGMR  17      35      65     105     158     209     266     432     
890921 SGMR  17      35      65      99     151     215     291     542     
890922 SGMR  30      35      64      99     152     212     291     557     
890923 SGMR  19      33      61     100     151     207     291     555     
890924 SGMR  20      35      64      99     150     214     299     568     
890925 SGMR  15      34      67     102     157     215     294             
890926 SGMR  17      37      67     112     182     236     291     557     
890927 SGMR  31      45      82     118     188     250     315     622     
890928 SGMR  20      38      73     124     182     223     285     600     
890929 SGMR  15      38      76     133     204     237     292     608     
890930 SGMR  16      39      81     130     190     223     278     611     
891001 SGMR  15      40      80     134     187     221     277     601     
891002 SGMR                                                                 
891003 SGMR  26      42      84                                     617     
891004 SGMR  20      44      92     162     232     272     314     651     
891005 SGMR  20      43      88     161     220     255     302     641     
891006 SGMR  19      42      88     157     213     239     287     620     
891007 SGMR  22      42      86     157     215     246     291     626     
891008 SGMR  17      43      87     153     202     231     277     631     
891009 SGMR  21      43      86     148     195     230     284     659     
891010 SGMR  14      40      83     139     187     220     280     644     
891011 SGMR  22      46      80     141     195     224     295     635     
891012 SGMR  26      45      84     138     186     234     287     626     
891013 SGMR  25      43      76     141     207     251     301     628     
891014 SGMR  45      45      78     138     204     257     302     623     
891015 SGMR  27      45      80     143     214     261     309     621     
891016 SGMR  21      41      74     143     218     270     327     637     
891017 SGMR  25      43      77     140     207     234     260     563     
891018 SGMR  85      57      80     142     213     251     305     616     
891019 SGMR 156      89     112     150     227     271     323     664     
891020 SGMR  53      36      66             199     242     297     631     
891021 SGMR  16      37      71     128     199     252     298     693     
891022 SGMR  18      41      74     137     221     275     317     700     
891023 SGMR  16      36      69     124     204     271     311     581     
891024 SGMR  19      39      72     126     202     257     304             
891025 SGMR  18      38      67     114     176     229     282     525     
891026 SGMR  21      37      68     110     163     209     270     514     
891027 SGMR  19      36      69     114     161     205     269     512     
891028 SGMR  23      38      70     114     161     205     272     514     
891029 SGMR  23      40      71     116     167     206     266     511     
891030 SGMR  31      40      73     123     166     223     272     572     
891031 SGMR  29      39      73     129     194     240     280     552     
891101 SGMR  35      45      77     135     199     239     272     578     
891102 SGMR  34      42      76     136     203     251     288     575     
891103 SGMR          38      71     136     201     226     253     477     
891104 SGMR  21      39      75     137     211     252     293     578     
891105 SGMR  24      44      81     140     219     255     295     576     
891106 SGMR 105      48      80     152     240     281     304     573     
891107 SGMR  36      44      80     155     257     289     307     593     
891108 SGMR  22      40      77     162     252     283     312     566     
891109 SGMR  20      43      76     158     247     265     291     550     
891110 SGMR  25      45      78     149     234     283     322     595     
891111 SGMR  22      43      80     152     234     275     309     592     
891112 SGMR  33      52      85     153     242     275     306     589     
891113 SGMR  24      48      84     147     226     267     306     573     
891114 SGMR  18      41      77     144     227     273     317     588     
891115 SGMR  19      43      80     140     211     254     311     569     
891116 SGMR          45      78     142     203     234     297     558     
891117 SGMR  17      41      79     139     207     243     310     588     
891118 SGMR                                                                 
891119 SGMR  69      54      86     141     212     261     324     581     
891120 SGMR                                                                 
891121 SGMR                                                                 
891122 SGMR                                                                 
891123 SGMR                                                                 
891124 SGMR                                                                 
891125 SGMR                                                                 
891126 SGMR                                                                 
891127 SGMR                                                                 
891128 SGMR                                                                 
891129 SGMR                                                                 
891130 SGMR                                                                 
891201 SGMR                                                                 
891202 SGMR                                                                 
891203 SGMR                                                                 
891204 SGMR                                                                 
891205 SGMR                                                                 
891206 SGMR                                                                 
891207 SGMR                                                                 
891208 SGMR                                                                 
891209 SGMR                                                                 
891210 SGMR                                                                 
891211 SGMR                                                                 
891212 SGMR                                                                 
891213 SGMR                                                                 
891214 SGMR          41      82     112     154     200     283     556     
891215 SGMR  17      52      69     116     157     205     282     546     
891216 SGMR  17      40      77     115     161     198     279     549     
891217 SGMR  39      45      79     120     172     214     275     546     
891218 SGMR  27      46      83     122     175     222     293     558     
891219 SGMR  23      49      85     124     179     226     298     558     
891220 SGMR  24      50      86     126     178     225     295     562     
891221 SGMR  20      50      86     129     182     231     299     563     
891222 SGMR  43      47      90     134     201     248     310     574     
891223 SGMR  20      50      92     141     208     252     310     570     
891224 SGMR  22      50      89     147     221     281     328     585     
891225 SGMR  30      50      94     160     242     301     338     572     
891226 SGMR  44      53      95     161     242     316     361     600     
891227 SGMR  44      59     102     177     271     337     377     628     
891228 SGMR  47      60     101     167     251     316     362     594     
891229 SGMR  38      59     102     171     261     317     323     612     
891230 SGMR  28      54      98     171     255     307     352     579     
891231 SGMR  25      50      86     159     241     272     319     511     
 
