800101 SGMR          40             149     200     209     405     565         
800102 SGMR          41             164     209     215     417     571         
800103 SGMR          44             170     230     222     406     575         
800104 SGMR          48             177     241     223     410     575         
800105 SGMR          48             181     224     214     391     541         
800106 SGMR  51      54     119     192     242     233     426     595         
800107 SGMR  41      51     111     196     238     311     413     571         
800108 SGMR          49             192     246     240     429     592         
800109 SGMR          50             198     256     256     428     589         
800110 SGMR          54             198     270     270     446     596         
800111 SGMR          52             199     269     267     433     577         
800112 SGMR          46             199                             596         
800113 SGMR  24      48     106     170     229     246     394                 
800114 SGMR          42             167     214     211     362     574         
800115 SGMR          49             161     207     191     368     567         
800116 SGMR          45             157     206     195     373     569         
800117 SGMR          44             153     199     195     355     537         
800118 SGMR          43             144     187     182     346     551         
800119 SGMR          42             131     160     175     338     557         
800120 SGMR          39             131     165     159     344     593         
800121 SGMR          41             125     153     171     354     567         
800122 SGMR          39             128     175     186     354     572         
800123 SGMR          43             130     185     193     361     554         
800124 SGMR          86                                             586         
800125 SGMR          45             130     193     209     392     584         
800126 SGMR          47             143     191     215     393     582         
800127 SGMR          49             143     210     223     413     616         
800128 SGMR                         145     203     223     402     598         
800129 SGMR          31             145     207     221     416     587         
800130 SGMR          46             152     205     221     395     572         
800131 SGMR          49             176     240     245     412     505         
800132 SGMR  39      47     112     162     212     200     392     574         
800201 SGMR          46             162     217     237     395     580         
800202 SGMR          51             170     227     241     402     578         
800203 SGMR          66             179     234     248     414     581         
800204 SGMR          47             171     237     267     429     591         
800205 SGMR          44             160     226     246     427     579         
800206 SGMR          54             167     223     231     429     592         
800207 SGMR  21      32             163     226     250     411     583         
800208 SGMR  27      48             164     220     241     414     553         
800209 SGMR  48      61             161     210     231     403     579         
800210 SGMR          75             161     218     245     419     589         
800211 SGMR          84             151     209     261     420     593         
800212 SGMR          49             150     220     246     420     584         
800213 SGMR          59             157     218     243     410     590         
800214 SGMR          47             150     203     218     376     569         
800215 SGMR                                                                     
800216 SGMR          44             150     199     212     367     557         
800217 SGMR          47             143     196     201     371     565         
800218 SGMR          44             138     179     191     371     533         
800219 SGMR          38             136     185     193     365     573         
800220 SGMR          41             131     175     187     358     569         
800221 SGMR  24      42             127     170     190     358     563         
800222 SGMR          52             127     170     184     357     555         
800223 SGMR          41             120     158     176     348     562         
800224 SGMR          42             118     154     175     335     528         
800225 SGMR                                                                     
800226 SGMR          48             133     176     198     371     585         
800227 SGMR          43             146     175     186     410     576         
800228 SGMR          38             146     184     189     366     580         
800229 SGMR          46             155     187     197     372     582         
800232 SGMR  30      49             150     199     217     389     573         
800301 SGMR          46             144     184     193     371     599         
800302 SGMR                                                                     
800303 SGMR                                                                     
800304 SGMR          42             151     182     197     379     537         
800305 SGMR          39             147     177     191     364     567         
800306 SGMR          41             141     176     192     372     577         
800307 SGMR          42             131     166     187     358     552         
800308 SGMR          38             133     160     186     339     484         
800309 SGMR                                                                     
800310 SGMR          40             126     157     180     360     559         
800311 SGMR          41             128                             545         
800312 SGMR          41             120                             579         
800313 SGMR          41             121     147     166     355     533         
800314 SGMR          37             125     141     162     331     491         
800315 SGMR          32             117     140     159     345     554         
800316 SGMR          40             122     137     165     342     568         
800317 SGMR          36             124     143     164     359     546         
800318 SGMR          40             131     170     194     341     574         
800319 SGMR                                                                     
800320 SGMR          36             126     160     181     331     561         
800321 SGMR                                                         529         
800322 SGMR                                                         538         
800323 SGMR          40             134     173     189     344     575         
800324 SGMR          38             139     177     195     377     564         
800325 SGMR          43             155     176     192     342     551         
800326 SGMR          43             151     184     195     351     575         
800327 SGMR          42             171     208     217     388     582         
800328 SGMR          42             167     201     221     393     580         
800329 SGMR          49             155     194     213     358     558         
800330 SGMR          42             155     197     217     361     557         
800331 SGMR          45             146     190     205     363     563         
800332 SGMR          40             138     171     189     358     555         
800401 SGMR          40             142     173     200     362     517         
800402 SGMR                                                                     
800403 SGMR                                                                     
800404 SGMR                                                                     
800405 SGMR          80             154     220     255     410     526         
800406 SGMR          21             158     231     293     461     575         
800407 SGMR          58             150     242     294     448     548         
800408 SGMR                                                                     
800409 SGMR                                                                     
800410 SGMR          71             164     240     280     401     490         
800411 SGMR          58             153     244     297     417     560         
800412 SGMR                                                                     
800413 SGMR          55             157     223     254     399     544         
800414 SGMR          46             165     220     235     386     507         
800415 SGMR          43             158     206             371     521         
800416 SGMR          43             152     192     198     359     485         
800417 SGMR          40             141     188     202     375     538         
800418 SGMR          43             138     207     216     386     538         
800419 SGMR          42             140     211     229     388     537         
800420 SGMR          42             146     208     220     393     528         
800421 SGMR          46             141     198     225     406     528         
800422 SGMR          48             143     197     222     405     515         
800423 SGMR          52             140     182     208     368     516         
800424 SGMR          47             139     182     210     386     515         
800425 SGMR          48             145     183     205     396     516         
800426 SGMR          69             146     187     212     371     497         
800427 SGMR          66             141     195     227     381     516         
800428 SGMR          50             154     198     221     381     517         
800429 SGMR          45             147     179     214     329     415         
800430 SGMR          50             140                                         
800432 SGMR          54             148     205     232     390     520         
800501 SGMR          47             156     194     234     358     522         
800502 SGMR          50             144     218     237     404     526         
800503 SGMR          47             151     208     232     401     523         
800504 SGMR          64             158     217     225     406     531         
800505 SGMR          51             152     213     221     395     532         
800506 SGMR          41             151     198     205     386     533         
800507 SGMR          41             155     197     207     382     449         
800508 SGMR          38             156     191     206     365     447         
800509 SGMR          41             143     186     206     371     525         
800510 SGMR          37             146     182     193     362     513         
800511 SGMR          44             143     181     197     370     510         
800512 SGMR          32             145     180     176     361     503         
800513 SGMR          36             148                             462         
800514 SGMR                                                                     
800515 SGMR          41             148                             533         
800516 SGMR          41             140                             531         
800517 SGMR          42             135                             538         
800518 SGMR          42             157                             541         
800519 SGMR                                                                     
800520 SGMR          42             166                             564         
800521 SGMR          41             170     246     243     428     547         
800522 SGMR          47             170     258     254     406     563         
800523 SGMR          48             182     269     280     456     566         
800524 SGMR          87             188     278     283     462     560         
800525 SGMR          66             179     275     280     449     561         
800526 SGMR          74             189     261     275     440     558         
800527 SGMR          52             180     265     271     426     556         
800528 SGMR          42             167     275     282     436     551         
800529 SGMR          74             159     236     241     407     560         
800530 SGMR          43             143     215     226     390     545         
800531 SGMR          41             134     188     205     369     520         
800532 SGMR          48             157     223     233     401     530         
800601 SGMR          39             129     181     199     358     531         
800602 SGMR          41             124     175     192     344     519         
800603 SGMR          32             127     125     144     265     206         
800604 SGMR          44             125     172     197     376     526         
800605 SGMR          50             119     168     194     364     534         
800606 SGMR                                                                     
800607 SGMR          46             122     159     168     312     512         
800608 SGMR          40             126     157     160     308     415         
800609 SGMR          40             124     168     180     357     529         
800610 SGMR          39             129     174     183     354     517         
800611 SGMR          38             127     178     187     379     522         
800612 SGMR          36             132     184     188     363     535         
800613 SGMR          42             129     172     187     376     516         
800614 SGMR          43             134     177     192     359     523         
800615 SGMR          44             140     181     199     362     530         
800616 SGMR          44             133     184     200     361     535         
800617 SGMR          52             139     191     202     360     523         
800618 SGMR          48             142     194     205     355     525         
800619 SGMR          45             153     203     219     376     538         
800620 SGMR                         168     218     232     401     535         
800621 SGMR          42             166     221     225     395     529         
800622 SGMR          43             171     241     247     421     550         
800623 SGMR          43             152     236     239     382     532         
800624 SGMR          44             158     230     242     388     531         
800625 SGMR                                 233     253     399     540         
800626 SGMR          44             144     211     216     359     536         
800627 SGMR          41             136     203     220     367     530         
800628 SGMR          40             139     192     203     365     534         
800629 SGMR          49             131     177     184     319     508         
800630 SGMR                                                                     
800632 SGMR          42             138     189     202     362     513         
800701 SGMR          38             113     152     163     330     507         
800702 SGMR          32             113     148     165     284     426         
800703 SGMR                                                                     
800704 SGMR          37             101     139     159     312     507         
800705 SGMR          40             108     148     171     323     522         
800706 SGMR                                                                     
800707 SGMR          43             104     147     170     319     512         
800708 SGMR          44             112     145     170     334     502         
800709 SGMR          46             110     149     171     340     519         
800710 SGMR          51             115     159     179     343     524         
800711 SGMR                                                 337     516         
800712 SGMR          42             123     171     195     380     534         
800713 SGMR          42             134     186     206     358     524         
800714 SGMR          47             141     200     218     376     526         
800715 SGMR          44             150     206     217     374     520         
800716 SGMR          55             161     225     235     385     530         
800717 SGMR          45             171     242     243     375     543         
800718 SGMR          62             164     240     222     329     507         
800719 SGMR          77             174     243     236     380     534         
800720 SGMR          50             172     245     236     389     529         
800721 SGMR          46             165     242     223     352     533         
800722 SGMR          50             161     229     230     389     537         
800723 SGMR          46             164     226     231     403     531         
800724 SGMR          54             151     208     218     374     533         
800725 SGMR          42             144     194     209     368     529         
800726 SGMR          37             135     187     195     357     512         
800727 SGMR          39             136     177     189     350     521         
800728 SGMR          37             123     164     178     335     513         
800729 SGMR                                                                     
800730 SGMR          35             108     138     156     317     492         
800731 SGMR                                                                     
800732 SGMR          45             137     189     199     352     518         
800801 SGMR          33              95     126     145     289     491         
800802 SGMR          36              95     126     135     251     499         
800803 SGMR          32             104     128     148     280     493         
800804 SGMR          37              97     131     149     309     490         
800805 SGMR          30              92     126     146     300     492         
800806 SGMR          40             102     130     162     335     503         
800807 SGMR          44              95     135     161     318     501         
800808 SGMR          35             102     142     156     287     475         
800809 SGMR          42             108     147     169     323     500         
800810 SGMR  19      43             125     171     182     334     510         
800811 SGMR          37             130     179     191     335     463         
800812 SGMR          42             144     181     188     318     509         
800813 SGMR          49             132     188     199     339     519         
800814 SGMR          45             142     190     193     350     531         
800815 SGMR                                                                     
800816 SGMR                                                                     
800817 SGMR          51             156     207     194     322     542         
800818 SGMR                                                                     
800819 SGMR          41             135     199     195     353     488         
800820 SGMR          39             137     190     186     313     499         
800821 SGMR          42             140     192     205     355     526         
800822 SGMR          44             132     173     192     352     509         
800823 SGMR                                                                     
800824 SGMR          41             107     159     183     339     521         
800825 SGMR          44             105     150     168     328     518         
800826 SGMR          46             107     155     166     299     510         
800827 SGMR          41                     148     182     347     502         
800828 SGMR          45             102     162     184     343     505         
800829 SGMR          42             115     174     194     349     507         
800830 SGMR          47             118     187     211     369     509         
800831 SGMR          38             141     208     229     378     517         
800832 SGMR  19      40             118     163     178     326     505         
800901 SGMR                                                                     
800902 SGMR          39             148     221     242     372     518         
800903 SGMR  28      39      86     142     223     242     378     530         
800904 SGMR          42             142     220     224     376     520         
800905 SGMR          42             150     227     215     359     501         
800906 SGMR          39             129     209     208     346     515         
800907 SGMR          38     114     134     195     198     348     535         
800908 SGMR          38             134     195     198     348     535         
800909 SGMR          42             134     190     193     346     527         
800910 SGMR          49             129     185     195     340     528         
800911 SGMR          59             134     187     173             524         
800912 SGMR          40             127     179     188     329     515         
800913 SGMR          39             132     173     187     346     508         
800914 SGMR          42             131     162     175     341     495         
800915 SGMR  19      40      95     128     161     175     325     510         
800916 SGMR  17      39      89     129     169     174     331     518         
800917 SGMR          38             124     157     171     321     502         
800918 SGMR          40             113     155     166     321     499         
800919 SGMR          39             115     164     182     328     518         
800920 SGMR  19      38     100     123     170     186     347     515         
800921 SGMR                                                                     
800922 SGMR          39             118     174     190     348     517         
800923 SGMR          46             129     188     202     341     513         
800924 SGMR          35             127     194     205     363     534         
800925 SGMR          41             133     184     195     342     528         
800926 SGMR          37             134     177     201     376     514         
800927 SGMR          38             137     182     228     363     531         
800928 SGMR          38             140     185     195     348     528         
800929 SGMR          41             134     183     190     367     526         
800930 SGMR                                                                     
800932 SGMR  21      40      97     131     186     196     348     519         
801001 SGMR          39             131     174     182     327     515         
801002 SGMR                         132     165     176     325     508         
801003 SGMR          36             138     171     184     332     473         
801004 SGMR          37             139     178     186     341     526         
801005 SGMR          35             135     182     189     342     521         
801006 SGMR          41             143     194     209     384     519         
801007 SGMR          41             141     194     217     391     498         
801008 SGMR          43             147     215     238     385     525         
801009 SGMR          39             148     218     247     382     534         
801010 SGMR          52             151     226     249     378     536         
801011 SGMR          47             168     233     249     378     480         
801012 SGMR  26      52             171     254     280     415     547         
801013 SGMR          57             170     245     276     436     536         
801014 SGMR                                                                     
801015 SGMR          74             163     232     253     417     554         
801016 SGMR                                                                     
801017 SGMR                                                                     
801018 SGMR          40             142     191     225     363     492         
801019 SGMR          43             138     194     231     404     534         
801020 SGMR          40             134     197     232     366     532         
801021 SGMR          40             138     196     220     368     484         
801022 SGMR          35             130     195     223     389     521         
801023 SGMR          43             131     192     218     367     528         
801024 SGMR          45             126     182     208     376     522         
801025 SGMR          38             126     177     205     369     534         
801026 SGMR                                                         522         
801027 SGMR          39             124     176     199     374     523         
801028 SGMR          38             134     176     196     362     467         
801029 SGMR          39             133     180     199     370     533         
801030 SGMR          40             141     197     216     389     539         
801031 SGMR          44             145     203     220     384     536         
801032 SGMR  26      42             141     198     219     375     519         
801101 SGMR          56             159     223     244     414     543         
801102 SGMR          61             160     226     249     419     542         
801103 SGMR          52             158     238     255     429     543         
801104 SGMR          48             167     249     272     387     541         
801105 SGMR          51             166     254     294     414     557         
801106 SGMR          50             175     289     341     487     587         
801107 SGMR          36             165     268     311     425     546         
801108 SGMR                                                                     
801109 SGMR          51             172     243     289     426     537         
801110 SGMR          46             165     242     323     440     535         
801111 SGMR          46             167                             569         
801112 SGMR          44             159     240     278     433     545         
801113 SGMR          51             146     217     269     424     541         
801114 SGMR          47             148     211     257     406     531         
801115 SGMR                                                                     
801116 SGMR          42             132     185     219     361     522         
801117 SGMR          41             132     173     207     350     520         
801118 SGMR          39             122     163     195             470         
801119 SGMR          40             127     160     196     348     516         
801120 SGMR                                                                     
801121 SGMR          38             127     152     177     324     500         
801122 SGMR          42             127     149     191     335     523         
801123 SGMR          40             127     149     175     333     518         
801124 SGMR          38             129     155     179     323     486         
801125 SGMR          39             126     163     192     336     505         
801126 SGMR          42             134                             542         
801127 SGMR          40             132     177     200     352     528         
801128 SGMR          40             143     173     192     309     398         
801129 SGMR          42             153     194     219     369     529         
801130 SGMR          61             159     202     231     373     513         
801132 SGMR          45             147     204     238     384     525         
801201 SGMR          46             157     212     230     366     521         
801202 SGMR                                                                     
801203 SGMR                                                                     
801204 SGMR                                                                     
801205 SGMR                                                                     
801206 SGMR                                                                     
801207 SGMR                                                                     
801208 SGMR          39             133     160     190     332     508         
801209 SGMR          40             134     174     195     350     507         
801210 SGMR          40             138     167     185     339     500         
801211 SGMR  20      46     142     150     213     223     395     540         
801212 SGMR  39      47     137     158     231     270     417     553         
801213 SGMR  23                                                                 
801214 SGMR  28      42     116     167     239     290     422     537         
801215 SGMR  29      56     137     183     252     275     421     533         
801216 SGMR  29      56     137     183     252     275     421     533         
801217 SGMR  79      46     123     172     250     256     413     543         
801218 SGMR  34      50     126     181     244     260     399     512         
801219 SGMR  23      37     130     173     224     224     383     525         
801220 SGMR  29      53     112     171     228     230     393     532         
801221 SGMR  23      38     121     164     220     230     384     532         
801222 SGMR                                                                     
801223 SGMR  23      45     119     167     205     223     372     513         
801224 SGMR                                                                     
801225 SGMR   4      12     158     170                             530         
801226 SGMR                                                                     
801227 SGMR  11      65     122     160     216     239     387     525         
801228 SGMR  26      52     128     172     231     248     393     520         
801229 SGMR  20      40     122     163     215     228     374     513         
801230 SGMR  21      41     122     163     201     208     363     519         
801231 SGMR  20      48     120     155                             511         
801232 SGMR  38      49     128     163     218     235     385     524         

