840101 SGMR  15      30      75      74      83     114     268     529         
840102 SGMR  14      30      71      78      81     118     277     560         
840103 SGMR  14      29      72      77      86     112     267     561         
840104 SGMR  15      28      71      79      86     119     272     565         
840105 SGMR  14      28      67      84      84     111     267     571         
840106 SGMR  14      28      62      81      85     110     272     542         
840107 SGMR  14      28      69      74      83     109     256     551         
840108 SGMR  16      29      65      85      82     116     281     574         
840109 SGMR  15      32      77      82      90     119     274     577         
840110 SGMR  15      29      71      80      96     108     257     554         
840111 SGMR  14      29      69      80      96     119     289     583         
840112 SGMR  27      32      75      84     102     131     296     586         
840113 SGMR  26      34      71      83     104     131     291     570         
840114 SGMR  57      49      68      80      96     123     283     467         
840115 SGMR  25      34      66      82      93     122     283     577         
840116 SGMR  31      28      66      83      91     123     290     591         
840117 SGMR                                                                     
840118 SGMR  14      27      70      80      92     119     282     568         
840119 SGMR  14      27      69      77      87     116     278     583         
840120 SGMR  20      36      73      85      98     132     300     589         
840121 SGMR                                                                     
840122 SGMR  14      32      64      85     104     136     295     536         
840123 SGMR  20      32      68      87     104     142     300     591         
840124 SGMR                                                                     
840125 SGMR  27      37      77     113     131     179     344     592         
840126 SGMR  47      68      99     114     167     217     381     625         
840127 SGMR  60      59      94     122     161     235     390     595         
840128 SGMR  54      47      96     117     164     223     393     621         
840129 SGMR  19      62     109     123     169     241     428     625         
840130 SGMR  33      38      87     115     161     220     392     507         
840131 SGMR  88      44      59     108     155     186     324     593         
840132 SGMR  33      35      74      90     108     143     305     571         
840201 SGMR  39      42      88     111     149     209     378     628         
840202 SGMR  59      55      90     108     144     187     368     634         
840203 SGMR  14      34      82      99     125     158     335     608         
840204 SGMR  23      33      79     101     123     137     265     382         
840205 SGMR  17      30      73      93     111     137     281     493         
840206 SGMR  15      30      74      97     116     130     300     597         
840207 SGMR  14      32      77      96     112     143     302     596         
840208 SGMR                                                                     
840209 SGMR  39      46      89     110     132     168     337     615         
840210 SGMR  37      44      84     106     135     179     334     609         
840211 SGMR  38      33      81     112     140     165     326     606         
840212 SGMR  17      38      82     108     130     161     306     609         
840213 SGMR  16      31      77     103     120     151     299     598         
840214 SGMR  13      31      77     104     119     143     306     567         
840215 SGMR  16      29      68      94     108     126     286     533         
840216 SGMR  15      29      69      97     113     129     274     513         
840217 SGMR  14      31      76      94     104     139     309     569         
840218 SGMR  13      28      60      96     109     145     312     576         
840219 SGMR  14      31      77      98     121     165     320     614         
840220 SGMR  18      34      79     107     125     178     330     611         
840221 SGMR  17      30      82     110     133     164     344     608         
840222 SGMR  16      33      85     121     141     172     326     617         
840223 SGMR  16      34      88     132     150     202     328     618         
840224 SGMR  28      34      86     135     158     187     328     568         
840225 SGMR                                                                     
840226 SGMR                                                                     
840227 SGMR                                                                     
840228 SGMR                                                                     
840229 SGMR                                                                     
840232 SGMR  22      34      79     106     127     159     317     581         
840301 SGMR  24      34      87     113     136     160     326     622         
840302 SGMR  24      35      82     112     133     151     320     622         
840303 SGMR  15      32      80     106     125     135     314     603         
840304 SGMR  15      31      82     102     116     132     301     607         
840305 SGMR  13      32      82      96     108     131     299     595         
840306 SGMR  13      31      82      98     108     128     281     577         
840307 SGMR  13      31      77      96     102     124     281     599         
840308 SGMR                                                                     
840309 SGMR                                                                     
840310 SGMR  34      36      86      93      91     120     286     597         
840311 SGMR  14      30      69      89      89     121     285     592         
840312 SGMR  14      29      66      91     104     130     294     601         
840313 SGMR  15      32      79      92     108     133     305     588         
840314 SGMR  19      32      81     105     129     122     273     546         
840315 SGMR  16      33      85     106     119     144     300     600         
840316 SGMR  21      34      84     110     113     151     298     602         
840317 SGMR  19      34      76     103     121     146     302     582         
840318 SGMR  17      32      85     109     115     134     305     586         
840319 SGMR                         110     113     114     261     562         
840320 SGMR                  85     116             135     300     591         
840321 SGMR  13      34      85     114     114     133     290     443         
840322 SGMR  12      33      83     119     107     138     288     592         
840323 SGMR  12      31      83     111      98     133     289     589         
840324 SGMR  13      32      82     109     105     134     295     589         
840325 SGMR  12      29      82     102     108     131     284     591         
840326 SGMR  11      41      72     110     115     142     302     600         
840327 SGMR  22      37      88     118     123     164     320     621         
840328 SGMR  14      30      83     108     123     163     313     493         
840329 SGMR                                                                     
840330 SGMR  23      38      55     102     119     142     217     613         
840331 SGMR  17      33      79     112     125     164     317     614         
840332 SGMR  17      32      80     105     114     137     295     586         
840401 SGMR  34      35      78     106     117     159     310     610         
840402 SGMR  79      65      92     116     136     167     321     618         
840403 SGMR  93      62      96     107     135     154     305     605         
840404 SGMR                                                                     
840405 SGMR  72      43      88     101     125     138     298     596         
840406 SGMR   7      43      84     101     109     144     291     605         
840407 SGMR  22      34      75      92     110     139     281     575         
840408 SGMR  16      33      80      90      93     116     273     576         
840409 SGMR  17      33      74      84      96     119     285     589         
840410 SGMR                                                                     
840411 SGMR                                                                     
840412 SGMR  17      33      80      91     106     131     294     592         
840413 SGMR  27      33      80      91     110     130     297     600         
840414 SGMR  32      34      80      89     110     132     295     596         
840415 SGMR  59      53      63     100     120     134     296     579         
840416 SGMR                                                                     
840417 SGMR  53      35      79      99     131     151     287     597         
840418 SGMR  42      36      82      98     124     144     297     599         
840419 SGMR  15      35      71     100     112     135     296     569         
840420 SGMR  15      31      70     103     131     149     307     591         
840421 SGMR  34      40      72     108     128     148     313     608         
840422 SGMR  21      39      86     107     139     165     330     641         
840423 SGMR                                                                     
840424 SGMR  17      32      71     106     152     168     333     600         
840425 SGMR  19      37      86     112     150     184     349     627         
840426 SGMR  87      49      94     117     169     222     383     646         
840427 SGMR  59      46      87     133     199     242     411     646         
840428 SGMR  31      40      79     120     165     207     359     631         
840429 SGMR  42      45      80     128     204     222     381     644         
840430 SGMR                                                                     
840432 SGMR  71      40      80     104     132     158     316     606         
840501 SGMR  21      33      78     113     154     187     329     615         
840502 SGMR  14      32      80     107     138     188     334     622         
840503 SGMR  15      31      74      94     130     157     304     600         
840504 SGMR  21      36      85      92     118     157     313     606         
840505 SGMR  14      32      78      91     110     143     296     592         
840506 SGMR  14      31      75      88     117     138     279     605         
840507 SGMR  14      32      76      92     119     159     321     612         
840508 SGMR  15      34      77      92     116     168     322     584         
840509 SGMR  16      33      72      99     137     182     337     606         
840510 SGMR  14      32      80     108     134     201     344     615         
840511 SGMR  64      38      75     105     144     187     323     597         
840512 SGMR  16      31      69     103     138     176     296     534         
840513 SGMR  36      39      73     110     143     182     310     592         
840514 SGMR  47      32      78     110     143     175     322     588         
840515 SGMR  14      31      80     108     135     168     295     605         
840516 SGMR  12      29      71     102     133     157     279     602         
840517 SGMR  14      34      84     104     128     162     277     608         
840518 SGMR  15      35      84     105     130     165     310     621         
840519 SGMR  15      34      80     107     133     165     318     617         
840520 SGMR  16      33      81     110     138     162     302     604         
840521 SGMR  16      33      82     113     152     167     311     617         
840522 SGMR  18      31      82     110     127     151     292     593         
840523 SGMR  24      35      80     114     129     152     289     580         
840524 SGMR  16      31      78     109     124     149     292     592         
840525 SGMR  18      33      77     108     122     147     284     588         
840526 SGMR  13      32      68     104     116     141     277     584         
840527 SGMR  14      33      77     103     119     141     289     595         
840528 SGMR  18      37      79     102     117     142     292     571         
840529 SGMR  19      46      95     102     121     143     299     590         
840530 SGMR  18      37      76     100     120     145     284     598         
840531 SGMR  15      33      68      81      78      96     162     217         
840532 SGMR  19      33      78     103     128     159     299     585         
840601 SGMR  25      38      77      94     104     108     215     490         
840602 SGMR  14      31      67      92     107     117     223     458         
840603 SGMR  14      29      70      97     107     134     297     598         
840604 SGMR  13      29      73      95     107     130     291     595         
840605 SGMR  11      29      65      96      97     130     274     599         
840606 SGMR  14      30      75      91      98     127     292     575         
840607 SGMR  14      28      75      90      95     121     256     569         
840608 SGMR  14      29      70      84      92     118     264     577         
840609 SGMR  12      27      67      84      90     118     269     568         
840610 SGMR  14      27      67      85      92     116     262     571         
840611 SGMR  14      27      68      86      91     119     263     574         
840612 SGMR  14      30      72      85      95     120     277     552         
840613 SGMR  14      30      71      87     103     122     271     580         
840614 SGMR  15      30      77      95     120     135     284     573         
840615 SGMR                          99     126     141     294     606         
840616 SGMR                                                                     
840617 SGMR  25      32      79      99     117     134     279     593         
840618 SGMR  49      32      74      98     115     131     288     563         
840619 SGMR  18      29      69      94     119     132     278     590         
840620 SGMR  13      29      68      90     113     130     269     590         
840621 SGMR  12      31      75      90     107     126     282     591         
840622 SGMR  26      27      73      89     107     128     288     581         
840623 SGMR  14      27      66      90     112     131     283     591         
840624 SGMR  17      28      66      89     109     129     280     586         
840625 SGMR  15      30      63      87     108     105     284     568         
840626 SGMR  13      31      73      87     104     126     278     583         
840627 SGMR  13      28      67      88     108     127     281     586         
840628 SGMR  13      27      62      83     103     126     281     579         
840629 SGMR  13      29      71      85     106     128     286     578         
840630 SGMR  12      27      71      85     106     128     282     579         
840632 SGMR  16      29      70      90     105     125     275     574         
840701 SGMR  15      29      75      87     104     124     266     575         
840702 SGMR  13      29      71      87     109     123     273     574         
840703 SGMR  13      26      67      92     112     128     279     580         
840704 SGMR  14      30      75      92     112     128     286     579         
840705 SGMR  13      28      65      98     112     132     271     577         
840706 SGMR  12      26      60      94     104     125     269     571         
840707 SGMR                                                                     
840708 SGMR  13      27      61      91     107     126     271     582         
840709 SGMR  17      31      81      92     107     129     281     585         
840710 SGMR  17      29      73      88     105     126     267     579         
840711 SGMR  12      29      58      85     102     125     268     567         
840712 SGMR  13      27      70      83     100     122     261     578         
840713 SGMR  12      28      68      81      95     119     271     577         
840714 SGMR  13      28      71      83      97     120     269     576         
840715 SGMR  14      27      66      81      97     118     269     571         
840716 SGMR  13      27      72      80      91     116     254     541         
840717 SGMR  13      27      69      77      92     114     266     582         
840718 SGMR  14      27      65      72      65      86     199     374         
840719 SGMR  11      25      65      74      88     113     268     574         
840720 SGMR  12      24      61      70      87     111     254     571         
840721 SGMR  13      26      69      74      89     114     260     558         
840722 SGMR  13      25      58      73      92     116     261     570         
840723 SGMR  13      25      64      72      92     116     275     563         
840724 SGMR  12      25      63      75      89     116     267     563         
840725 SGMR  13      24      48      74      89     116     275     576         
840726 SGMR  12      25      59      71      85     115     278     570         
840727 SGMR  12      23      47      68      83      98     219     480         
840728 SGMR  11      23      57      71      87     114     260     574         
840729 SGMR  12      24      56      71      85     114     274     565         
840730 SGMR  11      23      52      72      83     111     269     564         
840731 SGMR  13      27      54      75      87     115     273     576         
840732 SGMR  13      26      64      80      95     117     265     562         
840801 SGMR  12      25      58      75      88     115     262     565         
840802 SGMR  13      26      64      74      91     119     273     569         
840803 SGMR  13      26      65      77      91     116     259     576         
840804 SGMR  11      23      56      76      88     114     271     565         
840805 SGMR  12      23      62      77      91     114     270     561         
840806 SGMR  13      25      59      80      92     119     262     576         
840807 SGMR  13      27      64      82      94     121     274     564         
840808 SGMR  12      27      63      81      97     124     268     571         
840809 SGMR  13      27      62      81      97     124     274     570         
840810 SGMR  14      27      62      81     100     124     267     572         
840811 SGMR  13      27      63      79      93     119     269     567         
840812 SGMR  12      23      60      77      91     116     270     553         
840813 SGMR  11      23      59      75      87     113     259     548         
840814 SGMR  12      27      59      75      89     115     265     554         
840815 SGMR  11      26      59      71      90     113     254     553         
840816 SGMR  12      23      58      70      90     115     253     553         
840817 SGMR  14      24      56      69      85     114     259     567         
840818 SGMR  12      23      54      65      82     111     257     569         
840819 SGMR  11      24      52      64      81     108     254     561         
840820 SGMR  12      23      50      62      80     108     253     562         
840821 SGMR  10      22      53      63      79     109     255     570         
840822 SGMR  12      25      53      65      80     108     260     568         
840823 SGMR  11      22      49      62      80     108     262     557         
840824 SGMR  12      23      54      66      84     112     251     506         
840825 SGMR  12      23      54      65      89     112     267     569         
840826 SGMR  12      23      57      72      94     117     270     568         
840827 SGMR  13      24      54      72      94     121     273     572         
840828 SGMR  12      25      54      69     107     116     267     563         
840829 SGMR  13      24      57      71      95     117     265     555         
840830 SGMR  14      26      57      74      96     121     267     558         
840831 SGMR  12      25      57      74      99     129     269     553         
840832 SGMR  12      24      58      72      90     115     264     562         
840901 SGMR  18      27      59      78     100     131     274     578         
840902 SGMR  16      25      60      76     101     127     275     574         
840903 SGMR  15      28      62      77      98     129     278     499         
840904 SGMR  14      26      60      76      94     124     272     575         
840905 SGMR  12      25      55      75      94     118     274     576         
840906 SGMR  13      22      50      73      88     114     270     569         
840907 SGMR  11      21      43      76      86     116     270     579         
840908 SGMR  12      21      47      72      88     114     268     578         
840909 SGMR  12      21      47      69      83     113     261     576         
840910 SGMR  12      21      43      69      82     111     260     568         
840911 SGMR  11      20      40      67      82     111     262     558         
840912 SGMR                          64      79     109     257     576         
840913 SGMR  13      21      44      32      79     110     266     576         
840914 SGMR  12      20      42      63      74     104     257     521         
840915 SGMR  15      19      45      59      74     106     258     550         
840916 SGMR  13      20      44      63      73     107     262     574         
840917 SGMR  13      19      43      63      74     110     263     578         
840918 SGMR  17      19      41      62      73     101     266     580         
840919 SGMR  15      19      41      62      79     107     256     570         
840920 SGMR  18      18      37      63      73     106     252     572         
840921 SGMR  11      18      36      63      75     106     258     578         
840922 SGMR  13      18      40      64      78     108     257     573         
840923 SGMR  15      20      42      60      78     108     258     574         
840924 SGMR  12      19      40      64      79     109     247     569         
840925 SGMR  10      20      42      64      78     107     253     556         
840926 SGMR  11      20      39      63      77     107     258     546         
840927 SGMR  11      22      33      64      74     107     260     579         
840928 SGMR                                                                     
840929 SGMR  12      24      55      61      75     107     262     564         
840930 SGMR  12      24      57      61      73     105     260     571         
840932 SGMR  13      21      46      66      81     111     263     567         
841001 SGMR  12      24      58      61      72      98     256     542         
841002 SGMR                                                                     
841003 SGMR  11      24      57      63      75     111     255     573         
841004 SGMR  11      25      64      64      76      98     257     583         
841005 SGMR  12      25      62      62      73     104     259     575         
841006 SGMR  13      24      61      61      71      97     261     575         
841007 SGMR  12      23      63      62      75     107     257     577         
841008 SGMR  11      24      60      61      73      96     261     566         
841009 SGMR  11      23      59      61      75     109     261     569         
841010 SGMR  11      23      57      61      74     108     260     564         
841011 SGMR  11      23      55      61      72     104     257     568         
841012 SGMR  11      22      55      60      72     104     260     574         
841013 SGMR  10      22      58      63      74     108     264     583         
841014 SGMR  10      22      59      61      73      99     264     576         
841015 SGMR  10      23      57      60      75     111     262     578         
841016 SGMR  11      23      57      62      75     110     263     578         
841017 SGMR  10      22      52      62      74     109     256     577         
841018 SGMR  10      23      57      64      74     109     263     579         
841019 SGMR  11      22      53      63      75     110     258     569         
841020 SGMR  11      23      62      63      73     108     259     576         
841021 SGMR                                                                     
841022 SGMR  11      25      59      62      75     107     257     556         
841023 SGMR  12      23      55      60      70     106     261     555         
841024 SGMR  11      23      53      57      69     104     258     550         
841025 SGMR  12      22      50      57      72     103     252     557         
841026 SGMR  11      21      44      63      67     100     247     520         
841027 SGMR  12      22      51      65      66     104     260     553         
841028 SGMR  12      22      53      60      69     103     251     554         
841029 SGMR  10      22      53      57      65     104     249     550         
841030 SGMR  11      21      49      53      66      92     261     569         
841031 SGMR  11      23      52      57      66     103     251     568         
841032 SGMR  11      22      56      61      72     104     258     566         
841101 SGMR  11      21      60      56      65      92     257     573         
841102 SGMR  11      22      56      57      67      90     260     546         
841103 SGMR  10      21      55      57      68      94     267     573         
841104 SGMR  10      21      55      58      69      98     268     575         
841105 SGMR  10      20      50      58      68      92     260     544         
841106 SGMR  10      20      56      58      67      90     261     555         
841107 SGMR  11      21      58      58      66      87     268     577         
841108 SGMR  10      22      51      59      68      94     267     574         
841109 SGMR  10      21      50      59      69      92     265     568         
841110 SGMR  14      24      52      60      72     100     268     560         
841111 SGMR   9      20      49      59      72      94     247     538         
841112 SGMR  14      22      55      59      70     107     259     563         
841113 SGMR  10      21      50      59      69      89     271     569         
841114 SGMR  10      19      60      61      69      87     272     567         
841115 SGMR  11      22      55      60      68      96     264     566         
841116 SGMR  10      23      52      60      68      95     252     571         
841117 SGMR  11      22      58      60      69      84     262     567         
841118 SGMR  10      23      53      60      69      85     266     562         
841119 SGMR  19      23      61      61      71      96     270     567         
841120 SGMR  16      24              61      72      86     271     567         
841121 SGMR  22      27      62      70      75      91     275     565         
841122 SGMR  13      23      60      66      75      92     271     569         
841123 SGMR  15      25      57      64      76     111     270     570         
841124 SGMR  14      24      57      65      78      97     257     565         
841125 SGMR  13      24      59      66      83     104     269     568         
841126 SGMR  21      27      57      66      80     104     270     563         
841127 SGMR  14      23      57      66      84     104     271     571         
841128 SGMR  13      22      48      64      77     100     263     561         
841129 SGMR  12      21      50      63      73      96     263     561         
841130 SGMR  10      50      53      63      73      98     254     568         
841132 SGMR  12      23      55      61      72      94     265     565         
841201 SGMR  13      21      58      63      72      94     269     564         
841202 SGMR  11      23      56      64      72      90     264     571         
841203 SGMR  11      22      58      74      74      90     270     552         
841204 SGMR  10      21      59      61      73     101     273     573         
841205 SGMR  10      21      53      59      69      88     267     569         
841206 SGMR  12      21      34      74      69      86     255     483         
841207 SGMR  10      21      57      60      70      97     265     568         
841208 SGMR  11      23      58      67      71      96     265     573         
841209 SGMR  10      20      49      60      70      94     261     558         
841210 SGMR  12      20      50      59              92     249     480         
841211 SGMR  45      28      54      65              94     274     559         
841212 SGMR                                                                     
841213 SGMR  12      22      58      64      74      99     266     555         
841214 SGMR  11      23      55      62      72     110     274     564         
841215 SGMR  11      23      56      62      74     106     274     543         
841216 SGMR  12      22      55      61      70     106     267     548         
841217 SGMR  12      22      61      63      72      96             563         
841218 SGMR  13      21      53      58      68      91             565         
841219 SGMR  13      22      54      61      70     105     270     547         
841220 SGMR  12      23      55      61      68      98     266     558         
841221 SGMR                                                                     
841222 SGMR  11      20              62      70     106     264     545         
841223 SGMR  12      23      54      65      67     103     271     570         
841224 SGMR                                                                     
841225 SGMR                                                 800                 
841226 SGMR                          67      70     104     267     563         
841227 SGMR                          63      69      99     277     555         
841228 SGMR                          60      73      98     271     499         
841229 SGMR                          59      69     105     257     544         
841230 SGMR                          58      68      98     273     571         
841231 SGMR                          57      68      90     273     569         
841232 SGMR  13      22      54      63      70      97     288     552         

