040101 SGMR  63      44      46      68     119     153     281     513     
040102 SGMR 118      44      42      66     115     146     256     397     
040103 SGMR  33      36      35      65     116     170     263     434     
040104 SGMR  19      32      36      67     120     177     269     477     
040105 SGMR  40      35      39      66     112     173     264     434     
040106 SGMR  22      28      36      63     112     190     311     519     
040107 SGMR  92      31      35      62     116     194     296     515     
040108 SGMR  18      29      35      62     120     186     292     514     
040109 SGMR  17      26      36      62     119     186     309     517     
040110 SGMR  17      32      38      61     116     174     298     518     
040111 SGMR 142      30      37      62     118     179     288     517     
040112 SGMR  15      28      38      65     122     180     268     512     
040113 SGMR  13      28      36      68     130     172     274     519     
040114 SGMR  11      32      42      72     124     171     321     522     
040115 SGMR  11      32      42      74     122     166     316     519     
040116 SGMR  19      31      45      76     127     163     310     509     
040117 SGMR                  52                             282     584     
040118 SGMR  30      34      46      78     119     155     261     472     
040119 SGMR  13      34      49      85     139     175     286     518     
040120 SGMR  13      33      47      83     129     173     293     521     
040121 SGMR  16      32      48      84     132     173     287     527     
040122 SGMR 353      91      49      83     122     158     273     513     
040123 SGMR  18      34      46      76     116     160     286     519     
040124 SGMR  14      31      45      71     113     156     300     514     
040125 SGMR  11      31      43      63     110     153     300     519     
040126 SGMR  10      28      39      61      94     146     270     515     
040127 SGMR  11      28      38      58      94     145     277     480     
040128 SGMR  11      27      35      53      87     135     251     493     
040129 SGMR  13      28      37      52      90     138     260     513     
040130 SGMR  16      28      35      56      95     143     265     520     
040131 SGMR  14      28      36      56      94     144     269     513     
040201 SGMR  18      28      37      58      96     146     265     516     
040202 SGMR  18      30      35      61      99     146     253     517     
040203 SGMR  17      31      36      60     102     151     265     505     
040204 SGMR  13      27      36      63     103     151     261     519     
040205 SGMR  13      27      36      62     100     149     257     511     
040206 SGMR                          63     106     154     242     215     
040207 SGMR  13      26      24      61     118     161     231     436     
040208 SGMR  11      29      40      68     121     171     311     529     
040209 SGMR  12      32      38      70     120     172     295     529     
040210 SGMR  15      32      40      70     118     169     275     517     
040211 SGMR  64      31      39      71     117     164     285     528     
040212 SGMR  21      31      42      70     115     160     286     512     
040213 SGMR  22      26      42      68     111     157     271     524     
040214 SGMR  48      36      43      68     102     155     270     523     
040215 SGMR  17      34      45      68     103     152     292     521     
040216 SGMR  14      30      40      66     102     149     280     516     
040217 SGMR  14      30      41      66      97     155     277     511     
040218 SGMR  15      29      35      63      99     151     288     504     
040219 SGMR  13      30      39      62      97     147     235     515     
040220 SGMR  16      26      40      60      97     147     235     515     
040221 SGMR  13      29      37      59      97     147     234     492     
040222 SGMR  14      29      42      63     104     156     243     489     
040223 SGMR  41      37      42      63     102     159     237     519     
040224 SGMR 163      39      41      65     110     166     244     520     
040225 SGMR  68      33      39      65     112     172     249     523     
040226 SGMR  29      34      40      67     119     186     258     528     
040227 SGMR          34      40      68     122     185     254     525     
040228 SGMR  19      29      37      68     115     179     246     524     
040229 SGMR  26      32      37      64     107     162     239     515     
040301 SGMR  14      28      37      61     100     155     235     522     
040302 SGMR  11      28      37      59     102     151     232     513     
040303 SGMR  18      29      38      58      93     138     220     520     
040304 SGMR  38      31      38      59     101     150     230     511     
040305 SGMR  26      30      39      63     108     162     238     502     
040306 SGMR  13      31      40      62     105     161     233     468     
040307 SGMR  16      32      39      63     106     152     234     525     
040308 SGMR  23      44      44      64     109     163     249     515     
040309 SGMR  13      32      44      68     112     163     254     515     
040310 SGMR                          71     118     161     237     521     
040311 SGMR  52      40      39      70     117     167     249     515     
040312 SGMR  43      31      40      69     110     159     235     501     
040313 SGMR  17      31      42      68     102     156     238     514     
040314 SGMR  14      28      39      67     108     152     235     519     
040315 SGMR  11      28      37      66     104     153     236     511     
040316 SGMR  18      32      44      70     111     160     250     515     
040317 SGMR  26      35      47      69     113     163     255     519     
040318 SGMR  21      33      41      72     122     168     252     524     
040319 SGMR  23      33      42      69     116     165     250     530     
040320 SGMR  24      32      43      71     113     162     245     529     
040321 SGMR  18      30      40      72     116     161     231     530     
040322 SGMR  13      29      42      73     124     171     258     530     
040323 SGMR  12      29      42      72     119     168     250     529     
040324 SGMR  18      30      43      77     127     164     234     536     
040325 SGMR  13      31      43      79     130     179     254     530     
040326 SGMR  10      30      42      76     127     173     245     532     
040327 SGMR  11      29      41      77     131     186     251     523     
040328 SGMR  11      30      44      76     136     183     257     527     
040329 SGMR  21      37      43      75     138     179     252     531     
040330 SGMR  34      46      57      80     136     179     258     527     
040331 SGMR  36      44      43      75     130     172     248     494     
040401 SGMR  13      28      36      70     108     129     181     438     
040402 SGMR  16      29      37      72     121     160     246     511     
040403 SGMR  10      28      38      69     111     160     242     503     
040404 SGMR  12      29      39      68     112     151     229     510     
040405 SGMR  13      28      41      67     120     160     244     526     
040406 SGMR  19      29      38      66     108     155     237     527     
040407 SGMR  11      28      39      65     105     146     219     523     
040408 SGMR  10      28      36      62      98     147     222     518     
040409 SGMR   9      28      39      59      94     142     217     517     
040410 SGMR  10      29      42      57      91     144     225     517     
040411 SGMR  10      28      36      57      95     144     227     519     
040412 SGMR  10      28      41      58      95     145     222     518     
040413 SGMR  13      27      34      59      98     139     216     479     
040414 SGMR  10      28      32      61     100     152     230     501     
040415 SGMR  16      31      41      63     104     152     236     519     
040416 SGMR  11      31      39      63      98     154     230     524     
040417 SGMR  13      28      38      64     100     146     227     526     
040418 SGMR  10      34      41      68     112     160     226     531     
040419 SGMR  17      31      43      71     115     165     221     536     
040420 SGMR  20      32      42      73     115     168     241     535     
040421 SGMR  36      55      50      73     121     167     250     528     
040422 SGMR  42      39      47      73     118     178     241     533     
040423 SGMR  14      29      41      72     124     167     246     508     
040424 SGMR  15      31      41      71     117     168     233     537     
040425 SGMR  14      30      39      69     121     175     249     540     
040426 SGMR  11      31      33      65     106     155     241     485     
040427 SGMR  13      29      39      61     100     154     230     522     
040428 SGMR  11      26      37      57      97     151     232     526     
040429 SGMR  10      27      36      57      95     145     223     518     
040430 SGMR  10      26      34      57      93     149     219     529     
040501 SGMR  26      46      44      61     101     161     229     531     
040502 SGMR  12      28      36      62     106     161     236     530     
040503 SGMR  14      28      38      58      99     152     225     508     
040504 SGMR  13      28      37      57      98     151     231     526     
040505 SGMR  13      30      37      56      95     145     226     514     
040506 SGMR  11      27      33      57      93     146     223     520     
040507 SGMR  10      29      37      55      91     140     217     522     
040508 SGMR  11      28      35      56      97     147     220     517     
040509 SGMR  13      29      38      60     100     153     236     517     
040510 SGMR  16      29      38      61      99     152     232     519     
040511 SGMR  10      28      37      60      94     140     213     520     
040512 SGMR  17      31      39      62     105     165     228     525     
040513 SGMR  16      30      40      64     110     159     236     522     
040514 SGMR  34      33      39      66     112     167     226     515     
040515 SGMR  36      36      39      70     124     171     226     530     
040516 SGMR  18      30      33      69     124     173     234     481     
040517 SGMR  14      30      38      70     118     164     228     529     
040518 SGMR  13      31      39      69     117     163     222     524     
040519 SGMR  12      28      36      66     116     166     236     531     
040520 SGMR  10      27      38      66     113     166     237     535     
040521 SGMR  11      26      37      66     114     164     233     531     
040522 SGMR  19      29      38      64     116     167     242     501     
040523 SGMR  13      27      35      65     113     164     239     515     
040524 SGMR  16      27      37      66     112     166     240     509     
040525 SGMR  27      29      36      65     113     167     243     523     
040526 SGMR  13      25      33      64     113     162     238     471     
040527 SGMR  10      26      35      62     113     156     218     528     
040528 SGMR   9      25      34      63     110     150     217     442     
040529 SGMR  10      26      34      60     109     163     238     531     
040530 SGMR  11      26      35      59     106     160     226             
040531 SGMR  13      26      34      58     102     155     228     525     
040601 SGMR  10      29      35      56      97     149     230     521     
040602 SGMR  14      26      35      56      97     150     224     519     
040603 SGMR  13      26      36      59      99     152     227     545     
040604 SGMR  10      27      36      58      93     146     226     543     
040605 SGMR  12      27      36      58      94     146     220     529     
040606 SGMR  13      27      36      59     101     148     227     520     
040607 SGMR  10      28      38      60      96     148     228     517     
040608 SGMR  10      27      36      58      91     140     220     523     
040609 SGMR  11      27      36      56      86     136     209     525     
040610 SGMR  10      27      36      56      91     136     211     522     
040611 SGMR  11      25      32      55      92     142     227     524     
040612 SGMR  26      28      32      56      94     145     224     543     
040613 SGMR  31      30      37      59      99     150     231     535     
040614 SGMR  91      35      39      62     110     159     227     479     
040615 SGMR  17      36      38      67     114     162     224     535     
040616 SGMR  31      36      40      69     120     167     237     533     
040617 SGMR  44      37      38      68     120     165     237     511     
040618 SGMR 142      38      37      68     118     177     236     477     
040619 SGMR  41      38      40      68     121     171     239     518     
040620 SGMR  40      32      40      71     131     177     239     533     
040621 SGMR  40      31      40      70     122     173     237     534     
040622 SGMR  33      33      41      74     128     164     231     524     
040623 SGMR  39      49      42      69     120     169     244     540     
040624 SGMR  13      33      39      67     120     174     235     529     
040625 SGMR  16      27      35      64     113     160     239     529     
040626 SGMR  12      28      34      61     106     163     228     483     
040627 SGMR  12      28      38      61     105     151     232     539     
040628 SGMR  12      27      37      59     100     147     230     533     
040629 SGMR  14      27      37      57      89     143     217     520     
040630 SGMR  12      28      37      55      89     137     216     532     
040701 SGMR  12      27      36      54      89     136     220     522     
040702 SGMR  20      28      37      53      89     133     217     507     
040703 SGMR  14      25      33      53      90     132     217     516     
040704 SGMR  12      28      37      54      88     132     217     528     
040705 SGMR  12      26      33      52      84     143     209     472     
040706 SGMR  11      26      35      51      87     136     222     506     
040707 SGMR  14      28      36      52     102     134     222     530     
040708 SGMR  12      27      35      53      91     133     216     517     
040709 SGMR  13      34      37      56      93     144     229     520     
040710 SGMR   8      25      35      58      98     149     230     522     
040711 SGMR  13      30      37      63     112     164     236     536     
040712 SGMR  28      30      41      73     130     183     253     546     
040713 SGMR  13      33      38      74     141     195     259     488     
040714 SGMR  14      30      39      80     147     201     264     506     
040715 SGMR  20      36      44      84     153     198     252     547     
040716 SGMR  24     136      47      94     166     224     278     562     
040717 SGMR  26      39      47      90     164     223     285     562     
040718 SGMR  62      49      50      92     166     232     289     559     
040719 SGMR  89      64      52     102     191     272     309     535     
040720 SGMR 232      62      49     101     196     269     304     573     
040721 SGMR  56      41      49      94     183     266     296     563     
040722 SGMR 100      74      83     112     220     318     335     588     
040723 SGMR 170      40      46      86     170     250     298     557     
040724 SGMR  63      41      45      77     153     239     275     506     
040725 SGMR  65      64      51     100     193     269     294     579     
040726 SGMR  15      32      41      74     146     214     269     545     
040727 SGMR  20      31      38      66     126     198     245     533     
040728 SGMR  22      29      37      62     106     169     237     522     
040729 SGMR  14      26      34      62     107     161     238     529     
040730 SGMR  22      31      35      56      98     145     230     525     
040731 SGMR  26      27      34      56      95     146     225     531     
040801 SGMR  17      26      33      55      93     143     227     515     
040802 SGMR  98      44      38      55      94     141     226     530     
040803 SGMR  12      27      36      56      91     143     228     524     
040804 SGMR  23      30      37      56      95     140     226     514     
040805 SGMR                                                                 
040806 SGMR  14      32      37      59      97     153     226     527     
040807 SGMR          26      35      61     101     153     230     524     
040808 SGMR          31      41      66     110     159     239     534     
040809 SGMR  79      35      42      69     118     177     248     535     
040810 SGMR  39      37      43      73     144     188     253     540     
040811 SGMR  34      53      46      77     140     210     267     532     
040812 SGMR  41      38      48      87     168     242     287     548     
040813 SGMR  83      66      52      84     152     244     274     513     
040814 SGMR  27      45      47      89     154     230     288     554     
040815 SGMR  16      33      46      85     155     234     289     536     
040816 SGMR  11      33      45      82     141     213     272     542     
040817 SGMR  12      38      45      80     143     198     273     551     
040818 SGMR  15      33      43      80     135     201     283     563     
040819 SGMR  12      30      44      78     125     181     261     532     
040820 SGMR  12      31      40      76     130     178     295     531     
040821 SGMR  15      32      41      75     127     164             510     
040822 SGMR  15      29      41      73     121     179     226     541     
040823 SGMR  13      30      39      71     118     161     221     535     
040824 SGMR  13      32      42      68     114     169     225     540     
040825 SGMR  40      30      38      65     109     162     216     529     
040826 SGMR  15              38      64     106     160     213     533     
040827 SGMR  12      28      36      60     100     145     219     519     
040828 SGMR  12      25      34      58      89     140     213     522     
040829 SGMR   9      28      36      58      90     139     214     518     
040830 SGMR  12      26      34      57      92     145     216     515     
040831 SGMR  11      29      36      57      91     144     218     510     
040901 SGMR  11      33      38      57      87     143     216     528     
040902 SGMR  10      28      36      62     102     154     219     527     
040903 SGMR  15      31      38      65     104     144     208     523     
040904 SGMR  14      28      37      64     102     145     216     517     
040905 SGMR  13      30      40      69     105     159     225     525     
040906 SGMR  13      30      41      72     111     160     223     519     
040907 SGMR  25      34      44      79     128     167     230     533     
040908 SGMR  22      34      41      81     136     158     194     371     
040909 SGMR                                                                 
040910 SGMR  15      30      40      79     131     185     235     532     
040911 SGMR  13      28      38      76     123     170     231     573     
040912 SGMR  22      30      38      74     119     163     233     522     
040913 SGMR                                                                 
040914 SGMR  27      31      39      76     124     171     229     533     
040915 SGMR                          70     120     170     235     530     
040916 SGMR  30      31      40      70     111     155     223     523     
040917 SGMR  14      36      39      69     112     159     228     511     
040918 SGMR  10      28      35      64      97     131     163     411     
040919 SGMR  13      29      37      66     107     157     229     520     
040920 SGMR  16      28      38      65     104     158     224     530     
040921 SGMR  15      27      35      61      98     169     227     521     
040922 SGMR  12      24      32      58     100     147     226     530     
040923 SGMR  11      27      35      56      96     145     221     512     
040924 SGMR  11      28      33      57      91     144     224     522     
040925 SGMR 100      25      32      56      87     143     223     529     
040926 SGMR   8      25      34      55      91     146     228     522     
040927 SGMR   9      26      33      56      95     152     224     516     
040928 SGMR   7      26      31      56      91     140     207     489     
040929 SGMR   8      28      32      55      92     130     199     493     
040930 SGMR   9      32      33      58      93     145     219     521     
041001 SGMR   9      27      36      57      90     143     215     519     
041002 SGMR  10      27      36      57      90     146     223     512     
041003 SGMR   8      26      36      58      91     144     225     523     
041004 SGMR   9      26      36      59      96     145     213     520     
041005 SGMR  10      27      36      60      94     149     230     518     
041006 SGMR   9      27      36      59      96     150     231     518     
041007 SGMR  10      29      35      59      95     149     224     512     
041008 SGMR   9      25      34      59      96     154     226     566     
041009 SGMR   8      26      35      58      95     148     217     524     
041010 SGMR   8      26      34      59      94     145     222     561     
041011 SGMR   8      26      34      55      91     145     224     511     
041012 SGMR  11      30      35      56      91     132     196     409     
041013 SGMR   8      27      35      54      88     142     209     504     
041014 SGMR  10      27      35      55      90     146     215     511     
041015 SGMR  10      27      33      55      92     145     224     485     
041016 SGMR   8      26      34              97     146     210     489     
041017 SGMR   7      25      35      58      98     148     218     514     
041018 SGMR   8      28      37      60     101     153     230     512     
041019 SGMR   9      27      37      61     102     143     218     479     
041020 SGMR   9      28      39      65     119     167     240     507     
041021 SGMR  11      28      38      69     116     171     245     507     
041022 SGMR   9      28      37      72     128     181     251     517     
041023 SGMR  12      30      39      85     157     206     271     530     
041024 SGMR  14      33      41      77     145             245     515     
041025 SGMR  14      29      41      78     134             252     516     
041026 SGMR  11      29      38      78     141             247     510     
041027 SGMR  25      33      40      79     137             250     526     
041028 SGMR  14      33      42      79     133     181     244     526     
041029 SGMR  35      41      44      81     134     195     247     518     
041030 SGMR  35      40      40      80     144     189     258     477     
041031 SGMR  17      33      40      79     145     197     241     516     
041101 SGMR  39      44      43      75     138     191     249     519     
041102 SGMR  16      38      42      74     142     198     255     516     
041103 SGMR                          76     143     197     262     525     
041104 SGMR  22      38      43      73     129     197     267     524     
041105 SGMR  42      47      43      77     141     210     293     536     
041106 SGMR  21      39      43      73     133     209     272     528     
041107 SGMR  78      49      46      67     108     161     225     370     
041108 SGMR  17      34      40      69     126     188     257     523     
041109 SGMR  43      36      39      67     119     185     254     520     
041110 SGMR  11      28      37      59     112     169     248     515     
041111 SGMR  11      22      37      57      96     155     233     517     
041112 SGMR  11      31      39      59      99     152     237     496     
041113 SGMR  11      28      37      55      99     133     197     468     
041114 SGMR  10      29      45      61     105     154     232     507     
041115 SGMR  16      28      38      62     104     158     236     515     
041116 SGMR  14      30      38      64     108     161     236     512     
041117 SGMR  10      27      35      63     105     160     238     512     
041118 SGMR   9      26      35      64     110     160     240     510     
041119 SGMR   9      26      35      63     108     155     233     520     
041120 SGMR   9      27      37      62     101     156     237     514     
041121 SGMR   8      27      36      62      98     149     225     479     
041122 SGMR  10      21      38      68     108     158     237     505     
041123 SGMR   9      29      44      71     110     164     240     516     
041124 SGMR   9      27      35      67     106     158     234     494     
041125 SGMR  10      30      39      71     110     160     232     494     
041126 SGMR   9      27      35      67     106     158     234     494     
041127 SGMR   9      27      37      70     109     158     236     510     
041128 SGMR  10      30      40      72     110     157     230     480     
041129 SGMR  10      40      39      68     111     159     236     508     
041130 SGMR  10      30      39      68     113     160     239     510     
041201 SGMR  10      28      34      69     113     144     196     329     
041202 SGMR   9      30      37      66     109     157     238     512     
041203 SGMR  10      28      35      63     100     151     234     506     
041204 SGMR  10      29      36      61      93     148     233     511     
041205 SGMR  10      30      39      60      99     149     231     511     
041206 SGMR   9      27      38      60      95     144     233     500     
041207 SGMR   8      25      32      55      92     133     204     438     
041208 SGMR   8      27      33      54      88     141     222     497     
041209 SGMR   9      25      33      54      89     141     228     504     
041210 SGMR   9      25      30      53      85     128     208     460     
041211 SGMR   9      25      32      55      90     147     229     486     
041212 SGMR   8      26      35      56      88     145     228     504     
041213 SGMR  12      25      32      54      89     143     230     497     
041214 SGMR  10      26      33      53      96     156     228     508     
041215 SGMR  11      26      32      55      91     142     233     509     
041216 SGMR  12      20      33      53      91     148     233     507     
041217 SGMR  12      28      36      53      91     143     234     509     
041218 SGMR  13      27      35      54      94     145     232     506     
041219 SGMR  13      29      37      58      93     147     230     503     
041220 SGMR  12      29      37      58      99     147     247     470     
041221 SGMR  21      53      44      62      98     146     246     487     
041222 SGMR  13      30      38      62     102     144     226     495     
041223 SGMR  13      28      37      60      98     145     225     480     
041224 SGMR  11      29      38      64     102     149     233     506     
041225 SGMR                                                                 
041226 SGMR   9      28      42      60      93     141     257     441     
041227 SGMR  11      27      36      59      94     142     218     407     
041228 SGMR  14      65      40      60     100     154     237     506     
041229 SGMR  16      27      51      60     100     156     240     511     
041230 SGMR  20      29      37      60     102     157     240     506     
041231 SGMR  12      42      43      61     102     157     237     497     

