670101 SGMR                  56.3    89.4   129.1   177     290                 
670102 SGMR                  59.6    97.0   149.3   191     306                 
670103 SGMR                  60.3   104.4   165.7   216     315                 
670104 SGMR                  63.8   106.7   168.5   212     318                 
670105 SGMR                  65.7   110.7   176.4   217     320                 
670106 SGMR                  65.5   109.9   168.7   207     309                 
670107 SGMR                  66.7   110.6   162.8   200     310                 
670108 SGMR                  62.5   106.3   144.0   183     305                 
670109 SGMR                  62.5   102.5   146.1   184     307                 
670110 SGMR                  58.9    97.8   152.7   184     301                 
670111 SGMR                  56.3    93.3   141.8   176     298                 
670112 SGMR                  57.0    91.7   140.3   176     298                 
670113 SGMR                  55.8    90.1   139.9   168     291                 
670114 SGMR                  56.2    86.1   137.7   164     289                 
670115 SGMR                  51.9    79.7   124.5   146     281                 
670116 SGMR                  53.5    77.3   124.5   149     279                 
670117 SGMR                  53.1    76.9   116.6   146     276                 
670118 SGMR                  51.4    77.4   119.6   148     279                 
670119 SGMR                  52.7    82.1   128.9   154     283                 
670120 SGMR                  54.3    84.7   136.8   157     284                 
670121 SGMR                  55.4    91.2   142.1   158     290                 
670122 SGMR                  55.5    96.6   145.2   161     293                 
670123 SGMR                  56.8   101.8   149.6   166     299                 
670124 SGMR                  57.8    97.6   144.9   166     296                 
670125 SGMR                  58.6   101.1   148.2   168     300                 
670126 SGMR                  59.3   101.4   149.9   171     308                 
670127 SGMR                  60.6   101.8   156.2   182     318                 
670128 SGMR                  60.5   103.2   157.5   180     318                 
670129 SGMR                  62.1   103.6   162.3   189     322                 
670130 SGMR                  63.7   107.6   167.2   193     318                 
670131 SGMR                  63.2   104.9   158.8   182     315                 
670132 SGMR                  58.6    96.3   146.8   177     301                 
670201 SGMR                  63.3   104.9   159.4   180     314                 
670202 SGMR                  64.4   105.7   151.4   173     312                 
670203 SGMR                  60.7   110.3   142.7   173     310                 
670204 SGMR                  62.1   107.3   145.0   184     306                 
670205 SGMR                  64.2   107.1   146.6   185     316                 
670206 SGMR                  65.7   110.7   161.6   207     318                 
670207 SGMR                  66.6   113.5   176.1   211     321                 
670208 SGMR                  60.3   108.3   158.0   187     303                 
670209 SGMR                  59.9   107.5   151.0   185     309                 
670210 SGMR                  59.5   104.7   148.4   182     303                 
670211 SGMR                  57.0    97.0   135.5   185     303                 
670212 SGMR                  58.0    97.6   143.1   197     305                 
670213 SGMR                  58.4    94.9   138.0   179     300                 
670214 SGMR                  56.8    92.9   130.4   175     302                 
670215 SGMR                  54.9    86.5   121.6   167     300                 
670216 SGMR                  57.1    87.3   115.4   162     300                 
670217 SGMR                  56.4    92.1   124.2   169     301                 
670218 SGMR                  58.4    93.7   126.4   171     303                 
670219 SGMR                  59.6    95.0   120.6   164     302                 
670220 SGMR                  58.4    96.3   126.1   166     304                 
670221 SGMR                  59.2    96.6   128.0   170     306                 
670222 SGMR                  60.7    96.6   143.3   186     322                 
670223 SGMR                  61.2    96.2   148.0   196     317                 
670224 SGMR                  61.6    96.2   151.3   222     348                 
670225 SGMR                  63.8    96.0   165.3   238     355                 
670226 SGMR                  64.6   102.1   172.0   251     363                 
670227 SGMR                  61.9   104.5   168.8   228     357                 
670228 SGMR                  63.0   105.3   167.4   220     371                 
670232 SGMR                  60.6   100.2   145.2   190     317                 
670301 SGMR                  70.1   116.6   200.4   262     371                 
670302 SGMR                  70.1   121.8   205.2   275     375                 
670303 SGMR                  69.7   122.0   199.9   270     362                 
670304 SGMR                  69.8   120.9   206.2   264     370                 
670305 SGMR                  69.5   121.2   190.6   246     350                 
670306 SGMR                  60.3   128.9   180.5   209     339                 
670307 SGMR                  57.4   117.0   164.1   191     321                 
670308 SGMR                  58.4   101.1   154.0   188     312                 
670309 SGMR                  61.2    94.2   153.2   189     306                 
670310 SGMR                  59.2    89.1   140.2   171     300                 
670311 SGMR                  57.3    84.7   131.4   159     293                 
670312 SGMR                  56.5    81.9   128.7   159     293                 
670313 SGMR                  56.6    81.5   125.2   162     299                 
670314 SGMR                  56.1    79.6   122.3   161     295                 
670315 SGMR                  57.0    82.8   130.8   172     302                 
670316 SGMR                  58.4    84.2   129.6   172     302                 
670317 SGMR                  58.6    86.7   134.6   176     307                 
670318 SGMR                  58.8    86.7   134.3   176     307                 
670319 SGMR                  61.0    90.3   132.9   172     305                 
670320 SGMR                  61.5    90.0   135.2   182     305                 
670321 SGMR                  60.3    91.5   142.6   194     314                 
670322 SGMR                  60.7    96.0   151.4   201     326                 
670323 SGMR                  62.4    98.5   159.0   203     323                 
670324 SGMR                  62.8    98.9   154.5   208     320                 
670325 SGMR                  63.6    99.0   157.1   212     314                 
670326 SGMR                  65.4   101.9   168.4   214     322                 
670327 SGMR                  65.0    98.9   164.2   213     319                 
670328 SGMR                  70.7   109.1   175.5   225     328                 
670329 SGMR                  75.1   110.5   179.9   237     346                 
670330 SGMR                  73.3   106.1   171.9   230     337                 
670331 SGMR                  71.4   100.9   158.4   204     325                 
670332 SGMR                  63.2    99.8   160.7   203     322                 
670401 SGMR                  68.8   100.6   148.7   189     316                 
670402 SGMR                  66.3    90.9   129.6   174     308                 
670403 SGMR                  63.8    94.9   124.3   160     300                 
670404 SGMR                  62.3    82.8   123.7   161     295                 
670405 SGMR                  60.0    80.8   117.2   158     293                 
670406 SGMR                  61.2    80.4   120.6   161     292                 
670407 SGMR                  61.4    86.3   128.0   166     295                 
670408 SGMR                  62.1    86.2   130.2   169     302                 
670409 SGMR                  61.1    83.7   128.9   171     291                 
670410 SGMR                  61.6    81.8   121.3   161     292                 
670411 SGMR                  62.7    80.0   128.9   168     297                 
670412 SGMR                  62.5    80.4   125.0   170     296                 
670413 SGMR                  60.3    76.6   119.8   162     294                 
670414 SGMR                  58.3    74.6   118.6   165     304                 
670415 SGMR                  57.6    76.2   122.7   164     296                 
670416 SGMR                  58.8    75.2   125.9   164     298                 
670417 SGMR                  57.5    77.2   121.8   161     293                 
670418 SGMR                  57.2    78.4   123.9   157     291                 
670419 SGMR                  59.4    80.7   126.9   166     309                 
670420 SGMR                  61.0    79.4   120.4   163     297                 
670421 SGMR                  64.5    85.5   125.0   172     300                 
670422 SGMR                  65.4    87.4   131.5   175     311                 
670423 SGMR                  61.0    80.2   123.8   163     294                 
670424 SGMR                  65.2    91.8   127.3   160     293                 
670425 SGMR                  66.2    85.6   126.9   169     301                 
670426 SGMR                  61.8    79.5   118.8   165     294                 
670427 SGMR                  61.6    79.9   124.0   172     294                 
670428 SGMR                  63.5    86.1   129.1   176     299                 
670429 SGMR                  65.9    87.0   129.7   177     300                 
670430 SGMR                  64.2    82.5   126.8   172     299                 
670432 SGMR                  62.1    83.1   125.6   167     298                 
670501 SGMR                  62.2    83.4   127.9   168     301                 
670502 SGMR                  63.5    85.0   129.1   171     301                 
670503 SGMR                  61.7    80.4   123.6   190     313                 
670504 SGMR                  60.1    79.9   120.3   162     293                 
670505 SGMR                  61.1    79.3   120.3   164     291                 
670506 SGMR                  58.9    79.1   120.9   164     291                 
670507 SGMR                  57.3    74.6   118.7   164     291                 
670508 SGMR                  55.1    71.9   113.0   158     277                 
670509 SGMR                  53.6    69.9   108.9   153     284                 
670510 SGMR                  52.9    65.1   103.6   148     273                 
670511 SGMR                  52.5    63.5   100.0   146     280                 
670512 SGMR                  53.4    63.7   100.4   149     284                 
670513 SGMR                  52.3    63.7    96.9   145     280                 
670514 SGMR                  53.4    66.9   100.7   148     286                 
670515 SGMR                  54.6    69.0   105.5   149     282                 
670516 SGMR                  55.8    67.2   106.5   147     286                 
670517 SGMR                  57.5    69.4   109.6   151     288                 
670518 SGMR                  58.8    74.5   116.9   158     293                 
670519 SGMR                  66.6    81.8   130.9   172     303                 
670520 SGMR                  62.9    84.7   136.9   183     309                 
670521 SGMR                  68.2    93.1   161.8   213     334                 
670522 SGMR                  68.4    94.5   183.7   240     370                 
670523 SGMR                  71.6   101.9   200.2   258     391                 
670524 SGMR                  71.2   106.3   202.1   256     379                 
670525 SGMR                  76.9   111.5   209.5   246     386                 
670526 SGMR                  77.4   121.8   229.2   265     387                 
670527 SGMR                  74.5   113.9   213.6   248     345                 
670528 SGMR                  72.7   112.7   198.4   228     342                 
670529 SGMR                  69.3   102.8   183.2   218     332                 
670530 SGMR                  66.3    97.1   172.8   213     327                 
670531 SGMR                  65.2    90.3   175.0   216     328                 
670532 SGMR                  62.4    84.5   142.6   187     313                 
670601 SGMR                  61.5    90.3   162.9   202     317                 
670602 SGMR                  61.5    83.2   145.9   200     319                 
670603 SGMR                  65.6    76.6   136.1   188     314                 
670604 SGMR                  60.4    79.4   142.3   188     311                 
670605 SGMR                  58.8    74.1   127.2   170     297                 
670606 SGMR                          69.1   115.6   164     292                 
670607 SGMR                  54.7    62.8   106.7   148     284                 
670608 SGMR                  56.3    64.5   100.2   145     281                 
670609 SGMR                  50.3    56.6    89.3   134     274                 
670610 SGMR                  49.0    53.8    79.7   129     268                 
670611 SGMR                  49.2    53.8    80.5   131     272                 
670612 SGMR                  50.2    54.5    82.7   131     263                 
670613 SGMR                  51.5    56.2    86.5   135     283                 
670614 SGMR                  51.1    57.9    89.0   142     281                 
670615 SGMR                  52.5    60.2    92.0   146     285                 
670616 SGMR                  52.9    60.8    92.9   146     287                 
670617 SGMR                  54.3    62.9    95.9   143     287                 
670618 SGMR                  54.8    65.9   109.1   143     287                 
670619 SGMR                  58.1    72.6   105.6   156     291                 
670620 SGMR                  60.1    73.9   105.6   145     295                 
670621 SGMR                  62.3    75.8   109.6   156                         
670622 SGMR                  62.6    78.8   112.2   165     299                 
670623 SGMR                  64.1    86.4   121.0   169     297                 
670624 SGMR                  60.5    77.4   108.3   161     277                 
670625 SGMR                  61.9    80.2   106.6   156     283                 
670626 SGMR                  60.9    73.6   104.3   154     278                 
670627 SGMR                  62.5    74.3   108.3   159     280                 
670628 SGMR                  65.8    76.4   114.0   163     291                 
670629 SGMR                  65.9    76.0   114.2   167     291                 
670630 SGMR                  60.2    73.6   116.3   162     289                 
670632 SGMR                  57.9    70.5   108.7   157     289                 
670701 SGMR                  56.4    71.4   105.2   160     289                 
670702 SGMR                  56.0    71.8   104.6   158     289                 
670703 SGMR                  55.2    74.6   110.4   160     291                 
670704 SGMR                  57.4    69.1   108.4   159     285                 
670705 SGMR                  53.5    70.8   105.7   160     282                 
670706 SGMR                  51.8    65.1   101.7   159     281                 
670707 SGMR                  51.6    66.0    98.6   150     279                 
670708 SGMR                  51.1    62.6    90.8   145     273                 
670709 SGMR                  50.4    63.6    94.3   146     277                 
670710 SGMR                  49.9    58.4    93.6   147     276                 
670711 SGMR                  49.8    60.4    93.2   148     273                 
670712 SGMR                  49.8    60.7    91.6   145     273                 
670713 SGMR                  49.4    63.4    94.7   150     282                 
670714 SGMR                  50.6    66.4   105.2   164     294                 
670715 SGMR                  53.5    69.7   110.5   165     291                 
670716 SGMR                  53.2    72.6   107.3   162     294                 
670717 SGMR                  54.8    72.6   106.6   162     293                 
670718 SGMR                  56.4    76.9   113.1   160     297                 
670719 SGMR                  56.8    74.8   107.1   155     297                 
670720 SGMR                  58.1    81.9   114.7   167     302                 
670721 SGMR                  58.9    81.1   114.9   173     308                 
670722 SGMR                  63.1    87.8   122.6   198     323                 
670723 SGMR                  63.0    90.4   129.9   211     332                 
670724 SGMR                  65.5    92.8   143.3   228     348                 
670725 SGMR                  65.5    98.7   156.1   246     375                 
670726 SGMR                  66.3   103.9   153.3   254     377                 
670727 SGMR                  68.3   106.2   162.5   258     374                 
670728 SGMR                  72.0   113.3   181.7   271     368                 
670729 SGMR                  67.9   101.8   181.9   252     350                 
670730 SGMR                  64.6   104.8   164.6   232     341                 
670731 SGMR                  64.6    97.3   150.5   220     330                 
670732 SGMR                  57.6    79.1   120.0   183     308                 
670801 SGMR                  62.1    93.0   148.8   215     325                 
670802 SGMR                  59.6    89.7   136.5   192     318                 
670803 SGMR                  59.6    88.4   133.6   199     313                 
670804 SGMR                  57.9    85.9   127.6   190     321                 
670805 SGMR                  57.6    81.8   128.5   197     322                 
670806 SGMR                  57.1    79.1   128.5   186     317                 
670807 SGMR                  55.4    70.7   116.7   175     309                 
670808 SGMR                  57.9    73.2   119.7   174     305                 
670809 SGMR                  56.2    73.2   113.6   170     303                 
670810 SGMR                  57.9    74.8   113.1   164     296                 
670811 SGMR                  60.7    75.6   113.1   165     300                 
670812 SGMR                  61.7    79.0   119.3   170     303                 
670813 SGMR                  56.6    77.3   119.2   169     299                 
670814 SGMR                  54.5    71.4   106.5   161     296                 
670815 SGMR                  54.7    69.1    99.9   152     289                 
670816 SGMR                  56.5    70.8   103.8   156     294                 
670817 SGMR                  59.0    79.2   115.4   177     297                 
670818 SGMR                  59.3    80.5   123.7   184     314                 
670819 SGMR                  62.2    89.7   137.6   205     328                 
670820 SGMR                  59.7    85.9   135.0   201     322                 
670821 SGMR                  60.1    91.3   145.4   210     329                 
670822 SGMR                  60.9    92.9   141.9   208     322                 
670823 SGMR                  62.6    95.0   148.3   217     327                 
670824 SGMR                  63.0    94.1   141.2   217     331                 
670825 SGMR                  67.2    99.5   135.4   215     330                 
670826 SGMR                  65.3    97.9   136.7   209     330                 
670827 SGMR                  63.8    97.8   136.4   205     332                 
670828 SGMR                                                                     
670829 SGMR                  65.9    93.9   141.6   223     340                 
670830 SGMR                  63.7    90.0   130.0   213     330                 
670831 SGMR                  64.1    89.3   132.3   220     330                 
670832 SGMR                  60.1    84.3   127.6   191     316                 
670901 SGMR                  64.1    90.5   150.3   209     329                 
670902 SGMR                  63.2    90.8   146.9   206     326                 
670903 SGMR                  61.1    84.6   138.2   197     314                 
670904 SGMR                  61.1    82.9   133.0   185     311                 
670905 SGMR                  61.5    81.6   122.3   180     311                 
670906 SGMR                  60.6    81.2   120.8   177     300                 
670907 SGMR                  60.1    77.8   118.9   175     297                 
670908 SGMR                  58.9    78.5   120.5   178     307                 
670909 SGMR                  57.9    76.9   120.1   177     307                 
670910 SGMR                  57.9    77.3   117.6   183     308                 
670911 SGMR                  59.2    77.3   118.3   185     310                 
670912 SGMR                  59.2    76.8   118.4   184     310                 
670913 SGMR                  56.6    73.1   115.9   181     307                 
670914 SGMR                  57.0    72.5   113.8   178     306                 
670915 SGMR                  58.9    78.8   117.1   179     309                 
670916 SGMR                  58.6    75.5   108.8   174     299                 
670917 SGMR                  59.0    75.5   110.5   175     301                 
670918 SGMR                  60.3    76.0   114.5   174     298                 
670919 SGMR                  60.8    79.3   115.3   174     296                 
670920 SGMR                  63.6    85.4   119.4   175     296                 
670921 SGMR                  62.2    81.0   116.6   173     293                 
670922 SGMR                  63.6    80.6   112.7   172     292                 
670923 SGMR                  62.2    80.8   111.5   172     295                 
670924 SGMR                  60.7    83.1   121.0   180     303                 
670925 SGMR                  60.9    83.4   122.4   186     303                 
670926 SGMR                  59.1    79.0   124.6   181     304                 
670927 SGMR                  61.8    82.9   127.4   191     314                 
670928 SGMR                  62.9    85.3   122.8   182     307                 
670929 SGMR                  61.2    84.0   119.8   176     300                 
670930 SGMR                  61.1    79.9   121.4   179     300                 
670932 SGMR                  60.5    80.4   121.4   181     305                 
671001 SGMR                  64.9    87.6   126.6   190     314                 
671002 SGMR                  63.4    81.1   120.3   180     301                 
671003 SGMR                  63.2    81.1   118.6   178     301                 
671004 SGMR                  60.8    75.3   115.8   174     297                 
671005 SGMR                  59.0    75.2   114.3   176     300                 
671006 SGMR                  60.9    80.5   118.4   180     300                 
671007 SGMR                  58.9    78.0   115.3   180     298                 
671008 SGMR                  58.2    74.4   111.9   172     296                 
671009 SGMR                  58.5    74.7   110.1   172     299                 
671010 SGMR                  60.9    77.1   115.4   183     315                 
671011 SGMR                  61.3    78.7   128.3   195     316                 
671012 SGMR                  63.5    80.8   127.8   186     310                 
671013 SGMR                  62.5    81.5   120.1   182     301                 
671014 SGMR                  59.2    80.3   118.3   180     304                 
671015 SGMR                  55.8    73.2   110.4   173     300                 
671016 SGMR                  57.4    74.5   108.3   170     299                 
671017 SGMR                  57.8    74.9   105.8   167     298                 
671018 SGMR                  58.3    75.7   105.6   166     297                 
671019 SGMR                  60.9    77.6   109.1   174     298                 
671020 SGMR                  62.3    83.9   117.6   181     301                 
671021 SGMR                  61.9    83.1   115.8   179     295                 
671022 SGMR                  63.1    88.1   126.3   192     308                 
671023 SGMR                  63.7    87.1   125.9   188     307                 
671024 SGMR                  65.6    89.3   124.2   184     304                 
671025 SGMR                  67.6    92.9   129.4   189     312                 
671026 SGMR                  66.2    88.7   136.6   207     320                 
671027 SGMR                  69.8    95.9   143.7   220     339                 
671028 SGMR                  74.6   105.4   159.2   229     346                 
671029 SGMR                  68.7   100.4   150.0   218     340                 
671030 SGMR                  69.8   100.8   149.3   212     331                 
671031 SGMR                  68.0    97.8   140.3   199     322                 
671032 SGMR                  62.8    83.7   123.2   186     309                 
671101 SGMR                  66.6    90.2   129.4   187     308                 
671102 SGMR                  67.0    94.3   131.6   190     310                 
671103 SGMR                  61.2    87.2   129.1   184     308                 
671104 SGMR                  59.3    83.8   123.2   184     308                 
671105 SGMR                  57.4    79.2   117.0   177     302                 
671106 SGMR                  56.7    74.7   113.8   173     297                 
671107 SGMR                  55.2    73.1   108.2   169     296                 
671108 SGMR                  53.0    69.1   107.3   168     293                 
671109 SGMR                  51.5    68.6   103.4   170     296                 
671110 SGMR                  51.5    66.9   110.5   176     302                 
671111 SGMR                  52.4    73.0   119.4   185     314                 
671112 SGMR                  55.8    80.3   121.5   192     310                 
671113 SGMR                  57.3    77.1   127.3   191     311                 
671114 SGMR                  57.9    81.4   132.0   192     310                 
671115 SGMR                  61.2    89.4   136.9   195     311                 
671116 SGMR                  63.3    98.0   145.2   208     322                 
671117 SGMR                  65.4    99.6   151.8   207     326                 
671118 SGMR                  67.1   100.0   151.8   214     329                 
671119 SGMR                  69.4   102.9   160.2   223     338                 
671120 SGMR                  68.9   101.4   161.2   226     335                 
671121 SGMR                  68.7    97.9   153.5   223     328                 
671122 SGMR                  67.7    95.7   150.4   218     327                 
671123 SGMR                  68.2    95.6   151.4   215     319                 
671124 SGMR                  68.4    93.3   145.5   211     319                 
671125 SGMR                  68.2    94.2   143.3   206     305                 
671126 SGMR                  70.7   101.5   153.9   215     326                 
671127 SGMR                  66.3    96.5   153.2   213     323                 
671128 SGMR                  67.1    96.2   150.9   220     330                 
671129 SGMR                  63.6    89.8   146.2   211     318                 
671130 SGMR                  61.2    86.9   138.3   205     319                 
671132 SGMR                  62.3    87.9   135.6   198     315                 
671201 SGMR                  61.2    85.1   138.1   202     316                 
671202 SGMR                  58.1    80.2   129.4   189     305                 
671203 SGMR                  54.2    77.6   113.9   176     298                 
671204 SGMR                  54.8    78.0   117.4   187     302                 
671205 SGMR                  53.3    73.9   114.7   177     295                 
671206 SGMR                  54.2           120.1   185     299                 
671207 SGMR                  55.3           123.8   184     300                 
671208 SGMR                  58.3    81.5   125.0   182     297                 
671209 SGMR                  60.1    83.3   124.9   182     302                 
671210 SGMR                  58.6    83.1   123.9   180     299                 
671211 SGMR                  62.3    90.4   134.1   188     306                 
671212 SGMR                  61.7    93.0   134.1   191     309                 
671213 SGMR                  64.8    94.6   137.6   195     313                 
671214 SGMR                  66.0    96.9   146.2   205     323                 
671215 SGMR                  67.5   101.1   158.1   223     335                 
671216 SGMR                  70.9   110.0   185.8   253     350                 
671217 SGMR                  71.1   110.2   190.9   256     353                 
671218 SGMR                  75.0   122.6   212.8   288     378                 
671219 SGMR                  71.4   113.4   200.4   282     371                 
671220 SGMR                  72.4   112.8   196.1   267     361                 
671221 SGMR                  73.4   109.4   188.2   267     358                 
671222 SGMR                  72.8   111.0   170.7   243     343                 
671223 SGMR                  72.7   113.4   155.0   222     313                 
671224 SGMR                  70.8   100.4   138.9   214     309                 
671225 SGMR                  71.8    99.7   156.0   216     318                 
671226 SGMR                  73.4    99.9   160.6   234     335                 
671227 SGMR                  71.3   104.7   168.1   248     335                 
671228 SGMR                  72.2   110.4   175.9   255     346                 
671229 SGMR                  66.7   110.4   168.3   245     333                 
671230 SGMR                  64.4    96.7   154.4   228     321                 
671231 SGMR                  62.5    97.1   152.1   221     329                 
671232 SGMR                  65.3    98.0   152.1   219     324                 

