910101 SGMR  17      45      90     135     174     208     281     559     
910102 SGMR  16      42      82     130     168     203     274     552     
910103 SGMR  18      35      84     128     162     199     273     551     
910104 SGMR                                                                 
910105 SGMR  18      44      83     123     164     205     276     533     
910106 SGMR  18      50      88     130     184     230     297     569     
910107 SGMR  37      59      97     132     187     242     307     580     
910108 SGMR  23      54     100     136     199     265     330     596     
910109 SGMR 113      85     109     130     199     268     329     561     
910110 SGMR  19      57      88     123     240     245     313     578     
910111 SGMR  13      52      86     127     200     266     319     574     
910112 SGMR  15      50      83     125     200     248     305     543     
910113 SGMR  26      56      93     119     185     233     301     557     
910114 SGMR  35      51      83     119     185     232     299     564     
910115 SGMR  23      48      78     117     172     220     286     545     
910116 SGMR  25      46      74     118     174     220     274     484     
910117 SGMR  30      51      79     129     196     243     291     539     
910118 SGMR  28      50      79     126     188     240     309     576     
910119 SGMR  72      51      84     127     186     235     301     589     
910120 SGMR  23      49      80     128     193     245     308     574     
910121 SGMR  20      47      86                                     587     
910122 SGMR  23      54      95     145     215     292     360     614     
910123 SGMR  22      47      80     139     215     291     350     593     
910124 SGMR  23      50      92     148     233     313     365     606     
910125 SGMR  22      56     112     159     250     330     380     624     
910126 SGMR  30      57      76     167     259     348     393     674     
910127 SGMR  39      55     121     184     292     376     409     652     
910128 SGMR  32      53      99     189     306     384     407     622     
910129 SGMR  32      69     107     193     324     405     413     636     
910130 SGMR  39      73     114     198     338     436     461     645     
910131 SGMR  63      78     109     188     330     448     452     631     
910201 SGMR  37      71     110     192     323     408     454     636     
910202 SGMR  37      58      96     175     279     352     293     632     
910203 SGMR  69      68      96     160     245     321     359     623     
910204 SGMR  33      51      92     149     231     300     350     616     
910205 SGMR  40      55      92     153     215     265     313     583     
910206 SGMR  35      53      90     136     193     242     296     564     
910207 SGMR  25      45      80     137     201     240     283     423     
910208 SGMR  20      43      80     128     193     251     309     583     
910209 SGMR  17      41      78     133     181     223     291     555     
910210 SGMR  15      40      77     129     177     216     287     550     
910211 SGMR  18      41      80     120     171     217     280     561     
910212 SGMR  18      42      83     122     176     224     286     569     
910213 SGMR  19      42      73     123     175     216     284     560     
910214 SGMR  18      38      70     125     179     204     262     526     
910215 SGMR  18      42      77     125     184     224     291     561     
910216 SGMR  20      45      84     128     192     244     304     591     
910217 SGMR  19      44      81     132     205     265     327     593     
910218 SGMR  38      47      89     151     245     322     373     626     
910219 SGMR  28      47      89     159     257     339     367     597     
910220 SGMR  48      51      95     165     273     370     380     585     
910221 SGMR  37      49      96     173     284     362     375     612     
910222 SGMR          48      97     177     280     355     356     608     
910223 SGMR  48      53     109     209     318     376     385     611     
910224 SGMR  24      49     109     193     291     347     358     603     
910225 SGMR  17      47     104     188     278     326     354     603     
910226 SGMR  18      48     101     177     259     306     341     593     
910227 SGMR  20      47      96     176     249     280     334     588     
910228 SGMR  20      45      92     151     221     269     321     593     
910301 SGMR  21      46      90     144     212     258     308     584     
910302 SGMR  22      48      86     141     201     247     297     394     
910303 SGMR  24      51      89     141     201     245     306     588     
910304 SGMR  19      45      81     151     231     264     319     599     
910305 SGMR  19      48      86     136     196     238     302     604     
910306 SGMR  19      49      88     142     202     244     305     580     
910307 SGMR  36      50     100     160     217     255     316     602     
910308 SGMR  36      54      98     151     208     238     298     601     
910309 SGMR  61      64     107     156     209     239     299     586     
910310 SGMR  53      63     101     157     213     254     306     578     
910311 SGMR  71      60     100     158     215     257     304     574     
910312 SGMR  23      51      96     162     221     260     301     587     
910313 SGMR  25      54      98     166     229     261     305     584     
910314 SGMR  27      46      95     169     235     269     331     589     
910315 SGMR  32      49      97     166     237     263     315     576     
910316 SGMR  54      58     107     166     248     273     321     599     
910317 SGMR  57      58      99     173     247     271     328     603     
910318 SGMR  82      70     110     175     261     307     355     618     
910319 SGMR                         174     255     308     352             
910320 SGMR  26      56     104     165     243     296     345     656     
910321 SGMR  65      66     109     162     243     291     342     675     
910322 SGMR  62      82     105     157     239     294     329     676     
910323 SGMR                 108     171     252     314     376     622     
910324 SGMR                 112     172     263     367     410     592     
910325 SGMR          68     108     156     230     305     343     571     
910326 SGMR         119     105     153     226     307     331     588     
910327 SGMR         136     106     141     204     263     305     566     
910328 SGMR  54      56      84     131     192     252     296     579     
910329 SGMR  29      54      89     129     188     236     290     566     
910330 SGMR  23      51      84     135     201     247     302     545     
910331 SGMR  20      47      89     124     189     235     289     579     
910401 SGMR  16      43      86     125     189     229     284     573     
910402 SGMR  17      46      88     126     187     222     278     569     
910403 SGMR  19      47      89     125     191     226     278     568     
910404 SGMR  23      51      85     129     192     221     274     564     
910405 SGMR  19      46      85     137     197     227     279     567     
910406 SGMR  17      46      88     141     201     224     280     572     
910407 SGMR  17      47      90     140     193     215     278     568     
910408 SGMR  18      46      87     141     192     214     282     578     
910409 SGMR  21      54     100     152     208     237     299     588     
910410 SGMR  27      50      98     155     220     253     313     586     
910411 SGMR  25      49      96     159     230     264     318     611     
910412 SGMR  30      54     103     172     253     286     331     618     
910413 SGMR                         167     251     300     327             
910414 SGMR  21      54     102     176     265     310     343     621     
910415 SGMR  21      49      97     177     270     315     349     641     
910416 SGMR  22      51     108     190     283     304     350     636     
910417 SGMR  21      47      96     177     257     297     348     605     
910418 SGMR  23      47      98     168     239     271     324     594     
910419 SGMR  25      44      93     158     230     272     318     598     
910420 SGMR  22      45      92     146     215     257     314     608     
910421 SGMR                                                                 
910422 SGMR  22      46      89     129     176     203     276     550     
910423 SGMR  18      38      78     110     148     184     263     568     
910424 SGMR  20      34      71     100     138     172     251     564     
910425 SGMR  23      42      75      98     138     173     254     563     
910426 SGMR  26      42      72     101     147     181     258     570     
910427 SGMR  22      42      74     100     144     179     255     562     
910428 SGMR  21      41      78     108     163     198     267     568     
910429 SGMR  20      42      78     111     168     196     264     565     
910430 SGMR  19      40      68     109     158     168     212     412     
910501 SGMR  18      44      73     115     171     195     266     559     
910502 SGMR  18      43      79     114     165     188     259     554     
910503 SGMR  18      42      82     118     164     195     265     560     
910504 SGMR  22      44      84     119     173     207     275     568     
910505 SGMR  27      48      91     125     192     238     304     592     
910506 SGMR  35      51      90     132     212     248     315     546     
910507 SGMR  38      51      95     140     224     301     375     628     
910508 SGMR  39      59      98     149     246     311     396     722     
910509 SGMR          75     107     149     241     300     378     668     
910510 SGMR  61      59     107     166     259     297     378     635     
910511 SGMR  39      55     102     153     246     285     361     646     
910512 SGMR  26      57      96     163     266     299     359     630     
910513 SGMR  26      50      93     149     242     253     325     613     
910514 SGMR  23      48      95     143     260     257     324     614     
910515 SGMR  22      47      87     134     195     239     313     605     
910516 SGMR  26      52      90     134     197     226     305     603     
910517 SGMR  19      46      86     125     198     220     296     590     
910518 SGMR  20      39      82     119     178     218     295     600     
910519 SGMR  23      45      83     117     176     206     275     581     
910520 SGMR  23      41      77     109     157     183     257     571     
910521 SGMR  22      40      81     107     167     183     259     573     
910522 SGMR  30      37      83     105     145     188     262     564     
910523 SGMR  22      29      79     108     162     194     270     570     
910524 SGMR  25      37      78     110     172     204     270     574     
910525 SGMR  24      37      79     111     191     215     280     568     
910526 SGMR  20      32      84     120     188     243     306     582     
910527 SGMR  23      41      90     125     194     249     304     575     
910528 SGMR          65      95     145     234     261     322     597     
910529 SGMR  91      60     114     174     280     326     392     637     
910530 SGMR  46      42      90     132     208     250     300     583     
910531 SGMR  28      37      95     142     214     254     304     569     
910601 SGMR          68     110     143     205     267     329     616     
910602 SGMR                                                                 
910603 SGMR  27      46      97     156     238     268     334     626     
910604 SGMR  23      35      89     149     241     234     279     581     
910605 SGMR  22      34      99     159     281     332     417     648     
910606 SGMR  72      60     108     160     232     289     363     644     
910607 SGMR  36      43      98     157     255     290     370     651     
910608 SGMR  28      50      99     161     245     321     406     655     
910609 SGMR  55      60     111     175     288     314     408     634     
910610 SGMR  53      49      99     160     254     323     409     642     
910611 SGMR                         159     238     308     389     626     
910612 SGMR  52      47      93     146     243     292     370     625     
910613 SGMR  27      40      96     140     215     275     354     691     
910614 SGMR  29      46      97     133     239     264     331     669     
910615 SGMR  40      41      85     133     200     248     310     601     
910616 SGMR  23      31      77     121     203     234     296     519     
910617 SGMR  22      31      76     115     175     221     287     569     
910618 SGMR  28      37      77     115     197     221     285     585     
910619 SGMR  59      34      84     118     187     213     282     563     
910620 SGMR  23      37      70     119     192     203     276     575     
910621 SGMR                                                                 
910622 SGMR  23      38      85     134     192     206     275             
910623 SGMR  23      37      85     118     174     201     270     575     
910624 SGMR  16      38      77     120     166     201     273     570     
910625 SGMR  17      38      79     123     193     203     277     583     
910626 SGMR  18      40      81     132     237     221     283     571     
910627 SGMR  19      42      86     140     231     236     299     587     
910628 SGMR  17      43      81     142     235     245     300     588     
910629 SGMR  19      45      89     149     234     275     322     604     
910630 SGMR  17      36      96     154     233     265     307     525     
910701 SGMR  20      43      93     156     241     273     307     602     
910702 SGMR  21      47     101     161     246     270     314     606     
910703 SGMR  19      45      91     160     249     275     317     603     
910704 SGMR  19      46      93     162     251     280     320     621     
910705 SGMR  20      45      94     162     248     288     332     597     
910706 SGMR  22      46      95     158     234     261     311     592     
910707 SGMR  21      45      89     155     226     256     304     585     
910708 SGMR  19      41      84     144     209     233     290     577     
910709 SGMR  21      43      88     145     202     232     290     588     
910710 SGMR                         140     203     230     293     586     
910711 SGMR  52      54      98     137     209     243     302     597     
910712 SGMR  25      54      97     129     214     241     293     590     
910713 SGMR  41      62     101     127     204     247     296     565     
910714 SGMR  36      51      87     121     195     233     289     578     
910715 SGMR  19      46      87     117     181     215     281     589     
910716 SGMR  17      43      85     115     178     201     272     576     
910717 SGMR  18      44      85     108     165     194     264     568     
910718 SGMR  19      59      91     123     195     227     292     601     
910719 SGMR  21      45      87     118     190     229     300     601     
910720 SGMR  20      52     104     129     205     250     315     601     
910721 SGMR  18      46      90     128     214     258     316     593     
910722 SGMR          87     115     163     248     285     359     624     
910723 SGMR  85      60     103     147     235     272     335     597     
910724 SGMR         115     135     154     239     280     339     606     
910725 SGMR          69     116     149     234     275     337     600     
910726 SGMR  43      51     105     148     225     265     322     577     
910727 SGMR  29      40      79     146     219     259     315     602     
910728 SGMR  41      60     105     151     224     268     323     660     
910729 SGMR  20      52     111     148     221     261     319     602     
910730 SGMR  24      52     116     150     233     283     337     611     
910731 SGMR  29      52     108     146     224     268     324     602     
910801 SGMR  32      61     111     151     225     273     333     620     
910802 SGMR                 144     147     219     287     346     671     
910803 SGMR          66     116     166     246     299     353     652     
910804 SGMR          46      66     134     194     235     296     565     
910805 SGMR  46      52             126     177     220     290     572     
910806 SGMR  39      49     101     123     168     212     286     594     
910807 SGMR  39      51      94     120     168     208     276     585     
910808 SGMR  28      48      94     116     166     203     278     576     
910809 SGMR  19      46      97     113     156     198     274     573     
910810 SGMR  20      31      56     103     141     182     260     554     
910811 SGMR  19      41      81     100     141     178     262     566     
910812 SGMR  17      43      80     102     147     186     266     567     
910813 SGMR  17      39      80     108     163     199     271     579     
910814 SGMR  22      40      86     116     180     215     285     583     
910815 SGMR  20      42      93     134     217     263     320     584     
910816 SGMR  21      48      99     155     261     308     342     613     
910817 SGMR  29      47     101     163     271     293     327     608     
910818 SGMR  24      47     102     169     270     287     328     605     
910819 SGMR                                                                 
910820 SGMR  16      44     100     180     281     313     340     600     
910821 SGMR  45      32      58     184     283     322     341     497     
910822 SGMR  24      50     104     177     287     321     344     614     
910823 SGMR  17      60     100     175     278     304     341     620     
910824 SGMR  20      37      89     162     248     320     348     627     
910825 SGMR  29      41      88     157     231     281     337     621     
910826 SGMR  26      45      83     144     214     255     318     599     
910827 SGMR  23      40      82     139     200     241     307     599     
910828 SGMR  39      42      82     132     196     231     287     608     
910829 SGMR  21      34      72     129     196     237     295     583     
910830 SGMR  25      36      68     131     198     239     294     588     
910831 SGMR  21      26      47     129     181     224     284     568     
910901 SGMR  17      31      61     122     175     207     276     582     
910902 SGMR  24      30      62     123     175     207     279     583     
910903 SGMR  23      29      62     120     177     214     286     587     
910904 SGMR  19      47      57     109     167     213     284     579     
910905 SGMR  16      23      39     109     164     205     275     549     
910906 SGMR  18      35      59     116     172     219     287     576     
910907 SGMR  23      48      65     112     172     223     293     591     
910908 SGMR  18      32      59     114     185     239     305     603     
910909 SGMR  26      34      61     116     183     230     304     598     
910910 SGMR  59      43      62     120     184     225     285     578     
910911 SGMR  29      33      63     120     181     214     280     583     
910912 SGMR  16      32      61     125     184     217     280     584     
910913 SGMR  16      32      60     130     185     213     278     570     
910914 SGMR  26      34      66     133     184     214     277     550     
910915 SGMR  19      32      62     135     183     208     276     559     
910916 SGMR  19      33      67     134     180     199     273     563     
910917 SGMR  16      34      68     131     176     194     270     569     
910918 SGMR  18      31      64     134     190     213     282     576     
910919 SGMR  19      33      66     130     176     201     273     567     
910920 SGMR  20      28      52     130     177     210     287     582     
910921 SGMR  22      35      68     127     175     205     279     571     
910922 SGMR  23      37      67     130     183     215     285     594     
910923 SGMR  27      37      67     131     183     215     284     588     
910924 SGMR  26      36      69     127     183     219     295     601     
910925 SGMR  16      22      37     125     179     210     274     468     
910926 SGMR  23      24      34     135     199     239     313     557     
910927 SGMR  19      33      64     127     191     251     341     633     
910928 SGMR  38      32      59     123     176     231     324     619     
910929 SGMR          39      61     133     202     255     340     625     
910930 SGMR  53      34      57     125     194     257     339     613     
911001 SGMR  27      32      58     126     207     272     351     609     
911002 SGMR  27      35      57     131     211     274     342     607     
911003 SGMR  21      26      41     121     201     261     328     518     
911004 SGMR  43      36      50     128     216     266     328     598     
911005 SGMR  44      33      53     114     188     238     300     582     
911006 SGMR  34                     115     181     234     296     499     
911007 SGMR  51      40      58     118     181     230     300     598     
911008 SGMR  31      35      58     118     174     219     291     597     
911009 SGMR  22      37      58     124     182     223     294     597     
911010 SGMR  23      34      60     121     178     223     292     607     
911011 SGMR  21      33      57     118     172     221     289     581     
911012 SGMR  22      34      59     127     182     226     292     586     
911013 SGMR  20      35      63     128     178     217     279     577     
911014 SGMR  18      52      64     128     175     216     283     601     
911015 SGMR  18      35      64     130     181     222     285     580     
911016 SGMR  19      30      55     130     179     213     276     557     
911017 SGMR  20      33      60     126     166     200     273     547     
911018 SGMR  19      31      56     115     152     189     262     558     
911019 SGMR  22      34      56     113     153     186     259     565     
911020 SGMR  20      33      56     109     152     185     266     571     
911021 SGMR  20      35      56     107     157     204     281     583     
911022 SGMR  18      33      57     113     170     229     305     598     
911023 SGMR  17      32      57     116     186     262     335     609     
911024 SGMR  31      61      75     133     230     325     397     629     
911025 SGMR          70      69     140     262     386     449     635     
911026 SGMR  67      40      63     141     259     366     426     615     
911027 SGMR                         139     255     359     407     615     
911028 SGMR  34      33             144     280     415     459     709     
911029 SGMR  51      41      66     147     267     359     374     616     
911030 SGMR  37      46      75     144     261     344     348     557     
911031 SGMR  18      23      40     136     238     284     305     452     
911101 SGMR  18      26      32     131     220     257     286     557     
911102 SGMR  27      42      63     132     221     292     348     612     
911103 SGMR  27      39      64     116     180     216     279     582     
911104 SGMR  25      40      63     113     170     209     280     577     
911105 SGMR                         117     174     219     288     560     
911106 SGMR  29      44      70     124     177     219     286     582     
911107 SGMR 134      61      68     126     187     227     290     579     
911108 SGMR  48      55      70     124     197     251     316     581     
911109 SGMR  25      46      73     128     187     234     300     578     
911110 SGMR  22      37      45     124     184     235     288     514     
911111 SGMR          40             131                             483     
911112 SGMR  25      47      76     126     186     233     295     580     
911113 SGMR                         118     172     214     276     557     
911114 SGMR  44      45      78     115     172     215     278     557     
911115 SGMR  27      36      54     112     165     196     265     537     
911116 SGMR  29      54      94     110     157     197     269     545     
911117 SGMR          58      98     107     158     197     272     570     
911118 SGMR  27      51      89             157     194     263     569     
911119 SGMR  21      46      87     107     154     187     262     555     
911120 SGMR  23      47      87     107     148     185     261     553     
911121 SGMR  20      45      85     101     139     178     255     511     
911122 SGMR  19      32      47     102     133     167     235             
911123 SGMR  17      43      80     100     130     171     250     533     
911124 SGMR  22      31      49      95     125     160     235     465     
911125 SGMR  21      42      85      94     126     168     252     551     
911126 SGMR  19      46      88      98     135     180     260     558     
911127 SGMR  23      48      89     101     143     188     264     560     
911128 SGMR  33      61      94     103     147     189     262     561     
911129 SGMR  51      60      87     105     155     197     269     532     
911130 SGMR  30      51      92     108     157     204     274     554     
 
