950101 SGMR  12      23      29      52      67     120     199     468     
950102 SGMR  12      23      31      53      70     122     210     499     
950103 SGMR  12      24      35      53      72     122     209     512     
950104 SGMR  11      23      34      51      72     124     213     505     
950105 SGMR  11      24      35      53      70     125     214     497     
950106 SGMR  11      24      33      52      69     122     211     509     
950107 SGMR  10      23      35      51      68     118     202     454     
950108 SGMR  11      24      33      50      67     121     209     489     
950109 SGMR  12      25      35      51      69     122     211     489     
950110 SGMR  12      25      35      53      70     124     213     493     
950111 SGMR  11      24      36      54      72     123     207             
950112 SGMR  10      26      34      54      73     124     211     456     
950113 SGMR  10      24      33      54      70     124     203     490     
950114 SGMR  11      24      35      54      74     127     212     491     
950115 SGMR  12      25      35      55      73     126     207     489     
950116 SGMR  11      24      36      54      76     128     209     495     
950117 SGMR  12      25      37      55      78     129     206     489     
950118 SGMR  12      24      36      59      81     139     221     484     
950119 SGMR  13      24      36      60      83     138     218     468     
950120 SGMR  16      25      37      63      85     137     208     465     
950121 SGMR  13      27      39      63      89     137     217     466     
950122 SGMR  12      27      39      62      87     129     210     453     
950123 SGMR  11      25      38      64      88     138     211     488     
950124 SGMR  12      26      40      65      91     138     221     486     
950125 SGMR  12      25      38      62      83     133     215             
950126 SGMR  12      24      39      61      79     130     213     487     
950127 SGMR  11      25      38      58      77     130     214     527     
950128 SGMR  11      24      36      58      76     132     222     523     
950129 SGMR  12      26      34      58      80     130     212     526     
950130 SGMR  14      25      36      59      81     134     213     536     
950131 SGMR  12      25      35      59      81     135     216     531     
950201 SGMR  13      27      36      60      81     134     209     535     
950202 SGMR  15      25      36      59      80     132     209     525     
950203 SGMR  36      23      36      62      81     133     217     517     
950204 SGMR                                                                 
950205 SGMR  11      24      38      58      75     130     221             
950206 SGMR  12      25      38      61      79     129     220             
950207 SGMR  13      25      37      61      78     132     222             
950208 SGMR  17      29      41      63      81     134     219             
950209 SGMR  16      25      36      57      78     132     220     524     
950210 SGMR  15              37      56      75     129     212     525     
950211 SGMR  16      25      36      56      74     127     210     527     
950212 SGMR  15      26      37      57      75     131     222     526     
950213 SGMR          31      40      60      78     131     215     519     
950214 SGMR  13      25      37      59      77     128     214     512     
950215 SGMR  13      26      36      59      78     133     221     526     
950216 SGMR  12      24      36      62      80     137     216     576     
950217 SGMR  14      25      37      65      81     137     217             
950218 SGMR  13      25      37      64      82     135     211             
950219 SGMR  16      28      40      67      89     137     210     527     
950220 SGMR  13      25      39      64      84     142     218     519     
950221 SGMR  14      26      38      64      83     137     217     510     
950222 SGMR  13      27      40      62      80     131     215     522     
950223 SGMR  13      26      37      61      79     133     213     522     
950224 SGMR  14      25      36      60      78     131     211     453     
950225 SGMR  14      25      35      60      78     130     212     522     
950226 SGMR  15      27      39      62      80     134     221     523     
950227 SGMR  14      25      38      60      83     144     225     491     
950228 SGMR                                                                 
950301 SGMR  14      30      32      55      98     108                     
950302 SGMR  19              35      63      89     139     204     513     
950303 SGMR  18              38      63      83     137     213     519     
950304 SGMR  12      18      37      64      85     136     212     524     
950305 SGMR  11      23              62      78     132     212     513     
950306 SGMR  12      25      34      58      80     129     203     457     
950307 SGMR  11      28      34      57      77     128     205             
950308 SGMR  12      24      33      55      78     129     206     532     
950309 SGMR  13      25      34      53      74     128     214     518     
950310 SGMR  11      25      34      53      73     129     209     523     
950311 SGMR  12      25      34      53      71     126     204     522     
950312 SGMR  14      25      34      53      71     127     208     516     
950313 SGMR  11      25      36      54      72     123     202     523     
950314 SGMR  12      24      36      54      75     126     204     501     
950315 SGMR  13      25      35      55      76     129     207     508     
950316 SGMR  12      26      39      61      83     138     213     517     
950317 SGMR  12      24      36      56      76     118     184     446     
950318 SGMR  13      26      37      60      83     137     212     540     
950319 SGMR  12      25      37      59      79     131     208     522     
950320 SGMR  12      25      36      63      83     132     209     522     
950321 SGMR  12      25      37      62      83     128     203     527     
950322 SGMR  11      25      36      63      89     143     220     539     
950323 SGMR  13      28      39      67      90     141     218     526     
950324 SGMR  12      24      37      66      92     143     222     519     
950325 SGMR  12      26      38      67      88     136     212     528     
950326 SGMR  28      31      38      65      85     136     213     540     
950327 SGMR  31      30      37      64      84     142     220     538     
950328 SGMR  19      25      35      62      80     128     209     525     
950329 SGMR          32      42      64      80     136     211     525     
950330 SGMR  15      25      34      57      75     131     213     527     
950331 SGMR  14      24      36      56      72     125     207     522     
950401 SGMR  12      24      34      56      72     125     210     523     
950402 SGMR  10      24      33      53      73     125     209     522     
950403 SGMR  11      24      33      50      71     125     208     522     
950404 SGMR  11      21      34      49      70     128     209     524     
950405 SGMR  12      23      33      51      69     124     215     518     
950406 SGMR  10      23      32      49      69     123     209     520     
950407 SGMR  11      22      32      48      67     121     206     520     
950408 SGMR  11      29      44      48      67     122     203     517     
950409 SGMR  10      29      44      51      69     119     205     519     
950410 SGMR  10      20      31      53      70     123     202     522     
950411 SGMR  10      22      31      53      73     127     212     523     
950412 SGMR  13      23      31      55      76     130     210     505     
950413 SGMR  11      20      31      58      78     123     195     530     
950414 SGMR  12      24      40      64      85     134     209     526     
950415 SGMR  12      25      39      64      88     133     203     524     
950416 SGMR  12      27      39      62      85     136     210     502     
950417 SGMR  10      24      36      64      85     132     207     524     
950418 SGMR                                                                 
950419 SGMR  11      31      37      62      85     126             417     
950420 SGMR  12      20      28      62      83     132     210     529     
950421 SGMR  14      28      33      60      82     135     208     522     
950422 SGMR  12      22      31      61      80     134     212     530     
950423 SGMR  12      25      34      55      74     123     203     525     
950424 SGMR  13      26      36      53      70     122     204     523     
950425 SGMR  11      24      35      51      68     120     200     520     
950426 SGMR  11      24      34      50      67     114     191     522     
950427 SGMR  10      22      32      48      65     117     199     527     
950428 SGMR  11      22      30      46      62     106     176     476     
950429 SGMR  12      22      32      47      66     118             514     
950430 SGMR  11      23      31      48      64     118     205     503     
950501 SGMR  10      23      32      49      66     118     201     515     
950502 SGMR  11      22      32      49      66     119     200     523     
950503 SGMR  11      23      32      49      67     119     201     521     
950504 SGMR  11      24      31      51      67     112             529     
950505 SGMR  12      24      33      53      70     124     207     528     
950506 SGMR  11      25      35      55      73     127     207     514     
950507 SGMR  12      25      34      54      74     127     200     524     
950508 SGMR  12      25      33      57      75     129     208     522     
950509 SGMR  12      26      38      59      75     124     202     518     
950510 SGMR  12      27      37      59      76     129     210     515     
950511 SGMR  11      23      35      57      73     116     184     464     
950512 SGMR  14      24      36      59      76     127     209     515     
950513 SGMR  12      24      36      61      79     124     206     501     
950514 SGMR  12      26      38      60      77     123     203     522     
950515 SGMR  11      22      36      63      83     126     199     485     
950516 SGMR  13      24      39      64      89     145     219     524     
950517 SGMR  21      32      37      63      92     145     219     520     
950518 SGMR  19      29      37      61      87     141     219     506     
950519 SGMR  20      25      33      60      84     121     188     501     
950520 SGMR  17      24      35      57      79     128     208     532     
950521 SGMR  13      24      34      55      74     125     208     528     
950522 SGMR          23      31      51      70     121     206     526     
950523 SGMR  10      23      33      50      66     122     210     523     
950524 SGMR  11      23      31      48      67     124     210     522     
950525 SGMR  10      22      31      47      65     116     198     514     
950526 SGMR  11      22      30      47      65     117     200     517     
950527 SGMR  11      22      31      46      64     118     201     506     
950528 SGMR  11      22      29      48      65     120     201     514     
950529 SGMR  11      22      31      48      65     122     203     483     
950530 SGMR  11      22      30      49      65     120     207     519     
950531 SGMR  10      22      33      50      67     125     210     523     
950601 SGMR  11      23      33      51      68     117     208     507     
950602 SGMR  11      24      32      53      72     121     200     523     
950603 SGMR  10      25      35      55      71     127     212     515     
950604 SGMR  13      25      36      59      77     135     215     521     
950605 SGMR                          62      82     133     208     524     
950606 SGMR                          63      81     137     219     535     
950607 SGMR                          62      78     124     189     456     
950608 SGMR                          64      82     136     220     520     
950609 SGMR                          65      86     131     216     527     
950610 SGMR                          66      84     134     209     532     
950611 SGMR                          64      82     130     205     518     
950612 SGMR  12      26      37      61      80     132     206     516     
950613 SGMR  12      24      37      57      75     124     198             
950614 SGMR  12      26      37      57      75     125     204     517     
950615 SGMR  12      23      31      54      72     123     207     481     
950616 SGMR  11      24      34      52      70     117     206     524     
950617 SGMR  10      23      28      51      69     125             532     
950618 SGMR  11      24      31      52      71     118     205     519     
950619 SGMR  12      22      31      52      71     133     210     524     
950620 SGMR  11      21      32      52      72     123     208     526     
950621 SGMR  11      22      33      51      70     119     205     531     
950622 SGMR  11      24      33      52      72     124     209     537     
950623 SGMR  11      23      32      52      73     119     205     533     
950624 SGMR                                                                 
950625 SGMR  11      24      33      52      70     118     200     521     
950626 SGMR  11      24      30      52      70     123     207     516     
950627 SGMR  11      24      33      54      72     120     207     530     
950628 SGMR  11      24      34      55      74     118     204     536     
950629 SGMR  11      25      35      58      77     126     214     533     
950630 SGMR  11      25      35      58      77     126     214     533     
950701 SGMR  11      24      35      59      78     140     211     528     
950702 SGMR  11      24      34      59      78     140     216     523     
950703 SGMR  12      25      38      60      78     137     215     529     
950704 SGMR                                                                 
950705 SGMR                                                                 
950706 SGMR  13      26      36      60      80     136     206     509     
950707 SGMR  11      26      37      61      81     138     207     517     
950708 SGMR  12      24      35      60      81     127     208     494     
950709 SGMR  12      26      38      59      77     121     207     520     
950710 SGMR  11      23      36      57             120     211     532     
950711 SGMR  10      23      32      58      75     126     209     401     
950712 SGMR  11      23      34      56      73     122     207     518     
950713 SGMR  11      24      34      54      72     132     212     521     
950714 SGMR  14      26      34      56      73     118     180     527     
950715 SGMR  29      30      34      55      74     127     212     530     
950716 SGMR  16      25      33      56      74     125     204     530     
950717 SGMR  12      21      30      54      72     126     210     497     
950718 SGMR  11      21      33      54      71     122     200     517     
950719 SGMR  10      21      32      52      70     121     204     528     
950720 SGMR  10      23      30      52      69     120     200     528     
950721 SGMR  10      23      32      51      69     120     199     516     
950722 SGMR  11      22      30      52      68     124     198     528     
950723 SGMR  11      23      31      50      66     118     203     509     
950724 SGMR  10      22      30      51      69     123     208     522     
950725 SGMR  10      22      32      51      69     121     195     520     
950726 SGMR  10      24      32      55      70     125     210     523     
950727 SGMR  11      23      27      50      69     120     194     528     
950728 SGMR  11      23      32      54      71     120     203     504     
950729 SGMR   8      22      33      50      67     125     202     542     
950730 SGMR  11      23      30      52      67     122     207     559     
950731 SGMR  11      22      31      51      69     117     211     529     
950801 SGMR  10      22      33      55      69     123     196     515     
950802 SGMR  10      23      32      48      74     127     206     515     
950803 SGMR  11      25      35      55      79     125     203     515     
950804 SGMR  11      23      35      55      71     135     204     520     
950805 SGMR  12      23      32      58      73     133     208     509     
950806 SGMR  10      21      36      54      72     126     204     475     
950807 SGMR                          56      73     120     204     517     
950808 SGMR                          55      71     117     201     517     
950809 SGMR   8      20      29      53      71     120     202     510     
950810 SGMR   9      24      37      54      72     123     211     510     
950811 SGMR  13      25      39      53      72     132     210     513     
950812 SGMR  12      27      38      54      71     118     201     506     
950813 SGMR  13      29      38      53      69     117     199     510     
950814 SGMR   9      23      35      51      69     119     199     507     
950815 SGMR  10      22      33      52      68     119     205     502     
950816 SGMR  10      22      35      51      69     133     208     501     
950817 SGMR  10      23      34      52      70     118     199     507     
950818 SGMR  11      26      36      52      70     118     202     507     
950819 SGMR  10      25      35      53      70     123     210     509     
950820 SGMR  11      25      35      52      70     121     205     509     
950821 SGMR  11      24      35      52      71     119     207     507     
950822 SGMR  11      24      35      51      69     124     204     510     
950823 SGMR  10      26      34      54      72     123     210     511     
950824 SGMR  16      29      37      55      75     123     205     512     
950825 SGMR                                                                 
950826 SGMR  11      27      36      56      76     130     210     503     
950827 SGMR                                                                 
950828 SGMR  10      25      35      57      77     130     215     500     
950829 SGMR  11      26      36      57      77     126     202     510     
950830 SGMR  11      25      36      55      74     126     203     509     
950831 SGMR  10      25      36      55      73     127     205     506     
950901 SGMR  10      25      35      54      72     119     208     508     
950902 SGMR  10      24      35      54      71     121     208     508     
950903 SGMR  10      24      35      55      72     123     209     507     
950904 SGMR  10      24      35      54      73     119     206     509     
950905 SGMR  10      24      34      53      71     121     203     508     
950906 SGMR  11      24      34      51      70     129     206     508     
950907 SGMR  10      23      33      49      69     128     204     506     
950908 SGMR  10      23      32      48      67     120     207     495     
950909 SGMR   8      18      32      49      67     117     204     493     
950910 SGMR  10      23      33      48      65     119     208     507     
950911 SGMR  10      23      33      48      65     119     207     501     
950912 SGMR  10      27      35      49      66     125     200     505     
950913 SGMR  10      22      31      49      68     123     200     491     
950914 SGMR  11      24      33      49      67     116     198     497     
950915 SGMR  12      26      36      51      69     116     199     499     
950916 SGMR  11      23      34      50      68     122     211     507     
950917 SGMR  10      23      29      48      66     113     191     397     
950918 SGMR  10      21      28      49      69     121     208     504     
950919 SGMR   8      19      26      48      69     121     208     502     
950920 SGMR   9      21      29      54      73     127     215     493     
950921 SGMR   9      20      30      51      71     118     202     502     
950922 SGMR  10      22      34      52      71     125     211     493     
950923 SGMR   9      23      34      55      74     123     211     505     
950924 SGMR   9      23      35      54      72     122     206     507     
950925 SGMR   9      24      36      53      72     120     198     492     
950926 SGMR   9      24      36      52      70     119     198     462     
950927 SGMR   8      24      36      53      72     124     211     499     
950928 SGMR   9      24      37      53      70     123     202     506     
950929 SGMR  10      24      37      54      71     122     203     506     
950930 SGMR  10      25      39      53      70     123     204     505     
951001 SGMR  10      26      36      51      71     124     212     504     
951002 SGMR   9      24      38      52      69     123     209     503     
951003 SGMR   9      23      36      50      68     119     206     506     
951004 SGMR  10      24      33      50      68     114     189     443     
951005 SGMR   9      23      33      48      67     116     198     474     
951006 SGMR   9      23      33      49      67     119     203     454     
951007 SGMR  11      23      33      49      69     123     203     449     
951008 SGMR  11      25      33      51      72     123     209     499     
951009 SGMR  11      25      34      53      73     125     212     501     
951010 SGMR  11      25      35      56      77     129     216     504     
951011 SGMR  13      26      38      60      86     137     215     508     
951012 SGMR  12      27      40      62      88     139     215     509     
951013 SGMR  12      25      36      61      86     136     212     509     
951014 SGMR  18      28      39      61      82     138     217     494     
951015 SGMR  17      27      37      60      81     133     218     482     
951016 SGMR  16      27      38      59      82     137     213     504     
951017 SGMR  21      26      36      59      82     134     216     505     
951018 SGMR  11      25      35      57      78     131     217     488     
951019 SGMR  17      30      38      57      77     126     214     505     
951020 SGMR  11      25      36      57      79     132     213     482     
951021 SGMR                                                                 
951022 SGMR   9      25      36      56      77     126     205     501     
951023 SGMR  12      27      35      56      75     121     203     495     
951024 SGMR  10      24      35      53      70     122     209     498     
951025 SGMR  10      23      34      53      71     122     210     494     
951026 SGMR  11      24      35      53      72     120     202     492     
951027 SGMR  11      25      35      53      71     122     206     497     
951028 SGMR  10      23      35      52      69     118     194     384     
951029 SGMR  11      24      35      51      70     122     206     497     
951030 SGMR  11      23      34      51      70     121     208     492     
951031 SGMR  10      23      34      50      68     122     206     490     
951101 SGMR  10      23      34      50      69     120     201     465     
951102 SGMR  10      23      33      49      68     111                     
951103 SGMR   9      24      35      50      69     120     197     465     
951104 SGMR  10      25      35      50      68     121     202     489     
951105 SGMR  10      24      36      52      71     123     203     495     
951106 SGMR  10      25      34      52      71     123     207     496     
951107 SGMR  11      25      36      53      71     127     210     492     
951108 SGMR  11      26      37      53      73     121     199     497     
951109 SGMR  11      25      30      53      72     126     212     496     
951110 SGMR  11      26      31      54      73     130     216     488     
951111 SGMR                                                                 
951112 SGMR                                                                 
951113 SGMR  10      25      32      50      70     123     206     474     
951114 SGMR  11      25      27      50      71     123     207     487     
951115 SGMR  10      23      28      52      72     125     206     494     
951116 SGMR  12      23      28      52      72     125     206     492     
951117 SGMR  12      23      27      52      71     124     204     483     
951118 SGMR  11      22      33      56      73     124     214     489     
951119 SGMR  10      22      27      51      69     122     206     471     
951120 SGMR  11      21      27      51      69     124     212     474     
951121 SGMR  10      26      26      50      68     119     201     476     
951122 SGMR   9      22      26      50      69     118     198     494     
951123 SGMR  11      23      27      50      68     124     212     485     
951124 SGMR  12      23      29      50      67     122     202     495     
951125 SGMR  11      23      28      50      67     124     213     483     
951126 SGMR  10      21      27      49      67     121     205     495     
951127 SGMR  10      22      27      49      71     120     203     508     
951128 SGMR  12      23      28      50      67     119     203     520     
951129 SGMR  11      23      29      49      69     119     209     487     
951130 SGMR  12      25      31      50      69     121     208     526     
951201 SGMR  11      23      27      49      67     123     210     505     
951202 SGMR  12      24      28      49      67     116     198     527     
951203 SGMR  11      23      28      49      68     124     210     527     
951204 SGMR  11      26      34      48      67     121     204     524     
951205 SGMR  12      27      34      49      69     120     201     528     
951206 SGMR   9      25      33      50      69     123     204     521     
951207 SGMR  12      28      35      50      68     125     212     514     
951208 SGMR  11      26      35      50      68     124     212     531     
951209 SGMR                          48      67     122     192     503     
951210 SGMR  13      25      33      50      68     125     213     543     
951211 SGMR  15      28      34      49      69     126     217     535     
951212 SGMR  15      25      33      50      70     124     215     536     
951213 SGMR  11      29      33      48      67     123     211     534     
951214 SGMR  13      27      33      48      66     122     212     518     
951215 SGMR  12      28      32      46      68     117     203     512     
951216 SGMR  12      27      31      45      65     115     198     484     
951217 SGMR  12      28      32      48      66     117     200     521     
951218 SGMR  14      26      31      45      63     121     210     544     
951219 SGMR  14      28      32      46      64     120     209     523     
951220 SGMR  13      26      32      45      65     119     201     485     
951221 SGMR  14      20      32      45      65     118     192     520     
951222 SGMR  14      27      33      48      66     120     204     523     
951223 SGMR  14      26      32      48      65     120     203     522     
951224 SGMR  14      26      33      49      65     119     203     516     
951225 SGMR  12      26      33      49      67     119     202     526     
951226 SGMR  12      26      34      50      67     123     241     517     
951227 SGMR  12      28      35      50      66     123     212     507     
951228 SGMR  13      26      34      52      69     123     207     533     
951229 SGMR  11      26      35      50      69     122     207     532     
951230 SGMR  12      27      35      51      69     124     208     530     
951231 SGMR                                                                 

