970101 SGMR   9      28      35      48      67     117     212     524     
970102 SGMR   8      26      35      47      65     110     206     520     
970103 SGMR   8      26      32      49      68     123     222     515     
970104 SGMR   8      26      36      49      67     124     224     521     
970105 SGMR   8      26      33      49      70     124     222     489     
970106 SGMR   8      25      35      47      69     123     220     521     
970107 SGMR   8      26      35      46      68     120     217     533     
970108 SGMR   9      25      35      47      68     123     225     535     
970109 SGMR   8      26      35      50      69     123     227     528     
970110 SGMR   8      26      36      47      68     123     221     519     
970111 SGMR   8      29      37      47      69     124     226     494     
970112 SGMR   7      28      37      49      68     120     224     524     
970113 SGMR   9      28      39      48      67     123     218     530     
970114 SGMR  10      30      39      49      70     122     223     532     
970115 SGMR  10      28      38      54      73     126     230     530     
970116 SGMR  13      28      35      51      69     108     179     379     
970117 SGMR  10      26      35      49      69     124     229     480     
970118 SGMR  10      27      38      50      70     127     230     543     
970119 SGMR  10      28      39      55      72     129     243     541     
970120 SGMR  10      27      36      50      70     120     220     537     
970121 SGMR  12      27      35      50      68     124     223     531     
970122 SGMR   8      23      33      48      68     124     223     505     
970123 SGMR   8      23      33      48      67     122     221     508     
970124 SGMR                                                                 
970125 SGMR   8      25      34      49      68     122     222     516     
970126 SGMR   8      26      35      48      68     122     223     540     
970127 SGMR   9      26      34      48      65     122     227     536     
970128 SGMR   7      26      32      46      64     110     191     504     
970129 SGMR   9      27      36      50      69     126     230     540     
970130 SGMR   7      26      36      45      65     121     222     547     
970131 SGMR   8      26      35      48      68     124     221     501     
970201 SGMR   9      25      33      46      66     116     208     500     
970202 SGMR  17      32      38      51      71     127     229     535     
970203 SGMR  11      30      31      53      73     122     207     503     
970204 SGMR   9      27      36      52      73     128     227     532     
970205 SGMR  11      27      31      49      66     119     207     509     
970206 SGMR  13      26      35      48      68     124     225     532     
970207 SGMR  14      27      34      51      72     124     222     526     
970208 SGMR  11      29      37      50      68     124     218     524     
970209 SGMR  11      22      36      48      70     123     224     539     
970210 SGMR  12      28      36      48      68     123     228     536     
970211 SGMR  10      27      36      48      66     122     222     530     
970212 SGMR   9      27      35      47      67     118     213     529     
970213 SGMR   8      27      36      52      71     124     237     540     
970214 SGMR  10      25      34      47      66     108     184     392     
970215 SGMR   8      27      35      48      65     119     216     520     
970216 SGMR   8      26      35      47      67     120     223     526     
970217 SGMR   8      26      35      50      69     123     233     539     
970218 SGMR  11      28      37      50      69     126     231     535     
970219 SGMR   8      29      35      48      68     119     215     529     
970220 SGMR   9      25      35      46      68     123     228     536     
970221 SGMR   8      26      35      48      67     122     224     518     
970222 SGMR  10      26      36      49      69     127     231     524     
970223 SGMR   8      25      34      48      70     123     227     543     
970224 SGMR   8      28      37      53      70     125     229     542     
970225 SGMR   9      26      36      52      70     125     207     546     
970226 SGMR   9      27      36      52      69     124     206     531     
970227 SGMR  12      26      34      50      70     120     197     510     
970228 SGMR  10      26      35      51      67     123     204     535     
970301 SGMR  12      27      36      51      68     123     200     531     
970302 SGMR  10      26      35      50      66     122     202     472     
970303 SGMR  12      27      35      51      68     125     205     535     
970304 SGMR  10      27      36      52      70     125     207     523     
970305 SGMR  10      27      36      52      71     123     202     534     
970306 SGMR  13      29      38      53      71     127     208     535     
970307 SGMR  12      28      38      52      72     127     209     523     
970308 SGMR  12      28      38      52      72     127     209     523     
970309 SGMR  11      28      38      53      70     124     202     543     
970310 SGMR  11      28      37      53      70     125     207     540     
970311 SGMR  11      27      34      52      70     123     198     526     
970312 SGMR  11      28      38      54      71     125     204     539     
970313 SGMR  12      27      36      53      70     123     207     549     
970314 SGMR  10      27      39      55      71     127     200     480     
970315 SGMR  12      28      38      54      71     128     209     551     
970316 SGMR  11      26      36      54      74     122     198     545     
970317 SGMR  10      26      35      53      72     129     208     544     
970318 SGMR  12      26      36      50      70     128     209     548     
970319 SGMR   9      29      39      51      70     127     211     551     
970320 SGMR   9      26      36      49      67     125     207     535     
970321 SGMR  10      26      35      49      67     120     198     539     
970322 SGMR   9      26      35      50      67     126     206     529     
970323 SGMR  10      26      35      49      67     123     205     549     
970324 SGMR  11      26      35      49      66     124     202     548     
970325 SGMR   9      26      35      50      70     121     199     544     
970326 SGMR  10      26      35      48      65     122     206     539     
970327 SGMR  10      27      36      49      68     124     208     538     
970328 SGMR  11      27      36      51      69     120     199     535     
970329 SGMR  11      27      35      52      71     122     194     529     
970330 SGMR  11      28      36      52      71     121     208     536     
970331 SGMR  12      31      29      49      76     115     174     442     
970401 SGMR                  28      52      80     125     207     476     
970402 SGMR  18      29      36      55      75     132     211     549     
970403 SGMR  14      29      42      61      80     132     220     555     
970404 SGMR  11      28      38      56      74     124     200     538     
970405 SGMR  12      28      38      58      75     123     197     540     
970406 SGMR  11      29      39      58      75     123     199     532     
970407 SGMR  13      27      37      56      74     124     206     533     
970408 SGMR  13      28      40      55      73     128     210     543     
970409 SGMR                                                                 
970410 SGMR  11      26      38      56      75     128     203     545     
970411 SGMR  12      28      37      54      76     131     208     545     
970412 SGMR  13      29      39      58      73     131     210     539     
970413 SGMR  24      31      39      55      75     127     201     531     
970414 SGMR  17      30      37      55      76     134     210     544     
970415 SGMR  17      28      38      54      76     134     212     545     
970416 SGMR  11      26      36      52      70     119     198     540     
970417 SGMR  12      27      35      52      71     123     199     515     
970418 SGMR  13      27      34      50      68     121     196     514     
970419 SGMR  11      29      40      53      68     125     213     537     
970420 SGMR  13      26      36      50      68     124     204     537     
970421 SGMR  11      25      34      50      68     124     207     520     
970422 SGMR  12      26      35      49      67     120     194     510     
970423 SGMR  11      25      34      49      68     122     204     519     
970424 SGMR  12      26      35      50      69     123     204     520     
970425 SGMR  12      27      35      49      68     123     204     521     
970426 SGMR  14      26      34      50      67     120     203     519     
970427 SGMR  13      27      36      54      65     116     209     505     
970428 SGMR  12      27      35      52      71     117     182     433     
970429 SGMR  14      26      38      52      71     128     205     521     
970430 SGMR  12      27      37      53      71     116     199     519     
970501 SGMR  12      26      36      53      70     118     195     517     
970502 SGMR  14      28      38      52      71     126     205     518     
970503 SGMR  15      28      37      51      71     126     210     519     
970504 SGMR  13      26      34      52      71     127     209     523     
970505 SGMR  13      29      38      54      71     128     210     521     
970506 SGMR  11      28      37      52      71     125     198     448     
970507 SGMR  12      28      37      52      70     127     211     523     
970508 SGMR  13      27      37      54      69     128     209     522     
970509 SGMR  14      30      36      53      71     125     196     486     
970510 SGMR  12      28      36      53      74     129     205     507     
970511 SGMR  14      26      35      52      72     130     210     519     
970512 SGMR  16      27      37                                     519     
970513 SGMR  11      27      37      48      72     119     201     515     
970514 SGMR  11      26      38      54      74     118     195     521     
970515 SGMR  11      26      37      52      72     120     199     513     
970516 SGMR  12      27      39      53      73     131     204     462     
970517 SGMR  11      24      36      53      72     131     199     516     
970518 SGMR  11      25      36      53      73     121     196     523     
970519 SGMR  13      26      37      54      74     125     196     470     
970520 SGMR  13      27      39      55      77     134     199     513     
970521 SGMR  16      29      40      59      85     143     193     463     
970522 SGMR  16      30      41      58      79     138     208     526     
970523 SGMR  12      28      39      57      77     136     207     513     
970524 SGMR  12      26      36      56      75     121     194     519     
970525 SGMR  13      26      37      59      79     132     198     436     
970526 SGMR  11      27      39      58      78     123     201     526     
970527 SGMR  13      26      39      59      81     136     206     533     
970528 SGMR  13      28      41      58      75     125     209     523     
970529 SGMR  12      29      41      57      76     124     208     522     
970530 SGMR  14      26      38      56      73     117     198     521     
970531 SGMR  11      26      37      58      75     120     197     512     
970601 SGMR  12      26      38      59      74     125     199     502     
970602 SGMR  19      31      41      58      78     127     205     519     
970603 SGMR  16      30      40      57      77     130     207     516     
970604 SGMR  16      29      40      57      74     130     207     520     
970605 SGMR  18      30      40      55      72     129     205     522     
970606 SGMR  19      30      39      55      72     127     204     523     
970607 SGMR  13      28      39      55      73     129     201     520     
970608 SGMR  13      28      39      56      73     121     199     521     
970609 SGMR  11      27      38      54      73     120     205     519     
970610 SGMR  11      27      38      53      72     127     207     514     
970611 SGMR  11      32      37      52      71     115     195     511     
970612 SGMR  12      26      35      51      69     120     201     511     
970613 SGMR  11      26      38      51      72     123     199     499     
970614 SGMR  12      26      37      51      70     120     200     507     
970615 SGMR  11      25      36      52      70     124     206     510     
970616 SGMR  13      27      38      52      71     117     202     510     
970617 SGMR  10      26      26      51      69     130     207     505     
970618 SGMR  12      27      37      53      69     131     204     497     
970619 SGMR  11      26      37      51      71     126     206     503     
970620 SGMR  11      26      37      52      71     124     207     505     
970621 SGMR  13      27      37      51      64     118     208     499     
970622 SGMR  12      26      37      51      70     116     205     500     
970623 SGMR  12      26      37      51      70     116     197     504     
970624 SGMR  11      26      37      52      69     125     209     504     
970625 SGMR  12      27      37      53      72     120     201     497     
970626 SGMR  14      28      38      53      72     124     208     492     
970627 SGMR  15      27      38      53      73     125     209     507     
970628 SGMR                          53      72     125     209     501     
970629 SGMR  12      27      37      52      71     118     208     504     
970630 SGMR  11      29      37      51      69     118     209     499     
970701 SGMR  11      27      38      52      69     127     211     501     
970702 SGMR  11      27      38      52      71     124     210     494     
970703 SGMR  11      26      38      50      68     122     210     494     
970704 SGMR  10      23      35      51      69     117     201     499     
970705 SGMR  10      27      38      52      68     120     206     495     
970706 SGMR  11      27      37      51      70     116     197     499     
970707 SGMR  12      26      38      52      70     121     203     499     
970708 SGMR  11      26      37      52      71     119     205     498     
970709 SGMR  11      27      37      51      70     120     205     498     
970710 SGMR  10      26      37      51      69     118     217     502     
970711 SGMR  10      25      36      51      68     120     217     502     
970712 SGMR  10      25      35      49      73     118     220     500     
970713 SGMR  10      24      35      49      67     121     221     491     
970714 SGMR  10      25      40      50      68     117     219     486     
970715 SGMR  10      25      40      50      70     123     220     461     
970716 SGMR  11      25      37      51      71     120     209     485     
970717 SGMR  10      25      37      51      70     119     222     491     
970718 SGMR  10      25      36      50      70     133     220     491     
970719 SGMR  15      26      38      53      71     127     222     484     
970720 SGMR  12      26      37      53      71     124     219     495     
970721 SGMR  12      27      39      53      71     125             480     
970722 SGMR  13      28      40      54      73     114     213     531     
970723 SGMR  10      26      38      55      75     122     224     529     
970724 SGMR   9      32      39      57      77     121     226     528     
970725 SGMR  14      28      41      59      82     123     225     522     
970726 SGMR  14      26      37      57      79     123     221     519     
970727 SGMR                                                                 
970728 SGMR  12      25      37      55      74     124     223     517     
970729 SGMR  12      26      39      55      76     114     213     523     
970730 SGMR  11      27      38      52      72     111     213     524     
970731 SGMR  12      28      37      51      71     114     223     518     
970901 SGMR  11      27      38      52      70     111     226     527     
970902 SGMR  12      26      36      52      68     110     221     521     
970903 SGMR  12      26      37      52      71     116     226     511     
970904 SGMR  10      27      39      54      73     118     218     521     
970905 SGMR  10      26      38      54      72     121     228     524     
970906 SGMR  12      26      27      55      75     122     218     523     
970907 SGMR  14      27      39      55      75     119     220     524     
970908 SGMR  15      26      37      56      77     114     212     524     
970909 SGMR  11      26      39      58      78     121     214     524     
970910 SGMR  10      27      39      57      77     115     227     516     
970911 SGMR  10      27      40      59      79     117     217     523     
970912 SGMR  13      27      39      59      79     120     225     522     
970913 SGMR  12      29      41      61      83     118     214     470     
970914 SGMR  12      27      40      59      78     119     219     528     
970915 SGMR  10      27      40      59      76     120     223     516     
970916 SGMR  10      27      40      59      78     126     226     521     
970917 SGMR  11      26      38      57      75     118     232     518     
970918 SGMR  13      27      39      57      76     121     242     522     
970919 SGMR  11      27      39      55      74     120     243     526     
970920 SGMR  12      28      40      56      74     120     235     524     
970921 SGMR  10      28      39      56      72     116     229     466     
970922 SGMR  10      27      39      55      73     114     240     520     
970923 SGMR  11      26      39      56      74     123     234     514     
970924 SGMR  12      28      40      57      76     125     230     524     
970925 SGMR  36      32      41      60      82     124     236     527     
970926 SGMR  15      29      39      61      82     123     217     526     
970927 SGMR  12      28      40              79     113     210     510     
970928 SGMR  13      28      40      67      90     129     234     516     
970929 SGMR  16      29      45      68      90     129     235     522     
970930 SGMR  22      31      45      69      91     131     232     524     
971001 SGMR  11      31      41      62      84     131     217     540     
971002 SGMR  11      32      43      62      81     129     209     528     
971003 SGMR  14      32      41      64      81     127     214     516     
971004 SGMR  24      31      42      63      80     124     213     521     
971005 SGMR  13      31      42      64      80     129     214     514     
971006 SGMR  15      31      42      64      78     119     212     518     
971007 SGMR  14      30      43      65      79     132     216     528     
971008 SGMR  12      30      43      63      78     118     203     517     
971009 SGMR  14      31      44      64      80     122     206     514     
971010 SGMR  14      31      43      64      79     119     213     523     
971011 SGMR  27      35      43      64      79     124     215     527     
971012 SGMR  16      31      42      65      84     126     216     530     
971013 SGMR  16      32      42      66      86     122     206     518     
971014 SGMR  15      32      42      63      82     124     258     517     
971015 SGMR  14      31      41      63      83     122     209     517     
971016 SGMR  15      31      40      63      82     126     212     506     
971017 SGMR  14      31      42      65      84     127     217     530     
971018 SGMR  15      31      41      64      82     128     213     533     
971019 SGMR   7      31      41      61      80     126     214     514     
971020 SGMR  13      30      40      61      79     126     219     524     
971021 SGMR  14      31      42      62      80     125     217     525     
971022 SGMR  14      30      40      59      76     123     218     527     
971023 SGMR  14      30      38      60      76     123     217     529     
971024 SGMR  13      29      39      58      74     121     215     521     
971025 SGMR  15      29      34      57      73      98     161     323     
971026 SGMR  16      30      40      59      77     124     219     525     
971027 SGMR  16      30      38      60      80     126     216     496     
971028 SGMR  17      31      41      62      81     128     219     520     
971029 SGMR  15      32      43      61      81     131     224     525     
971030 SGMR  16      31      41      63      83     127     211     528     
971031 SGMR  15      32      41      62      82     129     219     521     
971101 SGMR  15      32      39      63      85     124     206     473     
971102 SGMR  15      31      42      67      90     131     227     511     
971103 SGMR 250      63      45      71     100     159     253     536     
971104 SGMR  76      64      58      79     111     170     257     530     
971105 SGMR  40      39      48      77     105     162     256     536     
971106 SGMR  39      38      46      75      99     149     239     533     
971107 SGMR  35      37      44      68      88     138     232     523     
971108 SGMR                                                                 
971109 SGMR  16      30      38      61      78     114     196     488     
971110 SGMR  15      31      41      57      80     123     194     556     
971111 SGMR  15      33      40                             205     554     
971112 SGMR  18      31      41      62      82     132     234     585     
971113 SGMR  17      32      41      63      84     131     213     585     
971114 SGMR  15      29      39      63      94     123     208     466     
971115 SGMR  13      34      37              93     132     228     542     
971116 SGMR  20      33      41      64      88     134     234     535     
971117 SGMR  62      42      43      70      93     141     232     590     
971118 SGMR  75      41      42      67      86     134     241     578     
971119 SGMR  82      41      43      65      82     129     230     576     
971120 SGMR  18      30      42      64      81     128     246     571     
971121 SGMR  36      34      43      67      87     137     228     568     
971122 SGMR  19      34      39      62      89     136     225     524     
971123 SGMR  18      32      42      69      90     132     241     537     
971124 SGMR  16      32      43      74      93     139     252     572     
971125 SGMR  17      32      46      75      94     138     264     586     
971126 SGMR  18      34      47      78      99     148     281     562     
971127 SGMR  17      36      49      80     102     152     268     578     
971128 SGMR  16      33      42      81     107     157     292     544     
971129 SGMR  14      30      40      82     107     151     223     546     
971130 SGMR  16      34      47      81     104     150     213     563     
971201 SGMR  16      35      43      83     103     143     210     554     
971202 SGMR  18      37      47      83     103     149     219     572     
971203 SGMR  17      36      47      73      97     141     209     539     
971204 SGMR  17      35      49      78      99     140     196     549     
971205 SGMR  16      35      40      75      96     134     203     527     
971206 SGMR  55      41      51      79      96     140     211     571     
971207 SGMR  16      36      45      74      92     135     210     562     
971208 SGMR  16      34      44      66      87     135     210     553     
971209 SGMR  17      33      44      68      88     137     219     562     
971210 SGMR  27      38      45      67      86     136     246     562     
971211 SGMR  17      34      43      66      87     139     219     566     
971212 SGMR  16      32      42      65      84     136     216     555     
971213 SGMR  16      30      39      62      79     132     201     555     
971214 SGMR  13      29      39      50      81     134     190     565     
971215 SGMR  18      31      40      62      82     132     217     566     
971216 SGMR  19      31      40      61      79     129     221     558     
971217 SGMR  17      30      40      60      78     126     214     550     
971218 SGMR  17      31      41      62      78     129     228     560     
971219 SGMR  17      30      40      64      79     129     223     557     
971220 SGMR  17      33      43      63      81     128     210     547     
971221 SGMR  19      32      42      65      85     134     210     558     
971222 SGMR  18      34      42      66      86     134     228     561     
971223 SGMR  15      30      31      64     107     126     166     450     
971224 SGMR  13       1      16      73      98     148     216     554     
971225 SGMR  20      35      44      72      97     130     191     435     
971226 SGMR  18      23      46      74      94     147     219     544     
971227 SGMR  17      33      47      70      94     144     219     552     
971228 SGMR  15      32      45      64      94     142     209     560     
971229 SGMR  14      31      44      48      90     142     228     540     
971230 SGMR  18      36      50      76      96     142     213     511     
971231 SGMR  16      27      46      72      94     148     233     555     

