050101 SGMR  12      26      29      59      99     148     228     508     
050102 SGMR  14      29      37      59     101     151     238     508     
050103 SGMR  11      25      33      59      96     142     213     481     
050104 SGMR  10      25      33      54      88     143     227     487     
050105 SGMR   9      24      33      54      88     135     212     463     
050106 SGMR  10      22      30      49      81     130     212     418     
050107 SGMR  15      23      31      49      84     140     229     498     
050108 SGMR                          51      85     142     226     472     
050109 SGMR  15      23      30      52      90     136     206     504     
050110 SGMR  17      23      32      54      88     142     228     490     
050111 SGMR  12      25      33      55      92     148     234     507     
050112 SGMR  25      25      29      54     102     140     208     415     
050113 SGMR  70      31      31      61     113     185     294     500     
050114 SGMR 122      48      40      62     115     181     255     433     
050115 SGMR 180      39      44      78     144     230     402     557     
050116 SGMR 192      37      42      76     148     229     327     579     
050117 SGMR  82      44      41      74     144     219     300     533     
050118 SGMR  66      32      39      74     141     222     334     554     
050119 SGMR  38      31      41      76     142     208     302     540     
050120 SGMR  11      27      40      73     133     195     277     550     
050121 SGMR   8      26      38      65     113     172     277     497     
050122 SGMR  14      27      41      61     109     162     266     511     
050123 SGMR                                                                 
050124 SGMR  10      27      38      57      99     145     236     507     
050125 SGMR  16      30      38      56      93     153     233     510     
050126 SGMR  10      25      35      54      90     136     224     483     
050127 SGMR  14      29      36      53      88     135     230     503     
050128 SGMR  10      27      36      51      86     133     226     498     
050129 SGMR  21      27      36      50      86     135     229     506     
050130 SGMR  12      26      34      52      88     139     223     507     
050131 SGMR   9      32      35      50      88     136     227     501     
050201 SGMR  12      26      35      49      85     134     226     500     
050202 SGMR  12      39      32      47      84     133     226     501     
050203 SGMR  14      24      33      48      82     138     224     501     
050204 SGMR  11      48      32      50      87     142     230     484     
050205 SGMR  12      25      33      52      91     142     227     515     
050206 SGMR  21      27      34      56     101     146     225     514     
050207 SGMR  11      28      32      60     102     147     231     511     
050208 SGMR  18      27      34      62     107     156     238     516     
050209 SGMR  52      27      36      65     110     159     234     511     
050210 SGMR  17      26      30      65     111     143     211     367     
050211 SGMR  70      36      39      69     120     150     227     505     
050212 SGMR  52      36      41      71     118     166     251     520     
050213 SGMR 112      41      42      69     120     167     249     516     
050214 SGMR  75      36      42      71     118     172     239     516     
050215 SGMR  30      30      40      70     117     175     247     516     
050216 SGMR  67      29      40      67     113     171     240     513     
050217 SGMR 124      38      39      62     111     171     250     518     
050218 SGMR  31      29      37      58      96     179     240     514     
050219 SGMR  15      27      37      58     102     159     249     500     
050220 SGMR  28      29      38      54      99     152     240     512     
050221 SGMR  16      30      36      52      93     147     233     475     
050222 SGMR  14      45      35      52      96     145     223     487     
050223 SGMR  17      31      34      50      87     139     228     504     
050224 SGMR                                                                 
050225 SGMR                                                                 
050226 SGMR  10      26      31      43      77     129     220     505     
050227 SGMR   9      27      34      44      78     131     226     510     
050228 SGMR   9      26      33      43      74     131     225     502     
050301 SGMR  10      25      34      43      80     128     223     491     
050302 SGMR  10      26      33      42      77     126     225     486     
050303 SGMR   9      26      34      45      81     132     224     512     
050304 SGMR  10      26      34      45      82     134     226     503     
050305 SGMR  13      25      33      46      81     133     224     507     
050306 SGMR   9      25      34      48      83     134     222     503     
050307 SGMR  10      25      33      52      91     139     229     508     
050308 SGMR  16      26      28      54      94     138     223     476     
050309 SGMR  10      29      39      58     102     148     236     521     
050310 SGMR   9      28      42      60     102     147     233     518     
050311 SGMR  10      28      38      65     104     194     233     519     
050312 SGMR  12      30      26      64     108     135     201     456     
050313 SGMR  18      30      38      66     117     161     231     521     
050314 SGMR  43      42      45      67     116     163     244     518     
050315 SGMR  27      37      43      65     116     160     243     510     
050316 SGMR  30      33      40      61     109     160     233     511     
050317 SGMR  27      36      41      60     103     155     240     513     
050318 SGMR  10      30      42      56     103     157     236     516     
050319 SGMR  11      28      38      55      91     155     233     520     
050320 SGMR  12      28      36      52      93     148     228     507     
050321 SGMR  13      28      36      51      93     147     227     508     
050322 SGMR   9      27      35      50      92     142     222     496     
050323 SGMR   9      16      34      50      91     146     230     516     
050324 SGMR  10      27      35      50      91     136     230     503     
050325 SGMR  10      27      34      50      86     139     224     509     
050326 SGMR   8      26      34      49      86     136     225     509     
050327 SGMR   8      24      29      47      84     135     226     511     
050328 SGMR   8      26      31      46      80     118     186     382     
050329 SGMR   8      24      31      46      80     125     211     460     
050330 SGMR   9      25      32      45      80     133     222     508     
050331 SGMR  10      25      33      46      79     133     222     505     
050401 SGMR  16      26      33      48      82     137     225     503     
050402 SGMR  11      26      31      47      80     117     187     471     
050403 SGMR  11      27      35      49      85     135     223     509     
050404 SGMR  12      28      34      53      91     144     228     510     
050405 SGMR  12      28      36      53      92     145     225     511     
050406 SGMR  11      28      38      54      91     141     225     508     
050407 SGMR  10      28      37      53      92     144     227     509     
050408 SGMR  12      28      37      53      94     145     228     509     
050409 SGMR   9      28      37      55      94     145     224     514     
050410 SGMR   9      27      37      56      93     146     220     518     
050411 SGMR  14      29      39      54      91     148     230     512     
050412 SGMR                                                                 
050413 SGMR   9      28      38      52      88     137     225     516     
050414 SGMR   9      27      34      53      89     141     223     518     
050415 SGMR  10      28      37      53      93     138     226     511     
050416 SGMR  13      31      37      52      84     136     221     513     
050417 SGMR  10      28      36      51      89     140     217     516     
050418 SGMR  15      27      33      49      88     134     208     506     
050419 SGMR  14      27      36      48      83     134     220     512     
050420 SGMR  10      27      35      48      81     128     212     521     
050421 SGMR  11      28      34      48      80     134     220     513     
050422 SGMR  11      25      34      47      81     136     223     510     
050423 SGMR   8      26      32      46      83     120     166     266     
050424 SGMR   9      25      32      49      86     138     231     502     
050425 SGMR  10      26      34      50      89     142     230     495     
050426 SGMR   9      27      36      51      90     149     231     513     
050427 SGMR  10      26      34      53      99     137     196     357     
050428 SGMR  11      28      37      56     103     166     237     520     
050429 SGMR  30      34      36      59     109     177     255     523     
050430 SGMR  13      27      32      59     107     168     236     470     
050501 SGMR  14      28      36      64     119     178     254     500     
050502 SGMR  29      31      39      67     119     179     252     521     
050503 SGMR  12      29      39      65     122     177     249     520     
050504 SGMR  18      29      39      65     119     170     241     525     
050505 SGMR  24      32      39      61     116     182     244     516     
050506 SGMR  14      37      51      77     139     191     260     538     
050507 SGMR                                                                 
050508 SGMR  17      29      39      62     109     155     237     504     
050509 SGMR  18      33      40      67     119     177     246     524     
050510 SGMR  19      33      41      65     122     178     245     517     
050511 SGMR  22      32      41      68     125     185     242     524     
050512 SGMR  32      39      44      68     128     190     249     534     
050513 SGMR  16      32      42      69     136     203     263     549     
050514 SGMR  34      36      40      64     113     163     241     520     
050515 SGMR  25      32      39      63     113     162     243     508     
050516 SGMR  38      33      39      63     114     165     244     505     
050517 SGMR                          57      98     151     218     516     
050518 SGMR  10      40      37      55      96     139     222     500     
050519 SGMR  22      27      34      47      89     135     219     516     
050520 SGMR  10      27      35      51      90     134     221     517     
050521 SGMR  10      24      29      49      89     129     191     485     
050522 SGMR  10      27      35      52      86     137     225     499     
050523 SGMR   9      27      35      52      91     135     226     477     
050524 SGMR  10      27      33      53      97     131     209     492     
050525 SGMR   8      27      33      52      89     130     206     437     
050526 SGMR  20              33      52      89     130     206     465     
050527 SGMR  13      28      35      58     102     153     226     515     
050528 SGMR  11      30      37      57     104     150     227     531     
050529 SGMR  18      32      35      58     107     158     227     511     
050530 SGMR  10      28      35      61     105     149     212     433     
050531 SGMR   9      28      37      62     110     145     230     509     
050601 SGMR  24      30      37      61     101     153     220     509     
050602 SGMR  11      28      35      60     100     143     226     525     
050603 SGMR  15      36      39      62     106     150     230     532     
050604 SGMR  17      34      40      61     105     155     234     529     
050605 SGMR  30      37      39      65     116     156     229     519     
050606 SGMR ***     117      39      65     116     156     229     519     
050607 SGMR  30      35      39      67     121     170     238     527     
050608 SGMR  47      43      40      68     123     174     242     528     
050609 SGMR  88      60      45      71     128     175     249     525     
050610 SGMR  93      35      40      67     125     173     238     543     
050611 SGMR  19              38      64     117     158     220     525     
050612 SGMR  21      31      37      66     119     158     235     517     
050613 SGMR   9      27      33      59     104     151     227     521     
050614 SGMR  18      34      35      59     113     156     243     514     
050615 SGMR  13      29      35      53     104     154     231     499     
050616 SGMR  36      35      37      59     112     154     234     514     
050617 SGMR  20      35      35      56     103     151     234     520     
050618 SGMR  28      31      34      54     101     142     226     509     
050619 SGMR  12      31      34      54      90     145     230     530     
050620 SGMR  14      27      33      54      92     137     220     520     
050621 SGMR  15      26      32      51      91     137     213     524     
050622 SGMR   8      23      31      51      88     135     219     526     
050623 SGMR  12      26      34      51      88     127     208     518     
050624 SGMR  10      25      32      50      81     128     214     521     
050625 SGMR   9      25      34      51      81     128     204     521     
050626 SGMR   9      26      33      52      85     130     207     524     
050627 SGMR   9      27      34      52      87     134     218     520     
050628 SGMR   9      26      35      54      90     137     219     517     
050629 SGMR  12      26      36      55      98     137     219     520     
050630 SGMR  12      30      38      64     110     153     232     523     
050701 SGMR  14      29      38      67     125     166     229     513     
050702 SGMR  39      43      42      73     133     173     243     535     
050703 SGMR  25      40      46      78     141     182     244     540     
050704 SGMR  37      37      42      76     140     171     233     531     
050705 SGMR  29      46      44      83     136     178     233     532     
050706 SGMR  22      35      41      76     138     185     253     493     
050707 SGMR  55      52      49      77     138     174     244     524     
050708 SGMR  23      36      41      68     124     174     247     508     
050709 SGMR  12      30      39      72     131     153     232     543     
050710 SGMR  19      28      37      66     111     157     232     533     
050711 SGMR  10      29      38      60      98     158     233     534     
050712 SGMR  12      27      37      57     112     167     257     552     
050713 SGMR  12      29      36      54      99     157     240     531     
050714 SGMR  13      31      36      57      99     154     237     532     
050715 SGMR  14      29      37      63     107     152     231     525     
050716 SGMR  12      26      33      49      89     136     218     525     
050717 SGMR  10      26      32      46      79     128     218     512     
050718 SGMR   9      25      32      46      77     124     215     503     
050719 SGMR   9      25      32      47      77     130     208     509     
050720 SGMR   9      25      32      46      76     126     207     521     
050721 SGMR   9      25      32      46      78     129     215     522     
050722 SGMR   9      25      32      47      82     128     212     520     
050723 SGMR  10      26      33      51      86     134     220     542     
050724 SGMR  12      28      35      52      86     135     220     526     
050725 SGMR  14      29      36      52      92     137     223     522     
050726 SGMR  11      27      37      56      97     137     215     540     
050727 SGMR  26      28      36      57      99     145     224     538     
050728 SGMR  11      28      38      58     102     151     219     557     
050729 SGMR  12      30      40      63     111     172     240     546     
050730 SGMR  20      30      40      65     113     168     244     553     
050731 SGMR                                                                 
050801 SGMR  27      34      41      74     124     160     228     538     
050802 SGMR  12      29      41      53     122     165     234     541     
050803 SGMR                                                                 
050804 SGMR  11      28      40      67     116     154     233     542     
050805 SGMR  10      27      37      65     107     142     219     529     
050806 SGMR  21      29      38      70      98     144     224     544     
050807 SGMR  10      29      36      59     103     144                     
050808 SGMR  19      29      36      56      95     142     219     543     
050809 SGMR   9      26      33      53      82             216     536     
050810 SGMR   9      25      31      49      85     134     216     534     
050811 SGMR   9      24      30      46      83     131     215     534     
050812 SGMR   9      24      31      47      84     130     216     532     
050813 SGMR   9      24      31      45      90     125     196     530     
050814 SGMR   7      24      30      46      90     129     215     529     
050815 SGMR   7      23      32      45      75     124     221     534     
050816 SGMR   8      25      29      47      79     123     206     541     
050817 SGMR                          50      86     131     221     545     
050818 SGMR   9      24      31      51      91     133     221     552     
050819 SGMR          31      34      54     103     154     228     586     
050820 SGMR  49      44      36      57     107     155     228     537     
050821 SGMR  98      33      32      60     109     158     224     521     
050822 SGMR  76      62      33     100     246     478     225     559     
050823 SGMR  38      39      42      68     125     170     249     561     
050824 SGMR  12      28      33      64     113     158     233     547     
050825 SGMR  15      31      37      57      99     144     219     536     
050826 SGMR  14      26      36      66     102     150     227     559     
050827 SGMR   9      26      34      59      99     145     222     544     
050828 SGMR   9      26      36      60      97     143     225     537     
050829 SGMR  11      40      45      64      98     144     227     537     
050830 SGMR   9      25      31      59      93     139     221     518     
050831 SGMR  13      27      36      56      97     139     225     537     
050901 SGMR   9      25      33      52      88     133     216     541     
050902 SGMR   7      24      31      50      83     131     221     541     
050903 SGMR   8      22      29      47      81     127     216     533     
050904 SGMR   8      23      29      47      85     126     212     539     
050905 SGMR   7      23      29      47      83     124     207     578     
050906 SGMR  11      24      30      48      86     138     222     546     
050907 SGMR  14      27      31      54     105     169     256     564     
050908 SGMR   9      25      31      50     102     164     256     578     
050909 SGMR  11      25      33      61     108     163     249     584     
050910 SGMR  11      26      33      59     115     182     266     642     
050911 SGMR  50      30      36      62     124     181     251     622     
050912 SGMR  40      30      35      66     123             255     570     
050913 SGMR  58      42      38      70     123             260     569     
050914 SGMR  39      34      34      59     123     183     258     566     
050915 SGMR  51      30      31             120     179     247     481     
050916 SGMR  15      27      36      64     126     146     249     505     
050917 SGMR  11      27      35      55     106     134     227     523     
050918 SGMR  15      29      37      65     107     126     231     525     
050919 SGMR  11      28      34      58      99     122     228     537     
050920 SGMR  10      27      35      52      97             222     486     
050921 SGMR  11      27      36     106      87     ***     218     539     
050922 SGMR   8      26      35      54      94             219     543     
050923 SGMR  10      27      35      54      94     139     216     518     
050924 SGMR   8      26      33      52      86             214     539     
050925 SGMR   9      27      33                                     529     
050926 SGMR  10      25      32      50      87     137     219     533     
050927 SGMR  10      25      31                             208     538     
050928 SGMR   8      24      32      45      79     128     207     544     
050929 SGMR   8      24      30      44      77     127     207     550     
050930 SGMR   9      21      27      44      77     140     218     534     
051001 SGMR   7      23      29      43      80     125     211     534     
051002 SGMR   8      22      30      44      81     130     216     562     
051003 SGMR   8      23      30      43      77     126     213     538     
051004 SGMR   9      23      30      47      86     136     222     541     
051005 SGMR   9      23      29      48      85     136     205     557     
051006 SGMR   9      24      31      49      84     135     216     531     
051007 SGMR  10      25      32      49      85     129     212     528     
051008 SGMR   8      23      29      48      80     124     199     475     
051009 SGMR   9      25      34      50      80     133     221     511     
051010 SGMR   9      25      31      48      81     125     193     484     
051011 SGMR  11      25      31      49      81     138     214     501     
051012 SGMR  10      25      33      48      79     134     216     497     
051013 SGMR  12      27      34      49      83     133     215     506     
051014 SGMR  11      27      34      47      82     132     208     500     
051015 SGMR  12      28      32      47      78     122     186     462     
051016 SGMR  12      27      35      48      82     131     210     538     
051017 SGMR  10      27      34      48      83     132     206     518     
051018 SGMR  10      27      34      48      83     133     217     515     
051019 SGMR  10      26      33      47      81     135     217     524     
051020 SGMR  12      26      34      46      80     131     213     536     
051021 SGMR  10      25      32      45      77     131     215     522     
051022 SGMR   9      25      33      45      80     129     205     521     
051023 SGMR  10      25      31      44      75     128     220     498     
051024 SGMR  11      25      32      43      76     134     219     507     
051025 SGMR                                                                 
051026 SGMR  10      24      31      46      73     130     218     514     
051027 SGMR  11      22      29      41      73     125     214     519     
051028 SGMR   8      24      31      42      75     130     218     516     
051029 SGMR  11      22      29      41      73     125     214     519     
051030 SGMR   9      25      32      44      77     128     208     531     
051031 SGMR   9      24      31      43      72     136     211     399     
051101 SGMR  10      24      31      46      78     137     211     529     
051102 SGMR  11      25      32      47      83     132     210     529     
051103 SGMR  10      25      32      46      83     131     212     523     
051104 SGMR  10      25      32      46      80     133     214     521     
051105 SGMR  13      26      34      47      82     131     205     521     
051106 SGMR  11      27      33      48      82     133     220     509     
051107 SGMR  11      27      33      47      82     133     206     455     
051108 SGMR  12      26      35      46      84     133     217     530     
051109 SGMR   9      27      34      46      80     133     216     521     
051110 SGMR  13      27      34      47      80     133     222     525     
051111 SGMR  12      27      33      46      78     134     220     531     
051112 SGMR  17      32      35      48      87     132     210     508     
051113 SGMR  15      28      34      50      90     145     218     526     
051114 SGMR  60      32      36      53      94     157     232     535     
051115 SGMR  61      34      37      50      95     151     218     469     
051116 SGMR  16      28      35      49      94     155     227     463     
051117 SGMR  16      28      36      52      98     156     232     539     
051118 SGMR  53      40      39      52     102     154     225     537     
051119 SGMR  33      42      40      53     100     159     236     543     
051120 SGMR  29      39      35      53      99     152     221     533     
051121 SGMR  12      31      34      51      93     149     232     514     
051122 SGMR  15      32      31      51      92     140     217     485     
051123 SGMR  13      49      35      50      95     139     217     526     
051124 SGMR  12      31      30      49      88     137     221     475     
051125 SGMR  11      26      32      48      85     135     227     525     
051126 SGMR  20      27      34      47      82     134     225     525     
051127 SGMR   9      27      32      31      37      83     167     525     
051128 SGMR   9      27      32      47      82     134     220     525     
051129 SGMR  11      25      33      49      85     134     215     512     
051130 SGMR  11      25      31      52      91     145     221     481     
051201 SGMR  10      25      34      53      95     156     242     535     
051202 SGMR  12      28      39      60     103     170     246     538     
051203 SGMR  11      25      31      56     102     152     232     530     
051204 SGMR   9      26      34      55      99     144     215     504     
051205 SGMR  10      27      35      54      92     137     221     511     
051206 SGMR  10      27      35      52      92     139     227     527     
051207 SGMR   8      24      34      50      86     136     233     542     
051208 SGMR                                                                 
051209 SGMR  13      25      31      46      88     123     173     427     
051210 SGMR  12      27      33      50      90     141     228     534     
051211 SGMR  12      27      34      51      88     146     230     535     
051212 SGMR  21      29      34      50      91     141     227     526     
051213 SGMR  14      22      33      49      86     139     231     527     
051214 SGMR  11      27      35      49      90     137     233     521     
051215 SGMR  30      26      34      48      85     136     289     512     
051216 SGMR  20      26      34      45      82     106     149     430     
051217 SGMR  13      26      33      49      87     135     226     525     
051218 SGMR  16      25      32      47      86     137     225     528     
051219 SGMR          34      37      50      92     142     222     512     
051220 SGMR  13      32      35      50      91     138     224     530     
051221 SGMR  19      28      37      50      91     138     215     529     
051222 SGMR  15      28      36      50      92     138     235     538     
051223 SGMR  11      29      36      53      92     147     234     528     
051224 SGMR  13      29      35      52      91     137     207     491     
051225 SGMR  11      27      35      54      92     145     228     534     
051226 SGMR  13      27      32      55      93     141     222     495     
051227 SGMR  14      27      30      55      92     142     229     530     
051228 SGMR  11      28      36      56      91     141     228     458     
051229 SGMR  10              36      57      89     134     207     483     
051230 SGMR                                                                 
051231 SGMR                                                                 

