030101 SGMR  17      33      49      86     103     158     294     528     
030102 SGMR  16      33      48      87     106     154     336     522     
030103 SGMR  16      34      49      94     120     175     293     491     
030104 SGMR  18      38      50      95     129     181     311     500     
030105 SGMR  17      38      50      99     129     181     305     530     
030106 SGMR  27      35      49     105     146     207     333     538     
030107 SGMR  22      37      50     106     157     214     324     549     
030108 SGMR  28      40      53     109     160     215     326     542     
030109 SGMR  22      37      54     120     171     226     330     543     
030110 SGMR  21      37      54     122     165     222     324     563     
030111 SGMR  24      39      53     125     169     225     339     552     
030112 SGMR  15      34      50     124     167     204     316     554     
030113 SGMR  21      39      54     126     158     205     316     555     
030114 SGMR  24      34      49     122     152     184     310     550     
030115 SGMR  23      35      51     110     135     175     304     393     
030116 SGMR  18      34      51     110     133     180     310     544     
030117 SGMR  17      36      48     104     126     178     297     540     
030118 SGMR  20      37      50      98     122     171     304     546     
030119 SGMR  21      33      43      93     113     173     312     547     
030120 SGMR  17      33      42      93     120     175     312     557     
030121 SGMR  15      34      45      93     123     163     290     507     
030122 SGMR  17      35      46      88     117     170     321     536     
030123 SGMR  25      38      49      91     123     176     335     544     
030124 SGMR  23      38      48      89     118     171     304     544     
030125 SGMR  26      33      40      83     109     160     292     530     
030126 SGMR  27      32      44      86     107     162     291     523     
030127 SGMR  19      33      41      85     108     160     321     541     
030128 SGMR                          86     111     162     308             
030129 SGMR  20      33      43      87     111     161     286     533     
030130 SGMR  22      34      44      84     108     161     286     526     
030131 SGMR  21      31      41      84     107     161     282     530     
030201 SGMR  17      31      43      83     110     163     291     531     
030202 SGMR                          77     102     145     248     520     
030203 SGMR  13      32      43      85     114     165     279     543     
030204 SGMR  16      34      44      89     117     169     285     525     
030205 SGMR  16      35      46      93     126     179     290     546     
030206 SGMR  13      34      50     105     132     178     306     540     
030207 SGMR  15      35      52     107     136     176     292     516     
030208 SGMR  12      33      52     105     133     170     292     543     
030209 SGMR  14      33      52     105     133     168     288     546     
030210 SGMR  15      34      53     103     124     167     288     541     
030211 SGMR  20      35      52     105     134     173     301     551     
030212 SGMR  22      33      49     100     119     163     286     538     
030213 SGMR  26      34      51      97     119     171     317     557     
030214 SGMR  25      33      52      94     113     179     327     550     
030215 SGMR  22      33      46      88     114     169     323     551     
030216 SGMR  24      32      46      83     110     163     310     551     
030217 SGMR  22      32      45      79     100     159     287     536     
030218 SGMR  21      31      44      78      97     154     287     512     
030219 SGMR  56      35      40      78     104     149     278     564     
030220 SGMR  15      34      44      78     104     164     260     534     
030221 SGMR  28      40      48      78     107     164     258     521     
030222 SGMR  33      35      35      72      97     145     237     501     
030223 SGMR  21      32      40      70      94     145     249     511     
030224 SGMR  19      32      41      69      92     140     247     527     
030225 SGMR  29      31      42      71      94     147     264     535     
030226 SGMR  28      32      47      75     101     153     272     546     
030227 SGMR  14      32      46      78     108     158     269     544     
030228 SGMR  24      33      43      83     118     171     284     545     
030301 SGMR  20      36      47      87     125     180     274     553     
030302 SGMR  18      34      38      93     126     171     252     484     
030303 SGMR  27      30      42     103     141     185     300     556     
030304 SGMR  12      33      45     105     139     184     302     558     
030305 SGMR  30      50      50     103     134     168     259     497     
030306 SGMR  10      34      57     110     140     188     289     542     
030307 SGMR  11      34      55     111     142     184     290     563     
030308 SGMR  11      34      53     109     142     180     282     553     
030309 SGMR  13      34      51     109     145     189     284     571     
030310 SGMR  16      35      51     104     138     193     327     551     
030311 SGMR  17      35      50      98     132     188     308     567     
030312 SGMR                                                                 
030313 SGMR  34      35      46      88     116     184     285     552     
030314 SGMR  24      35      48      92     123     176     298     558     
030315 SGMR  30      37      45      86     120     178     276     552     
030316 SGMR  19      33      43      83     115     185     274     554     
030317 SGMR  19      33      43      83     115     185     294     585     
030318 SGMR  12      30      38      79     107     165     269     554     
030319 SGMR  12      31      44      75     107     164     269     550     
030320 SGMR  14      31      42      69      90     140     244     535     
030321 SGMR  10      27      38      65      84     135     236     515     
030322 SGMR  10      27      38      61      85     136     238     525     
030323 SGMR  10      29      42      63      86     137     237     533     
030324 SGMR  11      30      41      67      90     144     243     533     
030325 SGMR  11      33      44      74      98     154     242     535     
030326 SGMR  11      32      46      83     117     180     268     552     
030327 SGMR  13      32      47      94     135     183     262     552     
030328 SGMR  11      34      50      96     138     194     271     538     
030329 SGMR  14      36      50     102     147     196     279     548     
030330 SGMR  13      33      46     102     135     173     232     483     
030331 SGMR  14      34      50     109     151     199     301     561     
030401 SGMR  14      32      49     108     151     195     291     566     
030402 SGMR  14      32      51     108     143     190     282     559     
030403 SGMR  21      37      52     104     146     202     297     524     
030404 SGMR  12      34      51      99     137     201     294     505     
030405 SGMR  13      32      41      94     128     161     219     423     
030406 SGMR  12      30      40      85     113     174     276     561     
030407 SGMR  16      34      44      81     111     165     269     555     
030408 SGMR  14      35      44      78     104     165     270     543     
030409 SGMR  20      31      38      74     104     160     263     538     
030410 SGMR  29      31      42      72      97     152     260     552     
030411 SGMR  25      30      38      74      99     156     261     538     
030412 SGMR  19      31      37      71      94     151     249     536     
030413 SGMR  11      26      38      74      99     149     246     543     
030414 SGMR  10      27      38      72      96     153     249     549     
030415 SGMR  11      27      38      69      92     148     245     552     
030416 SGMR  10      28      41      68      91     145     232     542     
030417 SGMR  10      28      41      74     103     153     265     557     
030418 SGMR  10      28      41      74     103     153     265     560     
030419 SGMR  10      29      42      79     101     159     253     551     
030420 SGMR  12      30      43      84     112     167     263     559     
030421 SGMR  12      36      45      90     117     170     255     555     
030422 SGMR  13      33      43      94     126     181     269     525     
030423 SGMR  16      40      48      98     130     181     276     559     
030424 SGMR  26      37      52      97     126     185     283     565     
030425 SGMR  19      34      49     102     137     194     275     570     
030426 SGMR  26      37      47      95     138     178     269     521     
030427 SGMR  15      39      54     104     145     201     275     570     
030428 SGMR  66      38      49     105     142     199     270     580     
030429 SGMR  41      41      50     101     142     209     271     565     
030430 SGMR  21      39      49      95     142     211     275     573     
030501 SGMR  31      50      50      97     145     208     279     550     
030502 SGMR  29      42      48      82     135     202     276     561     
030503 SGMR  11      32      44      84     143     201     273     574     
030504 SGMR  20      42      45      80     135     208     289     565     
030505 SGMR  18      29      40      76     126     201     285     571     
030506 SGMR  51      32      36      72     118     181     274     547     
030507 SGMR                          69     113     173     265     568     
030508 SGMR  16      30      37      65     106     161     263     513     
030509 SGMR  29      29      38      62      94     145     249     517     
030510 SGMR  10      25      36      60      91     145     249     556     
030511 SGMR  11      26      33      59      89     139     240     550     
030512 SGMR  14      23      35      60      90     145     252     532     
030513 SGMR  11      28      35      61      89     142     246     536     
030514 SGMR  11      26      39      64      91     144     250     548     
030515 SGMR   9      27      37      67      95     147     248     555     
030516 SGMR  10      28      38      68     100     148     251     562     
030517 SGMR                                                                 
030518 SGMR                                                                 
030519 SGMR  12      29      40      79     109     154     241     570     
030520 SGMR  11      30      43      80     109     176     261     570     
030521 SGMR  12      31      48      81     115     169     262     548     
030522 SGMR  12      30      44      82     114     165     263     552     
030523 SGMR  12      30      43      82     116     170     270     493     
030524 SGMR   9      30      43      81     115     168     268     534     
030525 SGMR  11      30      43      83     118     167     259     556     
030526 SGMR 233      46      40      95     137     174     241     481     
030527 SGMR 229     111      64      87     127     187     269     565     
030528 SGMR  52      47      47      83     124     189     281     523     
030529 SGMR  17      32      44      81     120     182     276     565     
030530 SGMR  16      33      42      79     117     185     275     560     
030531 SGMR  17      29      41      74     106     172     272     574     
030601 SGMR  17      29      38      67     114     151     204     383     
030602 SGMR  17      31      43      72     110     167     264     569     
030603 SGMR  19      31      42      70     102     157     245     611     
030604 SGMR  15      31      42      70     100     157     260     557     
030605 SGMR  13      29      41      70     107     155     247     527     
030606 SGMR  29      30      41      80     119     176     258     568     
030607 SGMR  29      38      45      77     129     190     270     517     
030608 SGMR 112      45      45      85     149     220     307     566     
030609 SGMR  22      42      54      93     168     257     350     612     
030610 SGMR  33      40      51     100     165     249     338     609     
030611 SGMR  40      53      56     112     189     286     371     629     
030612 SGMR  45      36      47      97     158     231     301     568     
030613 SGMR  21      36      48      93     151     217     302     576     
030614 SGMR  16      33      48      87     130     190     278     606     
030615 SGMR  11      32      47      86     129     191     275     608     
030616 SGMR  11      31      46      79     118     175     266     565     
030617 SGMR  14      31      45      77     113     175     261     567     
030618 SGMR  13      30      36      79     117     157     233     491     
030619 SGMR  14      29      41      80     120     175     264     560     
030620 SGMR  18      38      42      77     117     169     262     567     
030621 SGMR  24      36      46      78     117     166     256     549     
030622 SGMR  19      31      37      73     108     141     215     445     
030623 SGMR  16      32      40      77     111     160     257     538     
030624 SGMR  21      31      43      75     110     159     255     553     
030625 SGMR  19      30      42      76     113     165     254     554     
030626 SGMR  14      30      42      76     114     163     259     545     
030627 SGMR  16      35      43      79     117     170     261     549     
030628 SGMR  21      32      43      81     124     174     265     551     
030629 SGMR  15      32      46      81     124     177     272     555     
030630 SGMR  26      35      46      84     127     174     257     551     
030701 SGMR  37      34      42      84     127     179     262     559     
030702 SGMR  26      33      45      88     133     185     278     560     
030703 SGMR  19      31      47      85     134     184     278     562     
030704 SGMR  31      47      47      84     129     191     280     538     
030705 SGMR 125      62      46      87     140     190     266     543     
030706 SGMR  33      32      44      85     125     182     271     551     
030707 SGMR  38      37      45      83     123     176     271     546     
030708 SGMR  13      31      44      85     126     176     264     547     
030709 SGMR  15      34      46      91     127     175     268     530     
030710 SGMR  13      34      48      82     124     175     276     563     
030711 SGMR  14      35      45      83     120     176     264     529     
030712 SGMR  18      35      49      84     121     167     265     558     
030713 SGMR  12      33      47      84     122     168     264     554     
030714 SGMR   9      32      45      82     121     189     257     535     
030715 SGMR  12      33      46      83     118     176     270     554     
030716 SGMR  11      33      47      85     132     183     273     521     
030717 SGMR  19      36      47      88     137     180     270     544     
030718 SGMR  23      36      47      95     138     176     262     533     
030719 SGMR  30      34      46      95     147     194     267     553     
030720 SGMR  34      40      50      97     163     213     282     564     
030721 SGMR  37      48      50      96     155     210     284     546     
030722 SGMR  45      37      43      95     153     206     257     468     
030723 SGMR  33      35      47      91     141     200     276     542     
030724 SGMR  20      33      46      83     122     177     267     537     
030725 SGMR  26      33      43      74     114     159     247     544     
030726 SGMR  13      29      40      70      98     151     244     540     
030727 SGMR  10      28      39      70      98     141     235     526     
030728 SGMR  12      32      44      72     101     153     255     540     
030729 SGMR  10      29      42      68      99     143     241     538     
030730 SGMR  10      30      43      70      99     140     235     535     
030731 SGMR  10      31      44      72      99     143     245     535     
030801 SGMR  12      32      43      75     103     149     231     495     
030802 SGMR  12      35      44      75     110     170     264     525     
030803 SGMR  20      31      43      80     121     161     251     530     
030804 SGMR  23      36      43      76     115     142     251     396     
030805 SGMR  14      32      41      83     126     177     264     534     
030806 SGMR  15      34      44      80     125     180     278     537     
030807 SGMR  19      35      46      83     130     194     284     531     
030808 SGMR  13      33      47      80     129     196     279     535     
030809 SGMR  13      32      43      79     130     178     268     532     
030810 SGMR  16      30      42      82     129     182     267     532     
030811 SGMR  11      29      40      83     130     176     263     520     
030812 SGMR  12      29      41      78     122     156     246     520     
030813 SGMR  11      27      41      80     127     179     262     536     
030814 SGMR  29      33      45      84     130     181     263     547     
030815 SGMR  10      31      47      81     123     173     241     538     
030816 SGMR  11      31      45      78     120     169     256     535     
030817 SGMR  13      29      43      74     116     159     257     535     
030818 SGMR  13      30      42      76     115     156     252     535     
030819 SGMR  13      31      44      76     115     155     248     540     
030820 SGMR  13      31      44      76     108     152     255     534     
030821 SGMR  16      31      44      79     115     162     261     540     
030822 SGMR  16      35      49      80     124     163     258     534     
030823 SGMR  20      32      47      78     114     164     259     546     
030824 SGMR  26      31      41      78     120     151     247     536     
030825 SGMR  14      30      43      79     110     153     254     531     
030826 SGMR  12      31      46      78     116     151     244     525     
030827 SGMR  17      32      44      84     120     165     256     547     
030828 SGMR  14      35      49      81     115     160     264     543     
030829 SGMR  13      34      48      80     110     158     262     536     
030830 SGMR  14      32      45      83     111     149     243     529     
030831 SGMR  14      32      45      80     104     152     247     538     
030901 SGMR  11      31      46      79     107     171     257     521     
030902 SGMR  11      31      45      77     101     158     259     502     
030903 SGMR  13      33      48      78     106     156     255     545     
030904 SGMR  13      34      48      79     109     159     268     515     
030905 SGMR  16      32      43      77     104     153     251     529     
030906 SGMR  12      32      45      73      95     147     252     535     
030907 SGMR  12      33      47      79     109     150     249     536     
030908 SGMR  14      31      46      70      95     146     250     530     
030909 SGMR  13      32      45      67      93     152     257     533     
030910 SGMR  11      32      47      69     100     161     244     534     
030911 SGMR  13      31      44      64      95     143     248     529     
030912 SGMR  11      30      43      63      91     149     252     533     
030913 SGMR  12      31      40      62      94     145     239     521     
030914 SGMR  11      28      40      61      87     143     246     518     
030915 SGMR  12      29      40      61      95     124     252     527     
030916 SGMR  13      30      42      65      92     144     251     527     
030917 SGMR  20      37      43      68     102     170     256     535     
030918 SGMR  17      33      43      70     104     148     245     534     
030919 SGMR  15      34      45      72     103     163     244     485     
030920 SGMR  15      33      45      74     115     168     266     548     
030921 SGMR  16      33      43      74     115     183     267     531     
030922 SGMR  14      34      45      76     114     161     261     535     
030923 SGMR  13      32      44      79     118     181     257     571     
030924 SGMR  14      30      43      85     121     173     264     537     
030925 SGMR  19      35      47      83     122     169     263     526     
030926 SGMR  20      33      50      86     127     180     264     553     
030927 SGMR  18      35      50      83     125     183     268     525     
030928 SGMR  32      37      50      87     130     171     258     525     
030929 SGMR  17      35      44      85     123     168     270     539     
030930 SGMR  16      33      46      84     123     182     263     546     
031001 SGMR  12      33      46      82     126     165     260     534     
031002 SGMR  13      33      46      84     124     169     272     520     
031003 SGMR  13      30      42      80     115     164     266     529     
031004 SGMR  14      28      34      76     110     139     215     428     
031005 SGMR  12      30      44      74     106     155     246     532     
031006 SGMR  15      31      44      73     109     149     241     521     
031007 SGMR  14      31      42      74     110     150     244     528     
031008 SGMR  11      31      44      73     105     156     250     530     
031009 SGMR  12      30      43      71     105     151     244     543     
031010 SGMR  11      31      43      69     106     146     237     509     
031011 SGMR  12      32      41      67     100     149     253     524     
031012 SGMR  11      30      37      63      89     135     221     469     
031013 SGMR  12      29      40      62      88     135     232     490     
031014 SGMR  11      28      38      61      88     134     239     483     
031015 SGMR  15      29      39      64      88     143     246     519     
031016 SGMR  12      30      39      62      93     141     243     516     
031017 SGMR  17      31      40      62      92     136     239     519     
031018 SGMR  69      45      44      67     101     150     250     531     
031019 SGMR  33      36      43      78     120     185     296     465     
031020 SGMR 200      58      48      74     123     200     303     536     
031021 SGMR 119      61      42      83     132     207     306     540     
031022 SGMR  48      52      52      86     151     243     370     527     
031023 SGMR  49      43      51      95     176     323     443     585     
031024 SGMR                         105     189     332     477     612     
031025 SGMR  98      83      66     114     203     328     444     564     
031026 SGMR  55      54      52     130     240     354     469     605     
031027 SGMR 148     129      67     130     242     366     472     608     
031028 SGMR                                                                 
031029 SGMR                                                                 
031030 SGMR 262      80      69     138     251     382     483     625     
031031 SGMR  62      48      54     122     223     368     460     611     
031101 SGMR 202      65      59     111     195     312     414     601     
031102 SGMR                                                                 
031103 SGMR  31      51      54      98     165     234     344     572     
031104 SGMR  86      55      50      94     152     231     340     531     
031105 SGMR  14      30      37      72     109     157     253     488     
031106 SGMR  12      30      37      62      92     141     249     519     
031107 SGMR  13      30      38      58      84     135     238     522     
031108 SGMR  14      30      38      56      85     132     252     519     
031109 SGMR  14      30      38      57      88     141     257     517     
031110 SGMR  13      30      37      58      86     139     252     508     
031111 SGMR  20      33      40      61      96     152     262     521     
031112 SGMR  19      31      34      58      88     143     254     504     
031113 SGMR  27      30      39      63      97     148     255     528     
031114 SGMR  16      29      36      60      90     153     244     523     
031115 SGMR  16      31      39      62      92     146     266     525     
031116 SGMR  27      34      42      67      99     149     264     512     
031117 SGMR  84      47      47      73     112     164     268     497     
031118 SGMR  73      44      48      86     139     200     299     548     
031119 SGMR  43      43      46      85     146     202     296     523     
031120 SGMR  30      38      47      91     157     219     308     494     
031121 SGMR  18      37      46      96     163     214     303     508     
031122 SGMR  19      35      48     103     165     212     300     532     
031123 SGMR  18      33      49     107     173     203     297     541     
031124 SGMR  19      36      52     106     165     201     286     518     
031125 SGMR  22      39      49     108     155     197     289     540     
031126 SGMR  52      45      51     109     163     203     295     537     
031127 SGMR  19      39      51     111     169     196     283     514     
031128 SGMR  16      35      45     103     157     181     240     431     
031129 SGMR  15      35      52      99     154     192     282     531     
031130 SGMR  17      36      44      94     146     185     280     533     
031201 SGMR  29      36      49      89     133     171     263     537     
031202 SGMR  25      36      46      90     133     182     293     532     
031203 SGMR  25      35      45      76     115     165     285     524     
031204 SGMR  24      34      44      72     108     170     270     519     
031205 SGMR  22      32      39      67     107     154     280     523     
031206 SGMR  13      31      39      64      98     153     278     496     
031207 SGMR                          59      86     142     269     500     
031208 SGMR  15      29      36      62      83     138     264     509     
031209 SGMR  14      28      36      55      80     135     253     509     
031210 SGMR  14      31      34      53      83     134     246     498     
031211 SGMR  13      28      31      49      76     117     204     449     
031212 SGMR  14      28      36      53      79     135     247     509     
031213 SGMR  15      31      36      53      79     134     261     515     
031214 SGMR  14      30      38      56      87     135     267     506     
031215 SGMR  14      25      42      60      99     152     247     490     
031216 SGMR  15      32      42      67     152     152     225     507     
031217 SGMR  16       4      43      74     169     153     229     512     
031218 SGMR  19      33      42      80     166     158     233     523     
031219 SGMR 158      44      51      84     173     168     238     523     
031220 SGMR  18      40      51      88     188     170     230     515     
031221 SGMR  19      41      56      89     189     171     244     521     
031222 SGMR  31      40      51      89     145     163     284     524     
031223 SGMR  63      52      58      91     142     163     281     502     
031224 SGMR  29      40      50      92     138     156     275     487     
031225 SGMR  36      42      44      93     141     151     268     510     
031226 SGMR  17      37      51      91     143     165     291     508     
031227 SGMR  16      33      46      85     129     153     280     528     
031228 SGMR  16      31      43      79     119     142     266     518     
031229 SGMR  15      33      43      74     112     138     259     514     
031230 SGMR  47      34      42      70     109     132     251     484     
031231 SGMR  48      35      41      65     103     137     268     499     

