730101 SGMR  10.4    20.9    43.9    64.8    91.3   135     263     520         
730102 SGMR   8.8    21.7    44.3    70.2    94.6   135     271     525         
730103 SGMR   8.6    28.0    46.6    75.5   104.0   144     279     525         
730104*SGMR   7.9    22.5    47.6    76.5   106.0   145     279     525         
730105 SGMR  11.4    25.2    47.6    77.3   109.1   147     278     531         
730106 SGMR  63.7    56.4    54.3    82.6   112.4   150     290     531         
730107 SGMR  34.1    48.1    57.7    83.4   108.8   139     285     528         
730108 SGMR  15.1    47.6    53.5    79.4   101.5   135     280     516         
730109 SGMR  15.5    30.0    51.5    80.7   101.3   135     283     526         
730110 SGMR   8.5    28.8    50.7    79.7   100.0   139     279     518         
730111 SGMR  10.2    29.4    50.8    76.3    98.8   139     282     527         
730112 SGMR   9.9    31.6    53.3    74.2    98.9   140     288     538         
730113 SGMR   9.7    30.0    53.4    74.8    99.1   142     289     528         
730114 SGMR   9.0    24.0    51.0    72.9    92.5   134     278     520         
730115 SGMR   9.2    24.0    50.0    70.1    91.1   135     278     520         
730116 SGMR   9.0    24.0    51.0    70.4    88.4   132     272     517         
730117 SGMR   8.7    24.2    53.2    70.9    90.8   133     274     522         
730118 SGMR   8.9    25.0    53.7    71.9    93.5   133     274     525         
730119 SGMR   8.6    24.5    49.2    70.3    90.4   133     275     522         
730120 SGMR   8.7    24.4    52.3    73.0    92.9   134     273     516         
730121 SGMR   9.0    28.3    50.2    69.3    93.3   134     278     523         
730122 SGMR   8.4    22.8    49.1    72.9    94.7   135     281     521         
730123 SGMR   8.3    22.3    47.8    71.0    93.3   136     277     530         
730124 SGMR   8.3    22.4    47.1    71.0    92.7   134     279     536         
730125 SGMR   8.1    22.3    47.3    68.5    93.1   132     282     527         
730126 SGMR   8.1    22.3    48.4    67.1    90.5   133     277     528         
730127 SGMR   8.2    22.0    46.2    67.6    88.7   130     280     527         
730128*SGMR   8.7    22.9    46.1    67.7    87.5   129     277     528         
730129*SGMR   8.8    27.2    46.4    70.9    85.5   128     281     515         
730130 SGMR   8.9    26.9    47.3    70.1    86.7   129     278     517         
730131 SGMR   9.1    27.1    48.4    70.7    84.3   126     282     521         
730132 SGMR  11.9    27.6    49.7    72.0    95.3   136     279     524         
730201 SGMR   8.9    27.0    51.7    68.0    84.1   127     283     522         
730202*SGMR   8.6    21.3    47.8    65.4    84.4   128     282     526         
730203 SGMR   8.7    22.8    48.0    68.7    89.4   131     283     527         
730204 SGMR   8.5    22.9    47.1    69.7    89.4   132     283     530         
730205 SGMR   8.6    22.9    49.8    67.8    90.7   132     284     527         
730206 SGMR   9.5    28.6    48.5    70.4    93.6   135     291     526         
730207 SGMR   9.1    24.4    48.9    73.7    95.4   135     294     525         
730208*SGMR   9.1    24.6    49.6    75.5    97.6   139     292     525         
730209 SGMR   9.9    29.7    50.8    75.8    98.8   138     295     530         
730210*SGMR  10.0    31.1    54.9    78.1    99.8   139     297     513         
730211*SGMR  10.0    30.8    51.1    77.7    95.6   139     296     519         
730212 SGMR  10.3    31.0    53.8    80.2   101.2   142     298     531         
730213 SGMR  10.1    30.8    53.5    77.1    99.6   139     295     527         
730214 SGMR  12.2    25.8    51.4    74.8   102.4   147     298     524         
730215*SGMR  10.6    26.9    53.0    76.1   102.7   146     296     528         
730216 SGMR  10.0    28.9    51.2    72.3    95.3   137     291     519         
730217 SGMR   9.2    27.9    47.5    68.3    88.7   134     289     516         
730218 SGMR   8.9    26.8    48.6    64.0    86.8   128     288     516         
730219 SGMR   8.8    25.7    44.5    63.1    82.3   127     287     518         
730220 SGMR   8.5    21.7    43.7    62.5    86.0   128     282     519         
730221 SGMR   8.3    21.6    43.9    62.9    84.7   129     280     523         
730222 SGMR   9.3    23.1    43.9    61.6    84.7   132     285     527         
730223*SGMR  11.6    22.5    42.6    62.5    87.5   135     285     523         
730224 SGMR  13.7    26.0    43.9    62.2    92.3   138     287     525         
730225 SGMR  12.5    26.3    42.6    62.4    92.3   134     285     523         
730226 SGMR  11.0    26.9    43.5    63.3    92.7   132     288     522         
730227 SGMR  10.9    27.3    45.9    68.0    93.6   132     294     522         
730228 SGMR  11.5    28.2    46.3    66.6    96.6   139     290     521         
730232 SGMR   9.9    26.2    48.1    69.2    92.4   135     289     523         
730301 SGMR  13.3    23.5    45.8    65.8    95.2   137     288     520         
730302 SGMR   9.2    23.5    45.8    65.4    95.8   135     287     519         
730303 SGMR   8.8    23.4    46.8    66.6    94.2   134     289     523         
730304*SGMR   8.9    21.1    45.8    65.8    92.1   135     289     523         
730305 SGMR   8.8    24.1    46.0    63.7    91.1   136     287     522         
730306 SGMR   9.6    25.2    48.3    64.8    94.3   140     293     524         
730307*SGMR   9.7    24.2    47.3    64.6    87.7   132     278     529         
730308*SGMR   9.9    25.2    47.4    68.9    94.2   135     279     529         
730309 SGMR   9.9    25.8    49.1    73.1   100.0   143     289     527         
730310 SGMR  10.9    27.0    49.5    76.7   105.4   146     296     525         
730311 SGMR  11.6    26.6    51.1    81.6   110.2   151     297     528         
730312 SGMR  15.3    27.3    50.2    78.4   110.0   147     287     530         
730313 SGMR  12.3    28.8    50.7    78.9   114.4   148     295     528         
730314 SGMR  16.3    30.5    51.6    82.5   115.3   149     301     532         
730315 SGMR   9.6    25.9    48.6    77.6   104.0   143     295     526         
730316 SGMR  10.9    26.7    47.7    75.3   102.3   141     292     527         
730317*SGMR   9.7    23.2    45.9    70.6    95.9   132     286     515         
730318 SGMR   9.4    23.9    42.0    64.5    92.8   135     289     530         
730319 SGMR   9.9    23.1    46.6    66.8    98.0   142     298     533         
730320 SGMR   9.1    24.2    45.2    61.9    87.6   127     289     519         
730321 SGMR   9.1    24.1    50.2    58.3    84.4   125     286     522         
730322*SGMR   9.6    26.4    44.9    61.2    87.1   128     286     523         
730323 SGMR  11.2    24.6    47.0    58.5    83.7   128     285     521         
730324 SGMR   9.6    24.5    42.1    58.3    84.8   128     284     518         
730325 SGMR   9.8    24.6    41.8    60.6    85.7   130     282     519         
730326*SGMR  10.0    25.4    46.6    60.2    80.5   127     283     519         
730327 SGMR  10.7    25.9    44.0    63.2    87.5   128     291     520         
730328 SGMR  10.2    27.6    45.0    63.4    91.1   130     292     520         
730329 SGMR  10.3    27.7    46.1    66.5    94.2   142     292     525         
730330 SGMR  10.6    26.8    46.5    68.0    98.7   138     291     517         
730331 SGMR  10.8    27.1    48.0    75.6   106.0   146     294     520         
730332 SGMR  10.5    25.4    46.9    68.0    95.6   137     289     524         
730401 SGMR  11.3    27.8    48.3    74.1   106.7   149     296     525         
730402*SGMR  13.7    30.7    50.4    80.0   115.2   164     299     520         
730403 SGMR  17.6    38.1    58.0    84.0   124.6   169     310     527         
730404 SGMR  17.2    34.2    53.5    81.5   116.8   157     301     530         
730405 SGMR  18.3    29.2    54.4    83.3   112.0   154     299     522         
730406 SGMR  11.4    28.5    52.5    79.3   108.9   150     293     522         
730407 SGMR  11.8    29.3    53.0    77.1   104.3   145     295     521         
730408 SGMR  13.1    32.0    55.5    83.1   117.0   162     312     530         
730409 SGMR  21.3    35.2    58.1    91.4   120.1   157     309     530         
730410*SGMR  23.1    29.7    53.3    82.2   112.1   150     297     524         
730411 SGMR  11.8    26.6    49.3    76.1   109.5   146     300     529         
730412 SGMR   9.7    24.6    46.7    69.7    99.2   143     291     519         
730413 SGMR   9.2    24.9    45.9    64.2    96.1   142     296     522         
730414 SGMR   9.0    24.1    42.2    58.5    89.4   136     291     520         
730415 SGMR   8.7    23.5    41.3    56.5    84.6   134     290     522         
730416 SGMR   8.5    22.8    40.6    54.3    80.5   129     284     523         
730417 SGMR   9.0    23.0    41.3    53.0    78.2   123     279     516         
730418 SGMR  10.7    22.9    41.4    51.3    76.6   123     280     513         
730419 SGMR   9.3    23.2    40.4    50.3    80.0   125     276     512         
730420 SGMR  10.5    24.2    40.7    52.5    85.3   128     281     512         
730421 SGMR  10.8    25.6    43.4    59.0    92.0   136     285     516         
730422 SGMR  13.8    26.0    44.7    63.5   100.0   145     288     519         
730423 SGMR  21.7    26.2    45.3    64.5   104.0   150     294     524         
730424 SGMR  15.2    26.0    45.0    68.2   106.6   148     297     520         
730425 SGMR   9.9    25.5    45.1    70.5   105.3   145     297     522         
730426 SGMR   9.3    25.8    47.6    74.7   104.5   143     299     532         
730427*SGMR  24.2    28.6    49.2    76.9   109.6   153     308     535         
730428*SGMR  12.6    24.5    49.0    77.9   108.2   156     314     543         
730429*SGMR  13.3    29.2    51.1    75.8   106.8   152     313     540         
730430 SGMR  14.1    30.7    52.3    74.2   104.6   147     311     533         
730432 SGMR  13.3    27.4    48.0    70.3   102.0   145     296     524         
730501 SGMR  14.2    29.7    52.2    77.2   108.9   154     310     541         
730502 SGMR  11.3    28.8    52.2    76.7   113.2   156     311     537         
730503 SGMR  15.5    31.2    52.3    77.6   112.3   156     305     537         
730504 SGMR  12.2    31.3    53.2    80.5   116.8   162     309     534         
730505 SGMR  10.4    27.5    49.3    77.6   110.2   156     299     532         
730506 SGMR  12.1    27.8    50.3    74.1   105.4   149     287     523         
730507 SGMR  10.6    27.5    49.1    70.4    99.2   138     291     523         
730508 SGMR   9.6    26.3    46.9    69.5    92.9   133     284     522         
730509*SGMR   9.2    24.5    44.9    66.2    91.1   130     280     523         
730510 SGMR   8.9    23.4    41.8    63.0    88.7   129     280     520         
730511*SGMR   8.8    22.3    40.0    59.2    81.6   122     276     520         
730512 SGMR   9.1    22.9    40.0    56.5    81.8   128     274     519         
730513 SGMR  10.2    23.6    39.2    54.8    79.5   125     276     523         
730514 SGMR   9.3    24.3    41.3    55.9    84.9   127     278     525         
730515*SGMR   9.7    25.7    41.9    56.6    84.0   129     277     518         
730516 SGMR  10.5    25.5    40.4    57.3    86.0   127     276     518         
730517 SGMR  17.2    25.3    39.8    56.7    87.3   129     275     514         
730518*SGMR   9.4    24.1    41.7    61.2    91.0   130     281     516         
730519 SGMR  11.5    24.1    42.9    63.7    95.5   131     291     517         
730520 SGMR  26.2    28.2    44.2    66.7    98.6   135     286     517         
730521 SGMR  25.2    27.6    44.3    67.6    97.4   135     284     517         
730522 SGMR  12.2    27.0    46.3    68.0    98.6   137     285     520         
730523 SGMR  11.2    26.0    45.9    64.2    91.6   131     280     515         
730524 SGMR  11.2    27.2    47.6    67.5    97.7   134     287     519         
730525 SGMR  10.1    24.2    48.2    70.0    96.7   136     290     525         
730526 SGMR  10.3    27.7    48.8    68.4    95.1   133     289     519         
730527 SGMR  12.8    24.7    50.4    65.7    94.6   134     290     520         
730528*SGMR   9.7    23.1    46.4    64.4    89.9   131     285     530         
730529 SGMR   9.5    22.3    45.9    62.2    88.1   130     274     523         
730530 SGMR  10.1    24.4    46.0    61.1    85.2   128     275     516         
730531 SGMR   9.4    22.6    45.0    59.6    82.3   126     276     516         
730532 SGMR  11.9    25.8    45.7    65.8    94.4   136     286     523         
730601 SGMR   8.8    23.0    43.7    57.8    80.9   125     273     521         
730602 SGMR   9.3    23.1    46.1    55.7    80.2   123     283     519         
730603 SGMR   9.1    23.2    43.5    54.3    78.0   121     278     511         
730604 SGMR   8.9    24.3    43.2    55.4    77.5   121     278     513         
730605 SGMR   9.2    24.5    44.8    57.4    80.0   123     284     520         
730606 SGMR   8.7    21.1    40.8    55.7    80.6   125     280     524         
730607 SGMR   8.7    23.7    39.3    54.9    81.3   126     277     532         
730608 SGMR   8.9    23.8    40.5    54.4    82.1   127     282     518         
730609 SGMR   8.9    23.3    41.5    55.8    84.1   128     282     521         
730610 SGMR   9.4    24.6    41.9    58.4    86.3   128     286     517         
730611 SGMR  10.0    24.9    42.9    57.8    88.4   129     284     527         
730612 SGMR  10.5    26.2    42.4    59.5    88.9   129     287     530         
730613*SGMR   9.4    25.1    44.7    65.8    91.8   132     286     529         
730614 SGMR   9.6    21.1    43.0    62.4    93.3   134     286     527         
730615 SGMR   8.2    20.2    43.0    63.5    94.3   132     287     527         
730616 SGMR   9.5    21.9    45.5    67.8    91.0   130     285     522         
730617 SGMR  10.5    23.2    45.6    62.9    86.5   127     282     522         
730618 SGMR  10.2    24.3    45.5    64.6    87.7   128     280     524         
730619 SGMR  14.4    25.4    45.8    65.6    93.6   136     290     519         
730620 SGMR  12.5    26.0    49.3    66.5   100.8   141     288     519         
730621 SGMR  10.9    24.9    47.2    65.5   104.4   140     284     527         
730622 SGMR  11.2    24.4    47.9    67.0   103.4   145     290     525         
730623 SGMR  10.7    27.2    49.6    66.7   101.9   142     287     525         
730624 SGMR   9.8    26.4    49.6    64.6    99.7   139     285     530         
730625 SGMR  14.1    27.8    47.5    64.7    95.5   138     283     532         
730626*SGMR  10.0    26.9    46.5    65.9    93.9   136     281     531         
730627*SGMR  10.0    25.1    45.5    61.9    88.2   131     280     529         
730628 SGMR   9.7    24.9    43.3    60.1    89.4   130     280     528         
730629 SGMR  12.9    27.6    43.6    60.1    88.8   131     280     524         
730630 SGMR  10.4    27.4    42.7    60.1    91.7   136     283     523         
730632 SGMR  10.2    24.5    44.5    61.1    89.5   131     283     524         
730701 SGMR  10.3    27.1    43.0    56.1    84.4   129     278     525         
730702 SGMR  10.6    25.5    42.1    57.6    87.5   132     283     527         
730703 SGMR  13.2    25.5    43.0    57.4    87.8   132     283     522         
730704 SGMR  11.1    25.9    44.7    58.7    89.1   129     279     523         
730705*SGMR  14.1    30.2    46.3    59.6    90.9   130     280     522         
730706 SGMR   8.9    25.9    43.3    59.6    93.8   135     283     522         
730707 SGMR   9.0    26.4    43.7    61.2    94.9   136     286     529         
730708 SGMR   8.8    25.1    43.7    61.0    95.5   136     287     528         
730709 SGMR   9.1    24.4    44.0    61.6    97.1   142     296     533         
730710 SGMR   9.7    25.1    44.6    62.5    95.2   136     286     524         
730711 SGMR   8.4    21.2    43.0    57.9    88.0   132     273     531         
730712 SGMR   8.6    22.5    43.0    55.3    80.9   123     277     519         
730713 SGMR   8.6    23.3    42.7    52.0    75.9   119     270     518         
730714 SGMR   8.4    23.3    41.7    51.6    75.3   119     271     518         
730715*SGMR   9.3    23.6    43.0    56.1    76.7   119     271     516         
730716 SGMR   8.9    21.3    42.3    50.5    76.9   118     276     515         
730717 SGMR   8.4    21.3    41.1    52.0    77.3   117     276     515         
730718 SGMR   8.4    22.6    40.7    56.7    79.6   122     277     523         
730719 SGMR   8.2    21.4    41.7    53.1    76.9   120     278     519         
730720 SGMR   9.1    22.1    41.1    52.0    75.3   118     274     512         
730721*SGMR   8.4    21.2    42.3    52.2    74.9   118     273     514         
730722 SGMR   8.6    22.1    39.8    48.5    73.2   116     273     519         
730723 SGMR   8.7            41.7    49.2    73.8   118     271     517         
730724 SGMR   8.4    22.5    40.4    49.2    77.2   119     278     523         
730725 SGMR   9.3    23.1    42.6    51.1    78.2   122     279     525         
730726 SGMR   9.9    23.8    43.6    55.3    81.0   123     279     529         
730727*SGMR  10.4    23.1    44.6    56.1    81.6   122     278     528         
730728 SGMR  11.6    24.0    44.9    54.3    79.1   122     276     522         
730729*SGMR  10.5    22.1    46.1    54.1    78.0   124     280     523         
730730 SGMR   8.9    22.1    43.9    54.2    80.3   123     277     521         
730731 SGMR   9.2    21.5    44.2    56.4    82.1   124     275     525         
730732 SGMR   9.5    23.7    43.0    55.3    82.5   125     278     522         
730801*SGMR   8.6    21.3    44.2    60.4    82.5   125     272     522         
730802*SGMR   8.6    22.1    44.2    57.7    82.7   123     269     519         
730803 SGMR   8.8    21.9    43.2    56.5    81.8   121     265     517         
730804 SGMR   9.1    21.7    43.2    54.5    82.1   122     270     515         
730805 SGMR   9.2    21.5    42.2    53.4    81.3   122     275     512         
730806 SGMR   9.9    22.1    44.5    54.3    83.9   124     274     516         
730807 SGMR   9.1    23.7    44.8    56.4    85.7   128     281     523         
730808 SGMR   9.0    22.7    42.9    53.2    83.2   123     276     514         
730809 SGMR   9.2    22.7    42.5    53.9    82.3   122     273     519         
730810 SGMR   9.0    23.5    41.8    50.9    79.2   121     277     520         
730811 SGMR   9.4    22.8    41.4    48.5    75.4   118     271     516         
730812 SGMR   9.6    22.3    40.8    47.0    73.1   117     266     519         
730813 SGMR   8.8    21.6    39.2    45.6    71.5   114     266     516         
730814 SGMR   9.0    21.3    40.1    46.1    71.7   113     266     514         
730815*SGMR   8.9            39.3    45.7    67.8   113     269     514         
730816 SGMR   8.7    20.5    38.8    44.4    70.1   114     273     515         
730817 SGMR   8.7    20.7    38.7    44.2    71.3   115     270     520         
730818 SGMR   8.6    20.7    39.1    45.3    72.2   115     271     516         
730819 SGMR   8.6    20.3    38.4    44.9    72.4   115     272     516         
730820 SGMR   8.7    21.3    39.6    48.1    73.2   119     269     513         
730821 SGMR   8.7    21.1    38.9    49.0    78.7   121     276     519         
730822 SGMR   8.7    21.3    39.9    50.7    78.2   119     276     523         
730823 SGMR   9.8    22.7    39.8    50.6    79.5   123     276     525         
730824 SGMR   9.3    22.6    42.0    51.0    82.1   126     280     525         
730825 SGMR   8.7    22.9    42.3    52.5    86.0   127     282     522         
730826 SGMR   9.1    20.9    43.7    55.2    87.9   131     284     524         
730827 SGMR   9.3    23.1    45.1    58.3    91.4   134     285     524         
730828*SGMR   9.4    23.7    45.9    61.6    93.9   135     287     528         
730829 SGMR  10.0    24.0    46.5    58.8    97.0   140     290     526         
730830 SGMR  11.8    24.6    46.9    64.2    97.5   142     291     526         
730831 SGMR  17.7    27.3    48.4    65.2   106.4   153     300     527         
730832 SGMR   9.4    22.3    42.2    52.6    81.4   124     276     519         
730901 SGMR  19.4    28.2    48.9    71.2   110.2   159     299     524         
730902 SGMR  25.7    31.3    50.7    76.5   124.3   175     312     540         
730903 SGMR  25.9    29.7    50.4    78.6   129.2   174     306     533         
730904 SGMR  26.6    29.3    53.0    79.7   133.4   175     313     533         
730905 SGMR  21.9    27.5    51.9    86.0   134.1   171     304     533         
730906*SGMR  24.1    29.6    53.8    84.7   127.5   166     297     534         
730907 SGMR  14.5    25.6    48.9    79.9   121.5   160     290     535         
730908 SGMR  10.5    23.8    45.6    69.1   113.1   147     284     525         
730909 SGMR  11.2    22.6    43.4    68.3   111.0   148     280     528         
730910 SGMR  10.5    19.7    43.8    64.6   106.7   150     281     532         
730911 SGMR  10.3    23.2    42.0    58.6    93.6   135     270     523         
730912 SGMR   8.5    20.8    40.9    55.2    88.0   124     271     519         
730913 SGMR   9.0    21.1    40.9    53.6    82.7   123     275     523         
730914 SGMR   9.0    21.9    39.0    52.7    81.9   121     274     526         
730915 SGMR   8.4    22.1    40.5    52.8    80.8   122     272     529         
730916 SGMR   9.2    21.2    41.5    53.3    80.7   124     271     526         
730917 SGMR   9.0    21.7    41.9    54.0    79.6   121     278     519         
730918*SGMR   9.0    21.9    42.6    58.4    79.8   122     278     521         
730919 SGMR   7.6    22.5    43.6    56.9    84.3   124     278     522         
730920 SGMR   7.5    22.8    46.9    62.1    87.6   130     278     517         
730921 SGMR   6.4    23.4    45.4    62.4    93.5   132     286     526         
730922 SGMR   8.4    22.8    47.8    68.5    95.9   141     286     532         
730923 SGMR   8.4    22.1    46.6    68.5   101.4   143     286     533         
730924*SGMR   8.9    24.9    49.2    71.9   108.2   144     288     534         
730925 SGMR   9.8    25.5    49.9    74.8   110.1   148     293     537         
730926 SGMR   9.0    24.5    49.5    74.1   112.5   151     294     532         
730927 SGMR   8.9    24.9    49.3    76.5   113.1   151     298     534         
730928 SGMR   9.0    24.8    49.8    76.8   114.9   153     298     531         
730929 SGMR   8.7    24.3    49.8    78.4   114.2   150     297     531         
730930 SGMR   9.6    24.5    49.9    76.6   113.9   146     298     536         
730932 SGMR  12.2    24.3    46.6    68.2   104.2   144     288     529         
731001 SGMR   9.0    25.0    50.7    75.6   107.0   143     295     524         
731002 SGMR   8.7    24.3    50.3    73.1   103.6   140     290     529         
731003*SGMR  12.7    24.2    48.7    70.1   101.5   140     288                 
731004 SGMR   9.2    22.7    45.1    63.8    93.0   133     280                 
731005 SGMR   8.6    21.6    42.5    62.2    88.0   129     276                 
731006 SGMR   8.4    20.3    41.1    57.8    85.8   124     280     521         
731007 SGMR   8.4    20.1    39.6    53.8    82.1   122     278     527         
731008 SGMR   8.3    19.5    38.6    49.7    77.4   122     279     516         
731009 SGMR   8.2    20.5    38.1    49.4    76.7   120     278     522         
731010 SGMR   9.1    21.3    38.5    50.1    76.4   117     273     519         
731011 SGMR   8.3    20.5    37.7    47.5    73.7   117     272     520         
731012 SGMR   8.2    19.8    36.3    46.1    69.8   114     268     514         
731013 SGMR   8.6    20.6    37.6    47.2    69.1   116     268     520         
731014 SGMR   8.4    19.3    38.0    47.9    71.4   114     271     518         
731015 SGMR   8.3    19.5    38.7    47.9    72.7   117     273     525         
731016 SGMR   8.5    21.1    39.9    50.0    73.7   116     274     523         
731017 SGMR   8.7    21.9    41.3    52.2    78.2   121     277     522         
731018 SGMR   8.3    22.5    41.2    50.7    76.6   120     276     519         
731019 SGMR   9.4    20.7    38.8    49.3    74.3   116     272     520         
731020 SGMR   9.4    21.1    40.1    50.9    74.8   117     278     521         
731021 SGMR   8.9    21.6    41.5    51.8    78.5   122     278     524         
731022 SGMR  12.4    26.3    47.5    53.0    82.5   126     284     527         
731023 SGMR  10.0    23.2    45.0    57.7    86.4   133     283     522         
731024 SGMR   9.9    23.6    46.6    63.2    97.5   142     293     532         
731025 SGMR  11.3    23.6    47.0    67.2   100.6   142     295     532         
731026*SGMR   9.5    22.2    46.4    67.5   100.6   148     295     533         
731027 SGMR  10.7    24.9    46.6    68.1   103.8   152     305     536         
731028 SGMR  17.5    29.0    49.7    65.7   100.2   139     296     527         
731029 SGMR  12.4    25.3    47.5    68.3    98.4   142     288     524         
731030 SGMR  40.3    27.7    48.3    70.6   100.5   143     289     523         
731031 SGMR  10.3    23.1    44.4    61.8    90.6   132     285     526         
731032 SGMR  10.6    22.5    43.0    57.7    86.0   128     282     524         
731101 SGMR  10.3    21.4    42.0    60.2    85.5   126     280     528         
731102 SGMR   9.0    21.7    43.1    57.6    82.9   126     282     525         
731103 SGMR   8.7    20.5            54.2    79.7   122     276     527         
731104 SGMR   8.5    21.2    38.2    49.8    76.8   119     275     520         
731105 SGMR   8.7    20.6    38.5    49.6    72.8   114     275     517         
731106 SGMR   8.1    19.3    37.5    48.1    72.1   113     273     510         
731107 SGMR   9.0    19.9    37.8    45.4    70.7   117     274     509         
731108 SGMR   8.1    19.5    35.8    47.0    69.8   114     274     515         
731109 SGMR   8.3    20.5    36.8    44.4    69.0   114     275     514         
731110 SGMR   8.4    19.8    36.5    45.0    69.0   114     275     515         
731111 SGMR   8.6    19.5    36.9    45.5    70.5   117     274     515         
731112 SGMR   8.5    20.6    37.2    47.9    71.5   118     271     515         
731113 SGMR   8.3    20.3    37.9    49.7    72.3   120     270     517         
731114 SGMR   8.8    21.0    37.8    48.7    73.4   121     266     515         
731115 SGMR   8.6    21.7    38.8    50.1    74.7   122     269     514         
731116*SGMR   8.4    19.9    38.2    50.1    75.7   121     271     510         
731117 SGMR   8.8    20.9    40.2    50.0    74.3   122     275     514         
731118 SGMR   8.6    21.1    40.2    49.1    74.7   124     275     511         
731119 SGMR   9.0    21.4            51.3    75.0   123     274     521         
731120 SGMR   9.6    21.9    40.5    51.6    77.2   122     278     519         
731121 SGMR  10.0    23.1    41.1    54.3    81.5   128     277     517         
731122*SGMR  10.7    22.9    42.1    57.4    83.3   130     272     516         
731123 SGMR  13.7    23.8    42.1    58.9    86.5   137     278     519         
731124 SGMR  15.9    24.0    42.1    55.7    85.5   132     276     515         
731125*SGMR          28.9    46.4    60.6    89.5   133     278     521         
731126 SGMR  23.9    27.4    45.2    61.3    90.6   134     280     528         
731127 SGMR  13.4    23.8    44.1    64.5    91.1   126     274     532         
731128*SGMR  16.0    27.2    42.7    61.9    89.5   130     276     528         
731129 SGMR  10.4    21.8    41.7    61.1    95.5   133     278     524         
731130 SGMR  10.9    24.0    41.7    63.8    99.4   146     281     526         
731132 SGMR  10.3    22.0    40.1    53.2    79.3   124     275     519         
731201 SGMR   9.6    20.2    39.0    54.3    87.1   129     282     529         
731202 SGMR   9.3    23.0    37.7    54.7    86.2   135     288     522         
731203 SGMR   8.3    20.4    38.7    52.2    81.5   131     278     527         
731204 SGMR   8.7    19.9    38.1    52.7    78.8   121     272     521         
731205*SGMR   8.7    19.5    36.7    49.8    74.3   118     268     522         
731206 SGMR   8.2    18.3    36.9    47.9    70.7   116     268     517         
731207 SGMR   8.5    18.7    36.8    48.2    70.7   115     269     516         
731208 SGMR   8.6    18.7    37.2    48.3    71.2   115     270     516         
731209*SGMR   8.9    19.8    36.5    48.3    67.6   114     266     513         
731210 SGMR   8.8    18.6    36.4    47.5    71.9   113     264     509         
731211*SGMR   8.5    19.9    37.6    49.9    71.3   118     269     506         
731212 SGMR   9.1    19.3    38.3    50.5    73.1   112     268     513         
731213 SGMR   9.2    18.8    37.6    49.7    73.0   116     268     519         
731214*SGMR   9.2    19.2    38.0    53.2    73.5   114     270     520         
731215 SGMR  10.2    20.8    40.3    53.1    77.1   118     270     521         
731216 SGMR  11.0    24.3    41.3    57.0    80.0   125     280     520         
731217*SGMR  11.9    20.1    41.3    56.6    82.0   126     284     530         
731218 SGMR  11.4    25.9    43.7    62.2    86.3   129     286     530         
731219 SGMR  11.4    27.1    44.4    62.0    85.6   130     281     524         
731220 SGMR  11.0    25.8    44.8    64.3    88.4   130     285     520         
731221*SGMR  10.9    21.5    47.3    71.1    94.4   139     292     523         
731222 SGMR  11.6    27.9    47.5    69.7    98.2   140     289     517         
731223 SGMR  11.0    26.2    46.1    72.2    97.7   144     294     523         
731224 SGMR  17.8    28.2    46.9    70.6    98.9   143     293     536         
731225 SGMR  10.0    25.6    45.0    69.6    96.7   138     291     526         
731226*SGMR   8.2    19.7    41.2    65.0    89.8   129     282     529         
731227 SGMR   8.2    19.2    41.5    59.6    85.3   129     283     529         
731228 SGMR   8.1    18.7    37.2    52.7    80.0   129     275     515         
731229 SGMR   7.7    16.3    37.2    51.9    75.1   124     270     517         
731230 SGMR  11.1    17.4    37.2    53.5    71.0   115     268     515         
731231*SGMR   8.0    22.9    35.7    52.9    70.6   115     267     515         
731232 SGMR   9.8    21.4    37.2    56.5    80.9   125     277     521         

