940101 SGMR                          91     129     194     256             
940102 SGMR                                                                 
940103 SGMR          32      55      88     120     179     251     519     
940104 SGMR  17      32      54                                     514     
940105 SGMR  21      32      54      90     127     185     253     537     
940106 SGMR  19      33      55      89     124     184     259     535     
940107 SGMR  23      35      57      88     121     171     247     519     
940108 SGMR  33      35      53      82     117     162     243     521     
940109 SGMR  42      35      51      79     108     160     246     520     
940110 SGMR  19      31      48      73     100     156     243     538     
940111 SGMR  21      30      46      67      94     151     242     520     
940112 SGMR  15      31      48      66      92     147     238     527     
940113 SGMR  20      31      38      62      87     145     235     539     
940114 SGMR  18      27      41      59      80     124     202     507     
940115 SGMR  15      28      46      62      88     152     253     541     
940116 SGMR  15      28      48      65      90     155     258     546     
940117 SGMR   9      25      43                             207             
940118 SGMR  11      28      43      67      96     153     247     530     
940119 SGMR  12      26      47      67      93     160     257             
940120 SGMR  12      27      49      69      94     161     253             
940121 SGMR  13      28      50      72     100     162     253             
940122 SGMR  14      29      54      78     103     166     245     543     
940123 SGMR  13      28      50      82     109     173     262             
940124 SGMR  15      30      54      85     120     181     264             
940125 SGMR  16      33      56      89     120     186     266     535     
940126 SGMR  13      31      54      87     119     184     266     548     
940127 SGMR  10      31      54      84     110     173     264     543     
940128 SGMR  13      28      54      83     114     178     256     475     
940129 SGMR  13      30      54      76      94     147     236     528     
940130 SGMR  11      29      57      74      91     146     233     532     
940131 SGMR  11      28      53      72      90     143     236     532     
940201 SGMR  12      27      52      71      87     141     235     531     
940202 SGMR  11      28      50      69      86     139     233     527     
940203 SGMR  11      27      49      69      89     142     234     525     
940204 SGMR  11      27      51      68      88     143     236     531     
940205 SGMR  12      27      48      67      86     143     226     543     
940206 SGMR  12      28      49      66      86     140     234     529     
940207 SGMR  15      28      47      67      88     142     234     531     
940208 SGMR  13      27      48      65      88     144     235     523     
940209 SGMR  14      28      47      65      90     148     237     481     
940210 SGMR  14      28      46      65      87     143     238     536     
940211 SGMR  12      28      46      64      86     143     239     515     
940212 SGMR                                                                 
940213 SGMR  12      30      47      69      94     144     227     515     
940214 SGMR  12      27      49      72      94     148     239     537     
940215 SGMR  13      30      54      77      98     149     239     535     
940216 SGMR  12      27      52      77     100     151     243     534     
940217 SGMR   8      27      52      80      99     150     238     533     
940218 SGMR  12      29      55      79      98     146     230     528     
940219 SGMR  12      28      54      80      99     150     236     532     
940220 SGMR  13      27      52      81     102     148     229     529     
940221 SGMR  11      28      53      80     100     148     230     504     
940222 SGMR  12      30      53      79      99     152     240     538     
940223 SGMR  14      31      54      79      98     154     241     510     
940224 SGMR  11      33      51      77      95     146     225     442     
940225 SGMR  13      29      53      75      91     144     234     539     
940226 SGMR  12      30      53      71      88     136     223     530     
940227 SGMR  11      28      52      71      89     144     239     536     
940228 SGMR  12      28      52      68      86     138             529     
940301 SGMR  12      29      50      69      87     140     219     531     
940302 SGMR  11      27      49      70      91     144             532     
940303 SGMR   7      18      43      63      92     117     165     383     
940304 SGMR  10      28      49      74             137     214     460     
940305 SGMR  12      27      49      69      88     141     222     533     
940306 SGMR  11      26      46      67      88     141     222     538     
940307 SGMR  12      26      43      64      85     138     220     517     
940308 SGMR  14      27      46      66      86     136     218     509     
940309 SGMR  12      27      47      63      83     137     219     536     
940310 SGMR  11                      65      84     125             424     
940311 SGMR  11      26      46      61      81     135     217     529     
940312 SGMR  12      24      43      62      84     138     219     536     
940313 SGMR  12      26      43      63      83     137     218     533     
940314 SGMR  12      27      44      63      82     132     212     526     
940315 SGMR  16      27      45      64      81     130     207     527     
940316 SGMR  15      31      47      64      81     131     209     528     
940317 SGMR  10      25      42      62      79     130     208     531     
940318 SGMR  12      27      46      65      81     134     211     527     
940319 SGMR  13      30      56      69      84     135     221     535     
940320 SGMR  12      28      49      68      83     136     216     536     
940321 SGMR  13      29      49      69      87     141     220     534     
940322 SGMR  13      26      44      65      82                     467     
940323 SGMR  12      27      51      67      84     132     208     542     
940324 SGMR  14      33      49      67      88     134     206     532     
940325 SGMR  13      28      49      69      87     138     220     531     
940326 SGMR  12      29      51      69      85     136     214     534     
940327 SGMR  12      28      49      70      80     135     213     525     
940328 SGMR  11      31      46      68      83     133     211     514     
940329 SGMR  10      33      44      65      79     124                     
940330 SGMR  12      27      54      64      82     131     205     525     
940331 SGMR  13      27      46      63      80     133     215     531     
940401 SGMR  12      27      45      60      77     125     206     532     
940402 SGMR  11      25      43      57      75     129     211     530     
940403 SGMR  13      24              53      73     132     209     529     
940404 SGMR  12      24      42      52      73     131     208     539     
940405 SGMR  12      28      40      52      73     124     207     542     
940406 SGMR  12      24      37      51      71     126     202     535     
940407 SGMR  12      22      37      49      69     121     202     530     
940408 SGMR  12      26      41      51      69     120     202     539     
940409 SGMR  12      25      40      51      69     118             542     
940410 SGMR  12      22      39      55      73     122     204     492     
940411 SGMR  12      22      38      50      72     118     201     547     
940412 SGMR  12      24      39      51      70     119     205     548     
940413 SGMR  10      23      38      52      70     137                     
940414 SGMR  12      25      46      56      77     129     203     545     
940415 SGMR  11      25      43      56      75     127     210     538     
940416 SGMR                                                                 
940417 SGMR                                                                 
940418 SGMR  12      28      44      59      79     128     211     549     
940419 SGMR  12      27      47      59      79     125     203     544     
940420 SGMR  15      27      49      62      82     133     214     534     
940421 SGMR  13      29      50      67      85     135     208     548     
940422 SGMR  15      29      46      65      82     145     214     545     
940423 SGMR  16      27      49      67      84     135     210     545     
940424 SGMR  14      30      49      63      81     128     206     548     
940425 SGMR  12      27      47      62      80     133     214     535     
940426 SGMR  15      28      47      60      78     128     200     536     
940427 SGMR  12      26      43      57      78     126     210     538     
940428 SGMR  12      26      40      56      73     120     205     543     
940429 SGMR  12      23      39      55      75     121     200     531     
940430 SGMR  12      25      39      53      74     125     211     540     
940501 SGMR  12      24      35      54      69     123     208     488     
940502 SGMR  13      25      42      52      75     125     213     546     
940503 SGMR  11      23      39      51      71     123     207     543     
940504 SGMR  11      23      39      51      73     117     205     544     
940505 SGMR  11      21      37      50      68     107     168     494     
940506 SGMR  11      23      44      52      71     117     194     514     
940507 SGMR  11      22      39      52      72     119     200     543     
940508 SGMR  12      22      37      53      72     139     199     463     
940509 SGMR  11      22      41      56      74     120     202     542     
940510 SGMR  12      23      40      58      81     124     206     548     
940511 SGMR  11      24      41      61      83     123     200     546     
940512 SGMR  12      26      43      63      83     132     212     542     
940513 SGMR  15      25      45      66      91     154     214     548     
940514 SGMR  13      26      44      68      90     133     212     550     
940515 SGMR  13      27      47      71      90     134     211     540     
940516 SGMR  11      24      46      69      87     135                     
940517 SGMR  11      24      46      69      87                             
940518 SGMR  12      28      51      73     102     171     230     542     
940519 SGMR  11      26      51      70      92     151     213     544     
940520 SGMR  11      26      48      69      88     140     217     545     
940521 SGMR  15      27      43      75      87     131     206     542     
940522 SGMR  13      26      43      64      83     131     204     540     
940523 SGMR  11      26      42      60      80     134     215     534     
940524 SGMR  12      23      44      54      67     127             544     
940525 SGMR  11      23      39      56      73     122     204     529     
940526 SGMR  10      24      40      51      71     124     210     526     
940527 SGMR  10      22      35      50      69     122     207     538     
940528 SGMR  11      23      37      51      68     117     201     540     
940529 SGMR  10      22      34      50      69     120             544     
940530 SGMR  10      22      36      50      67     116     196     530     
940531 SGMR  11      22      36      50      67     120     206     531     
940601 SGMR   9      22      35      49      67     120     205     485     
940602 SGMR   9      24      35      50      67     120     203     530     
940603 SGMR   9      22      35      48      66     116     197     534     
940604 SGMR  11      22      37      50      66     116     200     532     
940605 SGMR  10      23      39      51      67     117     203     533     
940606 SGMR  11      23      39      52      71     121     206     528     
940607 SGMR  10      26      39      55      75     127     211     527     
940608 SGMR  14      26      41      58      79     132     214     537     
940609 SGMR  34      33      44      62      82     132     213     537     
940610 SGMR  13      27      41      63      84     134     215     557     
940611 SGMR  17      32      43      65      84     128     210     557     
940612 SGMR  19      26      46      66      86     132     207     482     
940613 SGMR  17      27      46      64      85     134     211     548     
940614 SGMR  12      25      44      66      86     134     209     505     
940615 SGMR  10      25      44      67      87     138     218     558     
940616 SGMR  18      25      43      64      87     138     216     554     
940617 SGMR  11      25      42      63      84     134     211     547     
940618 SGMR  11      25      41      61      80     128     210     543     
940619 SGMR  11      23      40      59      77     125     207     542     
940620 SGMR  10      23      39      59      76     130     212     548     
940621 SGMR                                                                 
940622 SGMR  10      23      40      54      71     124     201     554     
940623 SGMR  10      22      38      54      71     120     202     548     
940624 SGMR  11      22      39      53      71     123     203     529     
940625 SGMR  10      24      39      55      73     126     212     535     
940626 SGMR  10      21      37      54      73     128     208     552     
940627 SGMR   9      22      37      53      71     124     206     546     
940628 SGMR  10      21      36      52      73     127     203     549     
940629 SGMR  10      22      38      56      76     128     205     550     
940630 SGMR  10      24      39      59      81     134     212     562     
940701 SGMR  17      26      40      59      84     142     216     567     
940702 SGMR  15      27      41      61      83     136     215     564     
940703 SGMR  59      48      47      65      87     133     209     570     
940704 SGMR  13      27      45      64      85     140     219     564     
940705 SGMR  11      24      43      64      83     133     206     573     
940706 SGMR  11      25      43      63      82     134     203     563     
940707 SGMR  13      27      46      68      86     133     210     570     
940708 SGMR  12      27      46      67      86     132     208     565     
940709 SGMR  11      26      45      66      85     133     206     560     
940710 SGMR  11      26      44      65      84     138     214     568     
940711 SGMR  11      25      42      65      86     135     211     583     
940712 SGMR  10      23      42      64      83     138     216     583     
940713 SGMR  10      23      42      63      82     136     209     520     
940714 SGMR  11      26      45      64      82     123     198     530     
940715 SGMR  10      24      42      62      82     133     210     517     
940716 SGMR  10      23      39      60      82     137     214     527     
940717 SGMR  10      24      40      59      79     130     212     522     
940718 SGMR  10      23      40      59      80     125     202     530     
940719 SGMR  10      22      37      58      77     135     214     529     
940720 SGMR   9      21      38      57      76     138     205     522     
940721 SGMR  10      22      37      57      77     140     208     511     
940722 SGMR  10      22      37      56      77     134     207     495     
940723 SGMR  11      23      38      55      77     137     214     501     
940724 SGMR  10      23      38      55      77     129     210     508     
940725 SGMR  10      21      37      56      75     132     213     511     
940726 SGMR  10      23      41      58      75     131     212     513     
940727 SGMR  11      23      37      57      74     135     211     515     
940728 SGMR                                                                 
940729 SGMR   9      23      40      56      76     123     201     511     
940730 SGMR  10      24      40      56      74     126     203     494     
940731 SGMR  10      22      38      55      74     123     200     507     
940801 SGMR  10      23      36              71     129     203     512     
940802 SGMR  10      24      39      56      74     132     210     529     
940803 SGMR                                                                 
940804 SGMR                          58      76     129     204     511     
940805 SGMR                          58      74     125     198     481     
940806 SGMR                          60      76     129     220     525     
940807 SGMR                          63      80     128     222     531     
940808 SGMR                          57      74     123     206     516     
940809 SGMR                          60      80     130     223     520     
940810 SGMR                          58      78     128     203     511     
940811 SGMR                          57      76     124     205     510     
940812 SGMR                          65      86     128     214     516     
940813 SGMR                          58      81     134     214     507     
940814 SGMR                          58      83     135     206     456     
940815 SGMR                          66      88     138     225     473     
940816 SGMR                          63      83     127     218     510     
940817 SGMR                          57      76     126     205     497     
940818 SGMR                          60      82     130     229     494     
940819 SGMR                          55      74     126     208     499     
940820 SGMR                          56      76     124     214     513     
940821 SGMR                          52      70     125     199     501     
940822 SGMR                          50      66     108     168     427     
940823 SGMR                          53      72     123     210     514     
940824 SGMR                          54      70     118     208     509     
940825 SGMR                          52      70     122     206     510     
940826 SGMR                          52      69     126     205     508     
940827 SGMR                          54      70     123     200     495     
940828 SGMR                          53      71     120     201     505     
940829 SGMR                          56      75     130     214     515     
940830 SGMR                          58      79     135     213     551     
940831 SGMR                          59      80     136     217             
940901 SGMR                          61      83     134     212     508     
940902 SGMR                          70      93     141     224     513     
940903 SGMR                          76     102     148     236     518     
940904 SGMR                          71      94     138     216     512     
940905 SGMR                          68      91     134     202     481     
940906 SGMR                          76     101     151     242     511     
940907 SGMR                          77     100     146     238     517     
940908 SGMR                          67      85     137     217     513     
940909 SGMR                          71      87     131     212     507     
940910 SGMR                          63      85     128     209     514     
940911 SGMR                          61      80     127     210     509     
940912 SGMR                          64      82     127     216     509     
940913 SGMR                          62      79     126     209     502     
940914 SGMR                          55      72     126     212     523     
940915 SGMR                          53      69     121     208     528     
940916 SGMR                          52      69     120     202     494     
940917 SGMR                          49      68     119     205     506     
940918 SGMR                          52      72     122     209     509     
940919 SGMR  10      18      29      49      68     122     206     551     
940920 SGMR                          50      68     117             503     
940921 SGMR                          52      69     122     211     504     
940922 SGMR   9      18      30      49      68     117     193     501     
940923 SGMR  10      18      28      50      66     112                     
940924 SGMR  10      18      30      51      70     122     207     494     
940925 SGMR   9      18      29      52      77     124     209     501     
940926 SGMR  11      23      32      54      75     125     204     494     
940927 SGMR  10      19      32      55      73     121     204     499     
940928 SGMR   9      18      31      53      70     123     207     506     
940929 SGMR  10      19      30      53      72     120     204     509     
940930 SGMR  11      20      31      53      70     121     206     509     
941001 SGMR  11      18      30      52      72     120     200     508     
941002 SGMR  10      19      31      53      72     119     204     505     
941003 SGMR  11      18      33      54      71     124     211             
941004 SGMR  10      19      32      53      71     120     204     598     
941005 SGMR   9      19      32      55      77     126     205             
941006 SGMR  11      19      32      55      76     127     207     531     
941007 SGMR  12      19      31      59      81     132     215     529     
941008 SGMR  14      20      32      60      82     134     214     542     
941009 SGMR  11      20      34      62      83     135     216     527     
941010 SGMR  11      20      31      59      83     134     215     535     
941011 SGMR  14      21      33      61      83     135             540     
941012 SGMR  16      20      33      62      85     137     215     533     
941013 SGMR  17      21      34      65      88     138     216     536     
941014 SGMR  13      20      34      66      89     134             537     
941015 SGMR  19      22      33      63      89     136     215     537     
941016 SGMR          24      36      67      88     131     208     541     
941017 SGMR  16      23      38      69      89     134     215     540     
941018 SGMR          31      39      70      88     138     216     531     
941019 SGMR  12              35      66      84     132     208     526     
941020 SGMR  10      20      34      66      86     132     202     523     
941021 SGMR   8      18      31      63      83     128     209     510     
941022 SGMR  12      20      32      61      82     127     204     520     
941023 SGMR  12      21      33      61      79     130     213     531     
941024 SGMR  11      21      34      59      77     129     213     541     
941025 SGMR  19      22      32      61      83     132     209     527     
941026 SGMR  13      20      33      63      90     139     214     541     
941027 SGMR  10      21      34      66      88     136     209     512     
941028 SGMR  26      22      35      68      92     138     210     541     
941029 SGMR  20      23      34      71      94     139     214     540     
941030 SGMR  12      20      33      69      91     139     217     533     
941031 SGMR   9      20      35      69      93     136     215     529     
941101 SGMR  13      21      36      68      89     132     212     477     
941102 SGMR   8      18      33      66      86     134     215     517     
941103 SGMR  10      19      32      61      83     129     212     533     
941104 SGMR  10      19      31      60      78     128     211     513     
941105 SGMR  10      19      30      58      77     129     211     517     
941106 SGMR          18      31      58      77     131     213     513     
941107 SGMR  11      20      33      59      75     125     206     528     
941108 SGMR   9      19      32      57      75     127     207     518     
941109 SGMR  11      20      31      56      74     123     203     510     
941110 SGMR  11      20      33      55      75     122     202     523     
941111 SGMR  10      20      34      56      74     121     203     524     
941112 SGMR  10      20      34      56      74     124     204     520     
941113 SGMR  11      21      35      58      76     123     203     522     
941114 SGMR   9      20      34      54      72     122     203     522     
941115 SGMR                          57      72     121     207             
941116 SGMR  11      21      34      55      73     123     204     443     
941117 SGMR  11      19      33      56      75     120     197             
941118 SGMR  11      20      33      53      73     126     207     437     
941119 SGMR  11      20      33      54      72     119     200     443     
941120 SGMR  12      20      32      52      73     122     203     431     
941121 SGMR  10      20      32      53      71     121     202             
941122 SGMR   9      23      31      52      70     120     202     532     
941123 SGMR  10      19      32      53      71     122     210     531     
941124 SGMR  11      20      34      54      72     125     214     541     
941125 SGMR  10      20      32      55      74     123     202     535     
941126 SGMR  10      20      33      54      76     127     209     540     
941127 SGMR  10      20      34      57      76     122     202     544     
941128 SGMR  10      20      30      55      72     118     188     434     
941129 SGMR  12      24      35      53      71     124     203     533     
941130 SGMR  11      22      34      55      73     126     208     544     
941201 SGMR  12      24      35      55      73     126     209     549     
941202 SGMR  13      25      35      55      72     124     205     519     
941203 SGMR  12      23      34      56      75     126     206     528     
941204 SGMR  12      24      36      58      76     125     203     522     
941205 SGMR  12      24      29      54      72     106     164     396     
941206 SGMR  12      24      36      55      74     126     208     486     
941207 SGMR  13      24      32      56      72     118                     
941208 SGMR  10      22      34      55      75     126     212     540     
941209 SGMR  21      28      38      61      79     128     205     537     
941210 SGMR  20      26      37      61      79     131     209     531     
941211 SGMR  15      27      38      61      88     140     214     508     
941212 SGMR          29      39      65      90     149     226     556     
941213 SGMR  19      28      36      65      90     144     225     547     
941214 SGMR                  38      64      90     145     220     506     
941215 SGMR          36      40      63      88     141     217     535     
941216 SGMR  33      29      40      64      86     143     224     546     
941217 SGMR  32      30      41      62      86     135     215     537     
941218 SGMR  22      28      37      61      82     138     208     502     
941219 SGMR  19      27      34      59      79     132     214             
941220 SGMR  16      25      35      57      76     130     211     552     
941221 SGMR  15      26      35      60      77     126     202     527     
941222 SGMR  16      25      35      59      76     124     205             
941223 SGMR  16      24      35      57      73     127     207     518     
941224 SGMR  14      23      33      52      69                             
941225 SGMR  16      26      35      55      73     125     205     509     
941226 SGMR  16      25      34      55      73     127     210     510     
941227 SGMR  15      25      33      52      71     124     210     509     
941228 SGMR  14      25      32      52      71     124     209     495     
941229 SGMR  14      25      36      56      74     124     209     503     
941230 SGMR  12      24      35      54      71     123     214     514     
941231 SGMR  12      24      33      53      69     124     210     506     
 
