060101 SGMR  11      28      38      53      89     138     227     514     
060102 SGMR                                                                 
060103 SGMR  19      26      35      49      91     137     223     515     
060104 SGMR   8      29      34      48      85     135     226     522     
060105 SGMR  10      27      33      46      83     126     205     485     
060106 SGMR  11      27      34      46      81     136     224     505     
060107 SGMR  11      26      33      44      80     134     226     533     
060108 SGMR   8      25      31      43      77     109     126     229     
060109 SGMR   8      24      32      44      81     128     210     487     
060110 SGMR   9      25      32      43      77     128     218     525     
060111 SGMR   9      24      32      43      75     132     218     520     
060112 SGMR   8      24      32      43      79     126     209     523     
060113 SGMR   8      24      32      43      74     130     218     522     
060114 SGMR   9      24      29      42      74     113     170     449     
060115 SGMR   7      25      32      45      80     134     232     515     
060116 SGMR   9      22      28      47      76     129     208     525     
060117 SGMR   9              31      45      81     132     224     480     
060118 SGMR                                                                 
060119 SGMR  11      27      34      48      86     141     229     538     
060120 SGMR  11      27      35      49      85     139     217     538     
060121 SGMR   9      25      33      50      92     146     221     542     
060122 SGMR   9      25      32      50      94     142     210     543     
060123 SGMR   7      22      20      46      91     101      91     266     
060124 SGMR   9      26      33      49      91     139     224     534     
060125 SGMR   9      28      36      49      94     138     221     532     
060126 SGMR  10      27      36      48      85     135     223     536     
060127 SGMR   9      27      36      47      80     133     224     533     
060128 SGMR  11      26      35      46      84     135     218     524     
060129 SGMR   9      25      31      46      81     132     215     497     
060130 SGMR   8      25      32      46      82     127     217     495     
060131 SGMR   9      25      31      44      76     120     199     459     
060201 SGMR  10      25      32      43      73     129     222     536     
060202 SGMR   9      25      31      42      76     131     220     535     
060203 SGMR   9      16      31      43      77     116     187     395     
060204 SGMR   8      24      31      43      77     130     219     528     
060205 SGMR   9      24      32      42      76     131     220     526     
060206 SGMR   8      23      29      42      79     130     224     533     
060207 SGMR  11      25      32      42      79     130     224     532     
060208 SGMR  10      26      30      41      75     122     203     528     
060209 SGMR   9              32      41      75     129     222     538     
060210 SGMR  12      23      30      42      76     126     210     533     
060211 SGMR  11      24      31      42      78     129     219     535     
060212 SGMR                                                                 
060213 SGMR   9      24      30      42      79     127     216     533     
060214 SGMR   8      24      31      43      89     128     209     504     
060215 SGMR   9      24      33      44      78     128     212     542     
060216 SGMR   9      24      32      45      80     133     216     546     
060217 SGMR   9      18      33      46      81     134     219     507     
060218 SGMR  10      25      34      45      81     131     222     540     
060219 SGMR  10      25      34      44      80     123     205     526     
060220 SGMR  11      25      35      45      76     131     222     542     
060221 SGMR  12      25      33      44      76     131     221     514     
060222 SGMR  12      25      31      45      76     127     212     533     
060223 SGMR   9      23      29      44      77     128     219     516     
060224 SGMR  13      26      34      43      77     130     221     532     
060225 SGMR   8      26      34      44      78     129     221     537     
060226 SGMR   9      25      34      44      79     128     226     538     
060227 SGMR  10      25      33      44      79     121     209     511     
060228 SGMR  11      24      32      44      81     130     221     540     
060301 SGMR  13      24      31      45      83     131     219     542     
060302 SGMR   9      24      33      44      77     134     220     534     
060303 SGMR  10      25      33      45      79     128     224     540     
060304 SGMR   9      24      32      44      79     129     221     539     
060305 SGMR  11      25      33      44      73     127     211     535     
060306 SGMR   9      23      31      42      73     127     221     540     
060307 SGMR  11      24      31      44      80     129     225     539     
060308 SGMR   8      22      30      41      71     128     221     538     
060309 SGMR  10      22      30      41      72     129     222     522     
060310 SGMR   8      22      30      41      73     127     213     522     
060311 SGMR   7      22      29      43      76     131     217     528     
060312 SGMR   9      22      30      42      74     130     218     535     
060313 SGMR                                                                 
060314 SGMR   8      21              43      76     128     219             
060315 SGMR  12      24      31      42      71     127     214     543     
060316 SGMR  15      24      33      42      77     128     217     541     
060317 SGMR  11      24      31      42      77     127     220     541     
060318 SGMR  14      24      33      42      76     128     223     542     
060319 SGMR  12      24      31      42      79     129     213     546     
060320 SGMR  12      24      31      43      81     123     202     534     
060321 SGMR  14      24      33      44      79     128     209     532     
060322 SGMR  12      24      31      44      78     129     225     542     
060323 SGMR   9      24      32      43      77     130     214     546     
060324 SGMR   8      24      32      42      84     129     218     540     
060325 SGMR   8      22      26      44      80     118     222     543     
060326 SGMR   9      22      27      43      77     121     220     542     
060327 SGMR                          43      78     131     218     542     
060328 SGMR  12      25      30      44      83     135     220     542     
060329 SGMR  11      26      35      47      80     137     219     552     
060330 SGMR   9      25      32      47      87     137     212     552     
060331 SGMR  15      26      31      49      89     139     223     544     
060401 SGMR   9      26      34      50      90     153     222     550     
060402 SGMR  15      26      35      53      94     150     225     549     
060403 SGMR  17      30      38      57     110     166     241     559     
060404 SGMR  19      27      30      55     103     159     234     541     
060405 SGMR  21      28      29      56     102     141     218     547     
060406 SGMR  53      32      37      55     102     153     236     547     
060407 SGMR  14      27      33      54     101     155     232     559     
060408 SGMR  13      25      34      54      95     145     232     563     
060409 SGMR  12      25      33      50      89     145     232     556     
060410 SGMR  14      26      35      51      91     144     231     568     
060411 SGMR   8      24      31      52      91     143     215     556     
060412 SGMR   8      24      32      50      88     133     214     553     
060413 SGMR   8      23      34      49      85     133     219     551     
060414 SGMR   9      23      33      50      85     123     201     553     
060415 SGMR   8      23      31      49      84     131     217     555     
060416 SGMR   7      24      35      49      82     130     218     552     
060417 SGMR  10      24      32      48      83     131     211     537     
060418 SGMR   9      25      33      48      80     131     220     548     
060419 SGMR   9      27      33      47      86     131     218     549     
060420 SGMR  10      26      32      47      84     131     219     548     
060421 SGMR  10      27      33      47      86     134     219     552     
060422 SGMR   9      25      34      48      92     143     228     565     
060423 SGMR   7      26      36      49      92     147     237     559     
060424 SGMR                                                                 
060425 SGMR   9      26      35      55     102     156     234     557     
060426 SGMR   9      25      35      58     107     168     237     572     
060427 SGMR                                                                 
060428 SGMR  11      28      39      61     111     156     234     561     
060429 SGMR  30      38      35      63     109     157     236     565     
060430 SGMR  11      27      40      61     108     158     232     563     
060501 SGMR   7      27      38      60     107     151     229     556     
060502 SGMR   6      25      34      55      91     113     171     459     
060503 SGMR  10      24      30      57     101     140     220     535     
060504 SGMR                                                                 
060505 SGMR  11      24      32      55      94     140     225     562     
060506 SGMR   8      25      32      54      91     142     227     548     
060507 SGMR   8      25      33      54      96     139     218     554     
060508 SGMR  15      26      34      53      87     138     219     545     
060509 SGMR  18      27      33      53      94     142     226     510     
060510 SGMR  10      23      29                                             
060511 SGMR   8      23      31      47      80     132     218     499     
060512 SGMR   6      24      31      46      82     136     222     497     
060513 SGMR   5      23      29      44      77     112     177     437     
060514 SGMR   4      22      28      42      72     104     166     430     
060515 SGMR   5      23      28      42      74     120     201     516     
060516 SGMR   6      22      29      42      78     131     217     493     
060517 SGMR   7      22      28      43      78     128     215     524     
060518 SGMR   7      23      30      44      77     129     216     521     
060519 SGMR   6      24      31      45      82     140     219     521     
060520 SGMR   7      25      31      47      82     140     214     530     
060521 SGMR   8      24      32      48      86     132     220     527     
060522 SGMR   8      25      34      51      90     136     213     536     
060523 SGMR   5      26      34      52      92     147     226     533     
060524 SGMR          26      35      54      90     144     215     530     
060525 SGMR   9      26      36      54      87     134     217     523     
060526 SGMR   8      25      35      53      88     131     210     545     
060527 SGMR  11      28      37      54      90     138     222     553     
060528 SGMR   7      26      35      54      92     139     215     574     
060529 SGMR   8      25      35      52      90     135     219     533     
060530 SGMR  10      27      35      52      90     136     218     519     
060531 SGMR   8      27      35      50      85     136     219     563     
060601 SGMR          23      34      49      83     131     214     525     
060602 SGMR   9      26      32      46      82     132     221     483     
060603 SGMR   7      25      30      47      84     141     212             
060604 SGMR  10      25      33      47      81     145     216     519     
060605 SGMR  11      28      32      48      83     132     216     542     
060606 SGMR  12      26      33      49      88     133     218     522     
060607 SGMR   9      26      33      49      84     122     187     437     
060608 SGMR   9      24      27      46      71      96     154     378     
060609 SGMR  14      28      33      51      80     133     217     513     
060610 SGMR   7      24      30      47      83     114     186     413     
060611 SGMR   7      24      32      48      78     130     219     526     
060612 SGMR   9      24      32      48      79     130     214     525     
060613 SGMR   9      25      32      49      85     134     219     531     
060614 SGMR   9      24      30      47      84     133     219     524     
060615 SGMR   9      24      30      47      81     134     219     532     
060616 SGMR   8      26      32      47      84     132     220     535     
060617 SGMR   7      24      31      45      82     131     216     533     
060618 SGMR   7      24      32      46      81     123     202     524     
060619 SGMR   7      24      31      46      80     126     209     523     
060620 SGMR   9      24      31      46      76     130     216     526     
060621 SGMR   8      26      32      46      78     127     213     517     
060622 SGMR  10      24      31      46      79     129     214     515     
060623 SGMR   9      24      29      45      74     126     210     514     
060624 SGMR  11      27      33      46      79     130     214     477     
060625 SGMR   9      26      33      46      82     126     208     504     
060626 SGMR   8      26      32      46      81     132     217     529     
060627 SGMR   8      25      32      48      84     135     217     530     
060628 SGMR  10      27      33      50      92     136     212     496     
060629 SGMR  10      27      35      53      96     139     217     526     
060630 SGMR  10      26      34      54      96     144     223     536     
060701 SGMR   9      28      33      54      93     143     225     534     
060702 SGMR  10      27      34      55      94     144     220     500     
060703 SGMR   8      30      36      54      91     141     221     534     
060704 SGMR  25      32      38      56      96     147     227     527     
060705 SGMR  21      30      34      55      93     144     224     532     
060706 SGMR  17      32      36      54      92     145     226     536     
060707 SGMR  11      27      33      50      91     138     220     532     
060708 SGMR  12      27      32      48      84     136     217     530     
060709 SGMR  11      26      31      47      82     132     214     529     
060710 SGMR  10      25      32      46      83     128     216     533     
060711 SGMR  14      26      31      45      76     129     215     525     
060712 SGMR   8      23      29      44      75     127     216     519     
060713 SGMR   7      23      30      44      76     128     218     512     
060714 SGMR   7      23      30      44      75     126     210     524     
060715 SGMR   9      24      34      44      78     126     214     527     
060716 SGMR   7      23      30      48      82     125     211     523     
060717 SGMR   6      23      29      44      80     125     210     522     
060718 SGMR   7      24      30      44      79     123     201     525     
060719 SGMR   6      23      29      45      75     126     213     512     
060720 SGMR   7      24      30      45      80     125     211     513     
060721 SGMR   7      24      31      44      74     126     207     503     
060722 SGMR   8      24      31      45      77     130     219     505     
060723 SGMR   7      25      32      47      85     129     206     515     
060724 SGMR   9      25      33      49      84     133     218     516     
060725 SGMR   7      24      30      47      82     131     212     511     
060726 SGMR   7      24      29      48      83     128     212     515     
060727 SGMR   7      23      29      46      81     126     209     506     
060728 SGMR   6      23      31      47      79     128     210     510     
060729 SGMR   6      22      29      48      80     126     213     522     
060730 SGMR                                                                 
060731 SGMR          22      29      47      78     128     213     517     
060801 SGMR   7      23      30      45      78     128     210     514     
060802 SGMR                                                                 
060803 SGMR   8      24      31      44      79     126     206     517     
060804 SGMR   8      24      31      44      79     122     206     505     
060805 SGMR   8      23      29      42      72     126     211     523     
060806 SGMR   8      23      29      43      75     123     203     520     
060807 SGMR   8      23      30      43      78     126     213     519     
060808 SGMR   8      23      30      44      77     127     213     522     
060809 SGMR  10      24      29      44      82     130     210     518     
060810 SGMR          26      30      47      84     137     211     518     
060811 SGMR  32      35      34      49      94     144     220     528     
060812 SGMR                  36      51      92     142     211     558     
060813 SGMR          46      35      52      95     138     208     522     
060814 SGMR  56      34      34      53      93     145     222             
060815 SGMR          39      36      52      89     146     225     521     
060816 SGMR          50      41      64     114     166     244     540     
060817 SGMR  11      31      37      55      94     146     230     526     
060818 SGMR  17      28      37      56     100     150     229             
060819 SGMR  16      32      33      54      97     151     227     523     
060820 SGMR  14      26      35      53      92     144     222     515     
060821 SGMR  11      27      34      51      90     137     217             
060822 SGMR   9      26      35      51      91     139     222     551     
060823 SGMR  14      26      33      50      82     134     216     525     
060824 SGMR  10      25      32      49      86     131     211     529     
060825 SGMR   9      24      33      48      84     131     221     509     
060826 SGMR  10      26      33      48      84     131     210     537     
060827 SGMR  23      32      34      51      84     132     213     532     
060828 SGMR  11      25      32      49      84     128     211     529     
060829 SGMR   7      23      31      47      79     131     209     469     
060830 SGMR   8      23      30      46      80     132     216     534     
060831 SGMR   8      23      29      46      85     125     210     538     
060901 SGMR   9      23      31      45      83     132     216     538     
060902 SGMR   9      23      30      44      85     139     215     508     
060903 SGMR   8      23      27      46      80     138     209     473     
060904 SGMR   9      22      31      47      87     132     219     527     
060905 SGMR   8      23      31      51      85     132     220     524     
060906 SGMR   8      24      32      52      90     132     209     526     
060907 SGMR   8      24      33      54      93     134     216     531     
060908 SGMR   8      27      33      58             140     222     534     
060909 SGMR  10      27      35      56      92     140     222     535     
060910 SGMR   9      25      35      56      95     149     216     535     
060911 SGMR   9      25      34      55      93     142     225     533     
060912 SGMR  10      25      36      53      88     142     217     538     
060913 SGMR   9      22      33      53      89     140     212     534     
060914 SGMR  10      26      35      52      88     147     219     523     
060915 SGMR   9      25      32      50      85     136     224     527     
060916 SGMR   9      25      32      48      84     133     220     529     
060917 SGMR   9      25      33      48      79     131     219     531     
060918 SGMR   9      24      30      46      78     127     216     534     
060919 SGMR   9      24      30      45      76     128     215     527     
060920 SGMR   8      22      30      43      77     125     213     523     
060921 SGMR   8      24      32      44      78     129     215     527     
060922 SGMR   8      24      32      46      79     133     207     530     
060923 SGMR   7      27      31      43      78     126     207     492     
060924 SGMR   9      28      30      42      73     125     213     503     
060925 SGMR   8      20      30      42      77     121     207     517     
060926 SGMR   8      24      29      42      76     120     205     517     
060927 SGMR   8      27      29      42      75     121     202     515     
060928 SGMR   8      26      28      43      77     123     208     516     
060929 SGMR   8      28      28      46      80     141     220     504     
060930 SGMR  15      29      30      49      88     139     219     528     
061001 SGMR   8      27      29      48      80     125     193     409     
061002 SGMR   7      23      30      53      85     131     203     524     
061003 SGMR   8      28      31      50      80     131     215     514     
061004 SGMR   8      21      31      51      76     130     213     514     
061005 SGMR   8              31      48      81     137     214     520     
061006 SGMR   8      27      34      49      82     132     214     535     
061007 SGMR   8      26      30      50      79     131     214     515     
061008 SGMR  11      25      31      46      77     141     218     526     
061009 SGMR   8      24      32      46      78     129     216     525     
061010 SGMR   8      28      31      46      71     134     212     474     
061011 SGMR   9      27      29      47      69     131     211     468     
061012 SGMR   9      23      29      43      68     125     205     476     
061013 SGMR   8      22      30      43      71     129     215     475     
061014 SGMR  10      25      29      42      68     129     214     480     
061015 SGMR   8      23      28      41      70     127     201     472     
061016 SGMR   9      26      28      41      68     129     210     479     
061017 SGMR   9      23      27      41      68     127     209     476     
061018 SGMR   8      24      27      40      67     125     200     473     
061019 SGMR   8      20      27      41      65     121     203     483     
061020 SGMR  10      24      25      42      63     128     205     471     
061021 SGMR   9      24      27      43      70     124     198     483     
061022 SGMR   9      24      27      43      71     126     201     483     
061023 SGMR  13      25      29      44      70     128     205     455     
061024 SGMR   7      25      28      42      70     124     206     457     
061025 SGMR   7      23      29      42      72     128     211     468     
061026 SGMR   8      22      29      42      70     127     212     486     
061027 SGMR   8      23      31      42      69     125     210     475     
061028 SGMR  10      22      28      42      67     115     174             
061029 SGMR  13      25      29      42      68     130     218     484     
061030 SGMR   9      25      27      42      71     129     212     481     
061031 SGMR   8      24      30      42      71     129     212     486     
061101 SGMR  20      25      31      48      78     139     219     487     
061102 SGMR  13      27      28      49      80     144     227     453     
061103 SGMR  14      27      31      49      82     137     215     480     
061104 SGMR  17      26      31      50      79     138     218     407     
061105 SGMR  14      26      32      50      83     128     210     491     
061106 SGMR   9      24      31      49      74     136     211     489     
061107 SGMR   9      24      31      49      79     139     222     488     
061108 SGMR  10      24      28      49      81     138     208     449     
061109 SGMR  11      25      31      49      81     140     210     476     
061110 SGMR                  47      50      90     145     211     514     
061111 SGMR  22      26      32      54      88     151     214     506     
061112 SGMR  41      31      33      65     103     167     235     374     
061113 SGMR                                                                 
061114 SGMR                                                                 
061115 SGMR                                                                 
061116 SGMR                                                                 
061117 SGMR  17      25      32      51      85     146     228     483     
061118 SGMR  16      26      32      51      81     141     227     496     
061119 SGMR  12      24      32      48      77     136     226     488     
061120 SGMR  24      26      32      46      71     134     225     520     
061121 SGMR  29      25      29      44      70     131     218     498     
061122 SGMR  14      24      27      43      70     129     216     497     
061123 SGMR  10      23      28      43      71     121     201     442     
061124 SGMR   8      24      28      41      65     116     193     503     
061125 SGMR   9      25      29      42      70     124     197     476     
061126 SGMR   8      23      29      46      72     131     214     503     
061127 SGMR   9      24      29      47      73     134     216     500     
061128 SGMR  11      22      31      48      78     138     225     475     
061129 SGMR   8      25      32      48      76     138     217     471     
061130 SGMR   8      23      30      46      78     134     210     461     
061201 SGMR   9              29      48      76     135     213     476     
061202 SGMR  11      24      31      49      83     139     214     511     
061203 SGMR  10      24      31      50      84     137     222     504     
061204 SGMR   9      25      27      51      92     143     217     501     
061205 SGMR  11      21      32      53      90     155     248     520     
061206 SGMR   9      24      32      54      95     168     261     525     
061207 SGMR  10      18      31      60      90     157     240     521     
061208 SGMR   9      23      32      55      92     150     240     507     
061209 SGMR  10      24      32      52      89     147     240     515     
061210 SGMR   9      28      32      52      83     150     237     507     
061211 SGMR   9      25      31      51      82     144     233     505     
061212 SGMR  16      34      34      54      87     158     239     524     
061213 SGMR  49      27      32      52      88     158     246     502     
061214 SGMR  12      24      31      51      87     148     226     515     
061215 SGMR  10      24      30      50      81     147     226     508     
061216 SGMR  10      24      30      46      73     138     223     517     
061217 SGMR  12      25      30      46      79     143     232     518     
061218 SGMR  11      24      29      43      68     126     205     499     
061219 SGMR  10      21      29      41      67     128     220     517     
061220 SGMR  11      22      28      41      68     126     218     519     
061221 SGMR  11      23      29      43      68     127     213     495     
061222 SGMR  10      24      30      42      69     127     217     512     
061223 SGMR  11      23      27      42      69     118     194     440     
061224 SGMR  10      23      30      43      67     127     217     521     
061225 SGMR   9      22      27      44      70     128     215     527     
061226 SGMR  11      23      26      44      66     126     218     507     
061227 SGMR  10      23      30      44      70     128     219     523     
061228 SGMR  10      23      30      45      70     126     213     541     
061229 SGMR   9      24      30      44      71     129     223     526     
061230 SGMR  12      25      31      46      74     131     220     483     
061231 SGMR  12      23      32      48      79     137     222     541     

