700101 SGMR  11.0            62.7   102.6   144.5   240     285     539         
700102 SGMR  13.4            62.2   100.1   138.5   229     273     540         
700103 SGMR  31.6            63.2    98.5   130.6   217     269     529         
700104 SGMR  20.6            60.2    92.8   129.1   214     266     535         
700105 SGMR  14.3            58.4    88.4   119.9   211     262     549         
700106 SGMR  13.2            57.7    80.4   113.6   198     263     533         
700107 SGMR  12.6            56.7    81.7   104.5   194     262     534         
700108 SGMR  12.8            57.9    82.4   110.1   196     258     532         
700109 SGMR  13.9            58.9    85.1   118.5   206     263     539         
700110 SGMR  15.6            61.8    98.4   133.5   228     275     544         
700111 SGMR  14.7            64.5   105.7   155.9   259     295     551         
700112 SGMR  25.9            70.7   123.8   168.8   257     293     550         
700113 SGMR  24.1            67.5   120.8   168.6   255     288     551         
700114 SGMR  15.9            72.4   123.4   171.9   268     303     551         
700115 SGMR  14.5            76.5   135.0   179.7   277     311     546         
700116 SGMR  13.3            70.9   124.2   171.3   263     295     551         
700117 SGMR  13.9            75.9   132.7   175.7   258     290     552         
700118 SGMR  19.8            74.7   131.0   180.1   259     295     531         
700119 SGMR  24.8            77.8   128.9   172.7   262     299     554         
700120 SGMR  16.1            76.6   124.8   170.3   259     299     554         
700121 SGMR  26.3            76.7   122.1   177.5   274     310     558         
700122 SGMR  15.7            71.0   114.1   161.9   249     294     555         
700123 SGMR  13.1            70.8   110.9   147.4   238     289     546         
700124 SGMR  12.2            69.7   105.9   137.2   230     280     537         
700125 SGMR  12.4            70.0   110.7   146.1   240     276     549         
700126 SGMR  12.2            71.5   114.6   158.5   262     296     547         
700127 SGMR  14.6            70.2   111.5   157.4   258     292     545         
700128 SGMR  13.9            67.6   109.5   155.7   252     294     553         
700129 SGMR  13.1            65.3   112.4   156.9   269     299     534         
700130 SGMR  14.0            70.0   109.6   155.4   261     295     545         
700131 SGMR  14.3            68.7   108.8   155.9   266     282     540         
700132 SGMR  16.3            67.7   109.4   150.6   244     286     544         
700201 SGMR  13.0            63.5    95.1   125.8   223     286     532         
700202 SGMR  13.4            62.4    93.1   127.7   212     283     536         
700203 SGMR  12.4            60.1    89.2   116.4   203     277     564         
700204 SGMR  12.2            58.7    86.7   114.6   203     270     526         
700205 SGMR  11.8            61.3    90.2   118.6   207     273     531         
700206 SGMR  11.9            62.8    95.1   126.6   220     281     538         
700207 SGMR  12.4            66.7    99.5   132.2   220     279     540         
700208 SGMR  11.5            68.4   104.5   145.6   241     299     535         
700209 SGMR  12.2            69.0   112.1   146.9   258     304     551         
700210 SGMR  11.4            71.7   125.9   165.3   266     338     571         
700211 SGMR  11.8            73.8   128.2   179.8   299     341     599         
700212 SGMR  13.3            77.0   132.8   190.4   297     329     561         
700213 SGMR  15.5            79.5   137.6   195.6   302     326     544         
700214 SGMR  22.9            82.7   139.7   194.0   298     325     559         
700215 SGMR  18.2            79.9   138.6   191.6   292     319     574         
700216 SGMR  15.6            79.9   137.2   187.7   288     326     560         
700217 SGMR  15.3            78.3   134.6   195.1   305     336     567         
700218 SGMR  14.0            76.7   133.7   186.3   286     325     561         
700219 SGMR  28.2            83.9   133.8   192.0   292     326     564         
700220 SGMR  28.3            80.7   133.3   189.0   281     320     557         
700221 SGMR                  78.4   137.8   199.8   284     329     561         
700222 SGMR  13.5            79.1   144.1   179.7   272     319     557         
700223 SGMR  11.9            76.8   133.7   185.0   279     324     556         
700224 SGMR  11.4            75.8   134.5   182.7   277     326     559         
700225 SGMR  12.1            72.7   131.3   175.6   271     329     542         
700226 SGMR  11.8            69.8   132.9   178.0   278     321     556         
700227 SGMR  16.8            68.7   126.0   169.1   270     305     556         
700228 SGMR  13.8            63.8   131.3   167.1   266     306     556         
700232 SGMR  14.7            72.2   121.9   166.4   264     312     554         
700301 SGMR  18.0            69.0   117.0   168.0   273     322     564         
700302 SGMR  25.1            73.3   119.1   166.7   263     313     577         
700303 SGMR  20.5            70.4   115.6   157.6   256     300     554         
700304 SGMR  31.5            73.4   113.9   159.9   256     304     564         
700305 SGMR  14.5            71.5   123.2   161.8   263     273     547         
700306 SGMR  13.5            73.2   125.7   163.5   260     299     550         
700307 SGMR  16.3            74.4   120.1   163.9   251     291     539         
700308 SGMR  13.1            76.9   133.2   166.9   250     302     545         
700309 SGMR  11.4            75.2   121.9   156.4   244     296     534         
700310 SGMR  11.0            73.6   118.9   148.8   235     295     531         
700311 SGMR  11.5            73.3   119.5   150.9   250     292     533         
700312 SGMR  11.5            77.2   124.5   158.6   254     295     541         
700313 SGMR  13.4            71.0   118.6   147.4   238     299     530         
700314 SGMR  12.5            70.9   110.0   142.6   223     286     544         
700315 SGMR  13.3            70.1   106.3   138.2   217     283     539         
700316 SGMR  12.6            69.1   104.6   133.2   218     284     537         
700317 SGMR  13.7            68.0    97.4   126.3   212     280     529         
700318 SGMR  11.4            68.2    91.5   125.0   216     285     536         
700319 SGMR  11.6            68.2    94.6   122.3   213     279     528         
700320 SGMR  10.6            69.9    98.9   134.5   222     281     537         
700321 SGMR  11.2            71.5   106.5   142.7   238     282     536         
700322 SGMR  10.6            69.0   106.0   146.3   236     287     531         
700323 SGMR  11.4            69.7   118.0   156.5   245     283     542         
700324 SGMR  11.5            69.4   119.0   159.7   245     285     542         
700325 SGMR  11.6            68.9   114.7   158.7   242     292     544         
700326 SGMR  14.8            72.6   122.0   159.0   237     290     537         
700327 SGMR  12.6            68.2   105.3   146.8   223     288     530         
700328 SGMR  11.6            69.0   111.3   145.0   214     281     535         
700329 SGMR  13.2            71.0   111.8   148.4   224     290     538         
700330 SGMR  12.5            67.1   104.0   141.0   222     285     538         
700331 SGMR  14.6            68.7   110.6   139.1   221     277     544         
700332 SGMR  14.0            71.0   113.0   149.5   237     290     541         
700401 SGMR                  71.5   115.1   154.0   240     302     546         
700402 SGMR                  70.7   118.0   158.9   245     298     548         
700403 SGMR                  68.3   109.1   153.9   241     305     554         
700404 SGMR  12.0            71.3   115.4   158.3   249     308     557         
700405 SGMR                  80.1   125.5   174.8   274     324     566         
700406 SGMR                  78.0   125.7   185.9   286     337     570         
700407 SGMR                  99.4   147.0   207.9   321     366     585         
700408 SGMR                  84.9   135.3   193.3   285     340     562         
700409 SGMR                  82.9   136.1   200.3   301     344     567         
700410 SGMR                  84.7   146.1   210.7   330     366     582         
700411 SGMR                  81.2   130.0   188.7   305     334     556         
700412 SGMR                  79.0   119.9   186.1   290     333     550         
700413 SGMR                  76.4   121.0   175.9   273     322     551         
700414 SGMR                  74.4   112.0   164.3   248     312     546         
700415 SGMR                  75.8   106.2   151.2   234     303     549         
700416 SGMR                  73.0    98.1   140.4   219     295     540         
700417 SGMR                  67.6   101.1   137.2   229     294     541         
700418 SGMR                  67.1    92.9   130.7   224     295     528         
700419 SGMR                  66.5    92.4   125.7   214     282     540         
700420 SGMR                  65.8    94.0   123.0   206     277     525         
700421 SGMR                  65.1    93.7   119.6   195     273     527         
700422 SGMR                  64.5    90.2   119.6   199     276     529         
700423 SGMR                  66.0    87.8   121.0   206     277     527         
700424 SGMR                  63.6    89.7   118.4   207     277     529         
700425 SGMR                  64.6    90.2   123.7   210     284     533         
700426 SGMR                  62.0    87.7   123.3   203     282     534         
700427 SGMR                  61.8    86.9   126.9   199     282     528         
700428 SGMR                  65.1    93.0   138.0   214     287     536         
700429 SGMR                  68.5   100.5   143.5   228     295     543         
700430 SGMR                  71.1   103.0   139.9   228     290     535         
700432 SGMR                  72.4   108.8   153.2   243     305     546         
700501 SGMR  27.2            71.6   103.6   145.3   230     296     540         
700502 SGMR  12.8            74.9   109.3   152.9   238     302     544         
700503 SGMR  13.1            74.5   112.8   149.5   238     292     537         
700504 SGMR  12.0            73.0   111.3   150.0   238     303     542         
700505 SGMR  11.5            72.1   106.0   154.1   242     302     537         
700506 SGMR  11.2            73.4   106.1   150.8   242     303     531         
700507 SGMR  13.5            74.7   108.9   151.6   245     305     534         
700508 SGMR  14.6            70.1   103.8   146.5   231     298     535         
700509 SGMR  13.1            65.9   102.5   144.1   222     291     535         
700510 SGMR  14.2            67.8   100.9   147.3   216     296     545         
700511 SGMR  14.2            71.1   105.4   160.3   239     309     552         
700512 SGMR  13.8            72.7   106.5   167.7   255     311     550         
700513 SGMR  15.3            73.3   117.7   179.0   284     324     554         
700514 SGMR  13.1            72.1   117.7   183.7   298     329     555         
700515 SGMR  13.1            75.8   117.7   184.5   297     331     549         
700516 SGMR  13.0            71.7   118.5   189.8   310     329     554         
700517 SGMR  13.1            70.8   121.2   179.2   280     309     559         
700518 SGMR  12.8            71.6   123.3   178.2   264     293     550         
700519 SGMR  11.7            72.7   123.7   180.3   244     308     544         
700520 SGMR  12.6            63.5   114.1   169.4   247     301     541         
700521 SGMR  13.8            72.9   109.5   160.9   235     297     542         
700522 SGMR  14.3            68.0   107.4   156.7   229     295     547         
700523 SGMR  13.2            66.9   107.2   151.9   228     294     548         
700524 SGMR  11.9            66.4   104.6   151.7   233     299     544         
700525 SGMR  12.5            67.9   108.9   149.7   233     299     547         
700526 SGMR  13.4            70.8   112.1   152.5   236     297     544         
700527 SGMR  11.7            65.9   107.2   145.5   224     289     542         
700528 SGMR  15.2            71.1   107.4   143.9   220     289     540         
700529 SGMR  11.7            70.6   105.3   148.0   223     294     537         
700530 SGMR  10.9            69.2   109.1   152.3   230     298     537         
700531 SGMR  12.0            72.7   110.7   153.2   228     295     546         
700532 SGMR  13.4            70.8   110.3   159.0   244     303     544         
700601 SGMR  11.9            67.7    96.8   136.8   207     282     538         
700602 SGMR  10.8            68.1    98.0   131.9   202     282     537         
700603 SGMR  10.8            66.4    92.5   125.2   195     277     534         
700604 SGMR  10.4            66.5    95.2   121.6   196     275     535         
700605 SGMR  11.2            65.7    96.0   124.2   205     277     541         
700606 SGMR  11.1            63.3    91.7   113.7   200     263     532         
700607 SGMR                  65.7    96.5   127.7   213     283     542         
700608 SGMR  11.8            63.0    92.3   124.6   201     277     531         
700609 SGMR  12.5            63.5    93.3   128.0   201     276     532         
700610 SGMR  12.4            64.8    96.6   135.8   211     283     534         
700611 SGMR  12.4            69.0   110.5   158.4   236     306     552         
700612 SGMR  12.6            69.4   112.5   156.7   245     310     544         
700613 SGMR  11.5            74.4   126.2   185.6   299     340     578         
700614 SGMR  17.6            76.3   125.0   194.3   305     349     578         
700615 SGMR  26.6            77.7   128.9   193.7   292     340     570         
700616 SGMR  27.4            74.8   124.0   179.3   269     322     561         
700617 SGMR  25.5            71.1   122.2   177.7   261     317     558         
700618 SGMR  13.2            72.9   119.3   165.9   239     306     559         
700619 SGMR  18.6            74.5   111.7   163.2   237     302     545         
700620 SGMR  11.9            69.5   109.1   150.8   228     296     540         
700621 SGMR  12.1            68.6   101.9   147.3   227     295     548         
700622 SGMR  12.0            67.6   107.2   140.6   216     287     548         
700623 SGMR  11.8            67.5   102.1   134.0   212     279     540         
700624 SGMR  11.3            68.5   102.6   132.4   200     278     537         
700625 SGMR  11.3            65.8   106.1   138.4   205     282     539         
700626 SGMR  12.5            70.4   111.7   134.8   202     288     536         
700627 SGMR  12.5            70.1   111.1   144.4   231     295     547         
700628 SGMR  13.3            68.3   108.0   146.3   225     293     546         
700629 SGMR  26.4            73.0   112.9   158.9   241     301     551         
700630 SGMR  14.5            72.7   119.1   160.8   242     299     538         
700632 SGMR  14.4            69.2   107.4   147.8   228     295     546         
700701 SGMR  15.9            72.8   109.7   164.3   247     311     550         
700702 SGMR  19.7            73.8   118.2   174.1   265     317     547         
700703 SGMR  19.2            74.3   120.0   182.9   271     325     551         
700704 SGMR  17.0            77.3   127.3   181.1   268     323     555         
700705 SGMR  15.6            76.1   119.0   176.1   250     313     549         
700706 SGMR  12.1            72.5   117.9   171.5   255     314     556         
700707 SGMR  13.3            69.1   108.2   154.9   230     304     544         
700708 SGMR  13.0            70.7   106.1   151.9   222     295     542         
700709 SGMR  13.4            67.5    98.4   137.0   205     285     541         
700710 SGMR  11.3            64.9    97.5   131.8   198     277     535         
700711 SGMR  10.7            62.9    92.8   126.1   199     277     529         
700712 SGMR  11.6            63.4    85.0   120.8   193     274     529         
700713 SGMR  10.7                           120.0   189     273     532         
700714 SGMR  10.2                           117.3   186     269     535         
700715 SGMR  10.7                           111.5   176     265     527         
700716 SGMR  11.5                           111.1   176     268     535         
700717 SGMR  11.4            60.0    82.9   113.6   188     271     538         
700718 SGMR  12.0            59.7    81.7   119.2   200     278     540         
700719 SGMR  12.1            58.5    83.3   124.0   206     286     541         
700720 SGMR  13.9            60.8    90.4   127.0   209     296     536         
700721 SGMR                  61.6    91.5   148.9   244     308     550         
700722 SGMR                  65.9    95.3   147.6   236     301     539         
700723 SGMR                  64.9    94.0   155.5   236     301     537         
700724 SGMR                  64.7    95.9   152.2   227     293     546         
700725 SGMR  12.9            64.5    96.9   157.1   231     294     540         
700726 SGMR  15.8            67.7   107.2   164.9   242     299     547         
700727 SGMR  17.8            69.0   111.9   178.1   248     302     547         
700728 SGMR  18.2            68.9   117.5   167.9   246     302     551         
700729 SGMR  15.1            62.6   101.3   147.2   218     288     548         
700730 SGMR                  76.1   105.5   144.3   213     284     537         
700731 SGMR  20.4            66.7    99.5   132.5   202     277     538         
700732 SGMR  14.1            67.3   102.0   145.6   222     293     542         
700801 SGMR  13.6            66.4   100.7   125.4   196     272     536         
700802 SGMR  15.0            61.8    91.4   119.4   188     273     532         
700803 SGMR  10.9            60.2    88.6   120.0   189     268     522         
700804 SGMR  10.7            59.6    78.1   117.4   192     274     526         
700805 SGMR  12.6            58.8    81.5   117.1   193     272     523         
700806 SGMR  11.1            62.3    80.3   116.6   189     269     527         
700807 SGMR  12.5            60.4    80.3   117.1   187     268     526         
700808 SGMR  13.2            58.0    80.6   120.1   188     272     531         
700809 SGMR  21.7            56.7    87.2   127.7   199     274     528         
700810 SGMR  11.2            57.0    84.0   125.2   192     269     531         
700811 SGMR  11.4            57.6    86.8   114.5   190     259     526         
700812 SGMR  12.8            58.7    90.4   131.0   207     286     540         
700813 SGMR  12.1            59.9    85.7   141.8   231     305     550         
700814 SGMR  13.2            63.0   107.4   169.1   257     334     581         
700815 SGMR  20.2            56.9    95.8   155.4   243     294     565         
700816 SGMR  33.2            63.7    92.2   152.9   232     305     551         
700817 SGMR  36.5            65.5    95.8   143.2   220     288     542         
700818 SGMR  23.8            60.9    90.6   135.0   215     289     541         
700819 SGMR  21.1            54.8    93.7   134.0   213     288     545         
700820 SGMR  14.4            57.5   100.4   133.6   210     282     539         
700821 SGMR  13.0            57.4    93.8   129.2   201     276     532         
700822 SGMR  13.7            61.6    95.1   128.2   198     276     526         
700823 SGMR  14.6            66.5   101.7   134.8   206     275     515         
700824 SGMR  13.8            62.6    91.8   127.7   197     276     533         
700825 SGMR  11.9            62.5    89.0   124.8   192     274     528         
700826 SGMR  11.8            62.1    92.1   125.8   191     274     532         
700827 SGMR  12.3            64.1    88.1   125.4   197     280     524         
700828 SGMR  11.7            63.4    92.0   128.9   207     285     536         
700829 SGMR  11.9            65.1    94.8   134.2   213     288     546         
700830 SGMR  11.5            64.1    98.2   136.6   220     293     546         
700831 SGMR  11.3            63.2   106.8   141.7   220     297     543         
700832 SGMR  15.2            61.0    90.9   129.5   204     280     534         
700901 SGMR  11.4            60.1   109.4   140.7   227     294     545         
700902 SGMR  17.6            69.8   103.3   143.0   227     293     540         
700903 SGMR  18.6            67.1   109.0   148.5   232     295     538         
700904 SGMR                  64.0   116.5   156.4   249     307     547         
700905 SGMR                  63.7   118.8   160.3   255     307     548         
700906 SGMR  29.4            62.9   115.4   145.4   233     293     538         
700907 SGMR  28.8            52.7   108.8   150.1   244     291     535         
700908 SGMR  14.8            60.3   110.9   142.6   232     283     541         
700909 SGMR  11.7            65.6   112.2   144.4   225     287     539         
700910 SGMR  10.9            65.8   100.3   131.3   208     278     535         
700911 SGMR  12.3            64.6    98.5   124.4   196     273     533         
700912 SGMR  11.2            60.8    91.9   114.5   186     267     530         
700913 SGMR  11.2            56.2    83.1   110.5   181     263     530         
700914 SGMR  11.9            59.1    91.2   109.6   184     236     530         
700915 SGMR  10.5            59.9    88.9   107.5   179     242     529         
700916 SGMR  11.9            56.8    88.3   107.5   182     255     524         
700917 SGMR  11.9            56.1    82.9   105.9   178     261     531         
700918 SGMR  12.9            60.3    86.9   109.4   182     262     525         
700919 SGMR  13.2            59.9    94.1   123.0   200     274     535         
700920 SGMR  14.9            63.7   104.3   132.4   208     277     537         
700921 SGMR  15.1            63.0   105.0   135.9   205     274     543         
700922 SGMR  14.5            64.4   105.9   141.6   207     279     540         
700923 SGMR  33.3            68.2   111.2   149.1   214     281     540         
700924 SGMR  18.0            71.8   112.0   145.0   218     286     543         
700925 SGMR  22.1            69.4   111.8   141.4   210     280     542         
700926 SGMR  16.0            67.0   109.8   142.2   214     284     541         
700927 SGMR  12.9            67.3   108.3   135.2   204     278     541         
700928 SGMR  12.5            64.7   107.2   134.2   207     284     540         
700929 SGMR  11.6            61.3   102.6   126.2   197     273     532         
700930 SGMR  10.8            61.4    99.6   122.0   193     268     534         
700932 SGMR  15.4            62.9   102.9   132.7   209     278     539         
701001 SGMR  11.2            65.1    93.7   116.9   189     266     531         
701002 SGMR  15.0            61.0    92.7   111.4   183     262     528         
701003 SGMR  11.8            60.9    94.3   111.1   187     267     529         
701004 SGMR  28.0            66.4    97.2   125.2   207     280     536         
701005 SGMR  12.3            60.8    94.8   120.5   195     264     534         
701006 SGMR  15.0            60.6    94.1   118.0   189     268     529         
701007 SGMR  13.5            60.1    92.8   121.1   191     270     529         
701008 SGMR  13.6            61.2    99.6   128.4   213     277     540         
701009 SGMR  16.6            62.7    99.2   136.1   218     276     540         
701010 SGMR  19.2            63.8   102.5   134.1   215     276     540         
701011 SGMR  16.3            62.2   100.7   129.0   204     272     538         
701012 SGMR  11.9            60.5    95.0   121.6   192     269     533         
701013 SGMR  14.5            61.5    99.4   119.2   191     264     533         
701014 SGMR  11.8            60.9   101.6   121.1   192     269     533         
701015 SGMR  13.3            64.6   102.9   127.4   192     264     533         
701016 SGMR  13.0            63.9   105.1   123.8   194     267     538         
701017 SGMR  11.7            63.2    98.8   119.7   195     269     531         
701018 SGMR  12.5            65.9   104.4   126.4   196     273     532         
701019 SGMR  12.2            64.7    99.4   126.8   200     273     539         
701020 SGMR  10.9            63.2   100.6           199     273     534         
701021 SGMR  13.4            62.2    98.4   126.6   200     277     538         
701022 SGMR  16.7            63.5   100.1   130.3   208     282     544         
701023 SGMR  23.3            65.1   102.0   135.5   218     282     544         
701024 SGMR  14.1            64.8   104.5   147.8   234     296     540         
701025 SGMR  13.4            64.4   110.8   163.2   261     309     545         
701026 SGMR  13.5            66.9   119.7   177.4   270     315     555         
701027 SGMR  16.3            67.6   126.8   176.1   270     306     550         
701028 SGMR  50.8            68.7   116.8   174.2   261     299     558         
701029 SGMR  23.7            67.0   122.7   175.1   253     297     547         
701030 SGMR  24.8            66.2   118.6   163.5   236     290     539         
701031 SGMR  11.4            66.0   116.6   157.5   233     283     542         
701032 SGMR  16.3            63.7   103.4   135.5   212     279     538         
701101 SGMR  11.5            70.2   118.3   152.5   226     289     539         
701102 SGMR  11.8            66.8   114.1   149.4   222     284     540         
701103 SGMR  11.4            66.5   112.6   146.6   216     270     542         
701104 SGMR  12.1            66.6   108.7   138.8   207     265     531         
701105 SGMR  12.2            67.1   110.2   137.8   209     250     558         
701106 SGMR  11.2            64.3   106.5   144.6   206     255     543         
701107 SGMR  11.0            64.4   106.9   143.1   208     256     543         
701108 SGMR  11.1            64.5   103.1   134.2   197     251     539         
701109 SGMR  11.1            64.8    99.8   135.7   201     255     542         
701110 SGMR  11.6            65.1   104.9   142.1   210     262     546         
701111 SGMR  16.2            66.1   110.3   150.1   221     268     543         
701112 SGMR  19.3            67.4   110.9   158.6   238     272     552         
701113 SGMR  28.7            66.5   119.8   166.4   245     286     559         
701114 SGMR  27.1            73.2   126.1   183.9   298     319     580         
701115 SGMR  28.1            73.5   129.5   186.2   295     315     565         
701116 SGMR  33.6            71.1   128.2   196.3   351     365     565         
701117 SGMR  02.3            80.9   116.0                           566         
701118 SGMR  39.6            77.2   133.8                           580         
701119 SGMR  32.5            75.6   121.5   188.1   273     303     574         
701120 SGMR  19.8            69.3   116.3   169.6   251     277     563         
701121 SGMR  14.6            69.2   118.2   174.8   248     284     555         
701122 SGMR  14.9            63.7   104.2   151.0   220     246     546         
701123 SGMR  11.1            62.8   100.3   138.8   212     249     541         
701124 SGMR   9.8            64.0    95.0   130.5   198     241     536         
701125 SGMR   9.8            61.9    93.6   125.8   192     236     530         
701126 SGMR  12.6            63.0    94.2   126.8   196     238     532         
701127 SGMR  11.3            62.9   100.0   136.9   205     247     546         
701128 SGMR  10.9            64.7   104.0   145.2   211     245     533         
701129 SGMR  16.9            67.6   108.7   147.7   213     248     544         
701130 SGMR  13.1            68.6   112.9   152.4   207     248     542         
701132 SGMR  19.6            67.7   111.0   150.3   223     265     549         
701201 SGMR  10.3            71.5   111.9   145.4   209     239     537         
701202 SGMR  12.1            67.1   112.1   149.1   213     242     548         
701203 SGMR  10.9            68.5   111.0   145.5   204     242     535         
701204 SGMR  13.3            69.4   119.4   158.8   219     248     545         
701205 SGMR  11.5            72.0   120.9   160.5   224     255     547         
701206 SGMR  10.7            70.9   125.0   163.5   227     258     553         
701207 SGMR   9.3            72.3   121.9   158.1   227     257     550         
701208 SGMR  11.5            71.4   126.5   158.0   242     260     553         
701209 SGMR  11.4            71.0   125.5   162.3   242     275     547         
701210 SGMR   9.8            71.4   130.2   153.1   241     253     548         
701211 SGMR  11.4            77.9   136.3   164.9   238     256     556         
701212 SGMR  16.6            76.2   138.7   172.6   240     263     555         
701213 SGMR  12.8            72.1   127.2   152.5   217     255     541         
701214 SGMR  10.0            69.4   120.1   145.2   216     256     542         
701215 SGMR  10.8            69.0   117.6   140.1   213     249     542         
701216 SGMR  10.7            68.4   117.4   136.4   211     252     546         
701217 SGMR  13.3            65.7   112.5                           560         
701218 SGMR  18.9            71.3   113.1   146.4   222     255     558         
701219 SGMR  30.7            68.8   113.9   147.5   222     253     548         
701220 SGMR  32.7            63.7   108.2   147.5   221     255     544         
701221 SGMR  22.4            66.8   107.3   139.5   222     258     536         
701222 SGMR  14.1            66.3   104.5   130.4   203     252     546         
701223 SGMR  16.2            62.8    99.6   124.2   195     216     505         
701224 SGMR  11.3            61.4    94.7   115.0   188     239     527         
701225 SGMR  11.0            59.6    90.6   115.8   187     238                 
701226 SGMR  10.4            60.2    91.6   113.8   188     241     532         
701227 SGMR  10.0            61.1    89.3   110.2   186     237     529         
701228 SGMR  10.1            59.7    85.0   109.7   181     234     531         
701229 SGMR   9.9            60.0    88.8   115.8   190     237     539         
701230 SGMR  10.5            62.1    96.4   123.4   198     245     539         
701231 SGMR  10.1            60.4    93.9   122.0   202     238     535         
701232 SGMR  13.4            67.4   111.3   140.9   213     250     544         

