070101 SGMR  13      25      27      47      77     122     178     376     
070102 SGMR  10      24      31      51      85     145     230     543     
070103 SGMR  11      23      29      50      84     146     228     547     
070104 SGMR   8      21      29      51      85     146     228     551     
070105 SGMR   6      22      30      51      80     141     207     523     
070106 SGMR   8      25      30      50      81     140     217     463     
070107 SGMR  14      22      29      50      80     143     224     473     
070108 SGMR  29      36      29      49      79     131     197     405     
070109 SGMR  12      22      29      52      83     144     217     467     
070110 SGMR   9      23      29      50      84     138     218     467     
070111 SGMR   6      21      28      48      82     131     221     447     
070112 SGMR  16      23      30      47      79     136     217     451     
070113 SGMR  10      21      27      45      76     124     189     407     
070114 SGMR   6      23      28      45      77     136     228     418     
070115 SGMR   7      22      27      44      71     115     184     348     
070116 SGMR   7      21      29      44      74     126     211     423     
070117 SGMR   9      22      29      44      71     127     228     450     
070118 SGMR  14      21      28      45      74     121     212     447     
070119 SGMR   6      21      29      43      71     128     220     455     
070120 SGMR   9      22      31      44      71     131     224     449     
070121 SGMR  10      23      28      44      71     125     207     442     
070122 SGMR  11      25      27      44      73     132     222     418     
070123 SGMR  14      23      29      43      74     124     207     444     
070124 SGMR   9      22      31      44      72     136     225     450     
070125 SGMR  12      23      29      45      77     132     225     449     
070126 SGMR  13      23      28      44      75     133     241     424     
070127 SGMR   8      22      28      45      78     132     214     445     
070128 SGMR  12      23      30      44      72     137     230     450     
070129 SGMR  15      26      32      48      82     147     238     456     
070130 SGMR  16      23      31      50      80     143     232     437     
070131 SGMR   8      22      26      49      83     142     230     443     
070201 SGMR  11      24      32      50      81     147     235     469     
070202 SGMR  10      23      32      49      85     143     229     437     
070203 SGMR   8      24      28      49      85     141     234     452     
070204 SGMR   9      24      34      46      78     135     228     454     
070205 SGMR   9      23      31      46      75     139     245     447     
070206 SGMR  12      24      32      46      77     133     218     432     
070207 SGMR                                                                 
070208 SGMR  10      24      31      44      74     129     223     454     
070209 SGMR   9      23      30      42      69     130     224     446     
070210 SGMR  10      24      32      42      71     127     222     448     
070211 SGMR  12      23      30      41      67     129     224     445     
070212 SGMR  12      26      28      41      70     126     213     446     
070213 SGMR   8      23      28      41      70     127     226     451     
070214 SGMR   8      23      30      40      66     122     210             
070215 SGMR   8      22      29      40      68     127     225     444     
070216 SGMR  10      23      30      41      70     127     223     439     
070217 SGMR  12      22      29      42      70     130     222     444     
070218 SGMR  10      22      27      43      72     131     221     436     
070219 SGMR   9      23      31      43      72     132     230     443     
070220 SGMR  11      23      30      43      72     130     226     438     
070221 SGMR  18      23      30      42      73     128     213     448     
070222 SGMR  10      23      32      43      72     130     215     443     
070223 SGMR   8      24      32      43      72     129     221     441     
070224 SGMR  10      23      28      42      70     125     199     452     
070225 SGMR  12      23      32      44      73     132     221     447     
070226 SGMR   8      22      28      42      70     113     177     355     
070227 SGMR  12      22      30      43      69     128     220     453     
070228 SGMR   8      23      31              68     129     217             
070301 SGMR   9      24      31      41      80     123     221     443     
070302 SGMR  10      23      29      39      65      98     143     284     
070303 SGMR  10      23      28      43      65     126     212     452     
070304 SGMR  11      24      30      42      67     128     215     441     
070305 SGMR  12      23      30      42      68     126     212     442     
070306 SGMR   8      24      30      39      70     127     235     435     
070307 SGMR   9      23      30      41      71     130     233     444     
070308 SGMR  11      23      32      41      70     130     231     445     
070309 SGMR                                                                 
070310 SGMR   9      23      31      40      66     127     222     440     
070311 SGMR  10      23      29      40      59     126     214     440     
070312 SGMR   8      23      29      40      76     125     210     445     
070313 SGMR   9      22      30      42      59     125     199     445     
070314 SGMR   8      23      28      40      65     126     214     418     
070315 SGMR   8      23      29      39      65     122     210     410     
070316 SGMR   9      26      28      38      68     125     222     437     
070317 SGMR                          38      65     121     214     408     
070318 SGMR   9      24      31      40      57     126     220     443     
070319 SGMR   8      23      28      44      66     126     219     446     
070320 SGMR                                                                 
070321 SGMR   9      25      30      42      69     128     219     445     
070322 SGMR   8      25      31      41      69     127     209     436     
070323 SGMR  11      25      31      42      67     130     213     450     
070324 SGMR   8      25      31      44      73     130     219     452     
070325 SGMR  11      25      31      44      73     132     223     449     
070326 SGMR   8      25      31      43      70     131     221     438     
070327 SGMR   8      25      30      43      70     129     216     435     
070328 SGMR   8      26      31      45      69     129     216     452     
070329 SGMR  11      32      33      43      69     131     221     450     
070330 SGMR  10      35      32      46      74     130     218     445     
070331 SGMR   9      24      31      42      70     130     219     447     
070401 SGMR   8      25      30      41      68     126     213     450     
070402 SGMR   8      24      30      42      70     124     212     414     
070403 SGMR   8      25      31      40      70     125     216     416     
070404 SGMR   9      24      30      41      70     124     210     440     
070405 SGMR   8      25      30      41      67     126     219     437     
070406 SGMR   9      25      30      41      66     127     221     444     
070407 SGMR   8      24      30      42      68     127     218     450     
070408 SGMR  11      25      31      42      72     130     223     439     
070409 SGMR   8      24      28      42      67     120     212     433     
070410 SGMR  10      24      32      41      68     121     214     447     
070411 SGMR   9      25      28      40      70     128     218     450     
070412 SGMR   8      22      29      38      65     118     208     415     
070413 SGMR   8      24      29      39      67     132     217     440     
070414 SGMR   8      23      29      38      66     127     219     445     
070415 SGMR   7      24      28      40      68     120     203     328     
070416 SGMR   5      24      28      40      65     128     223     434     
070417 SGMR   6      22      29      40      68     113     184     399     
070418 SGMR   9      23      28      39      66     124     210     406     
070419 SGMR                                                                 
070420 SGMR   8      24      29      40      67     127     217     429     
070421 SGMR   9      24      29      40      66     129     213     462     
070422 SGMR   8      24      30      40      65     122     200     450     
070423 SGMR   8      24      30      41      64     123     207     467     
070424 SGMR   7      22      26      42      70     125     207     462     
070425 SGMR   8      25      29      43      71     140     217     458     
070426 SGMR   8      25      30      45      78     145     219     462     
070427 SGMR   7      24      30      46      85     134     213     372     
070428 SGMR   7      25      30      47      80     147     226     451     
070429 SGMR   8      25      33      47      84     149     233     440     
070430 SGMR   8      25      34      49      85     157     234     452     
070501 SGMR   7      25      31      48      82     154     216     460     
070502 SGMR   8      28      32      48      81     150     226     459     
070503 SGMR                                                                 
070504 SGMR   7      23      29      46      80     134     213     460     
070505 SGMR   7      22      29      45      74     132     210     455     
070506 SGMR   8      22      30      46      79     134     217     453     
070507 SGMR  10      23      30      44      78     131     217     459     
070508 SGMR   8      26      29      44      71     129     217     471     
070509 SGMR                                                                 
070510 SGMR  10      23      27      42      68     126     214     462     
070511 SGMR  15      23      26      44      70     120     203     402     
070512 SGMR  11      23      27      41      71     137     214     452     
070513 SGMR   5      23      27      44      70     129     220     461     
070514 SGMR   8      22      26      43      69     127     214     462     
070515 SGMR  10      23      27      43      73     129     203     448     
070516 SGMR  19      27      27      43      78     136     220     453     
070517 SGMR          23      27      43      77     147     218     458     
070518 SGMR   8      21      27      44      75     128     194     362     
070519 SGMR   7      21      27      43      70     126     200     408     
070520 SGMR   7      22      27      44      73     134     221     441     
070521 SGMR   8      23      27      45      73     126     209     459     
070522 SGMR   7      22      27      44      71     125     204     465     
070523 SGMR   7      22      26      42      70     118     200     457     
070524 SGMR   8      23      27      42      64     141     216     456     
070525 SGMR   7      22      25      41      68     121     197     465     
070526 SGMR   7      23      25      40      69     125     212     458     
070527 SGMR   7      22      25      40      69     121     209     450     
070528 SGMR   7      22      26      41      67     124     213     455     
070529 SGMR   7      22      27      42      69     124     214     458     
070530 SGMR   7      20      21      42      73     127     204     445     
070531 SGMR                                                                 
070601 SGMR  13      23      26      46      76     142     226     468     
070602 SGMR  15      23      27      49      84     145     216     466     
070603 SGMR  13      24      29      50      87     163     232     289     
070604 SGMR   8      25      27      49      83     131     178     343     
070605 SGMR  15      24      27      52      84     147     226     464     
070606 SGMR  16      23      30      52      87     143     220     460     
070607 SGMR  12      23      31      52      85     139     222     463     
070608 SGMR  14      23      31      53      83     138     223     460     
070609 SGMR  15      23      31      51      83     148     216     435     
070610 SGMR  12      23      30      49      77     134     225     456     
070611 SGMR  11      22      28      48      74     133     217     460     
070612 SGMR  13      23      29      46      76     131     220     447     
070613 SGMR  15      24      29      47      76     134     215     445     
070614 SGMR  12      24      29      43      71     142     219     463     
070615 SGMR  16      25      29      41      68     126     217     459     
070616 SGMR  13      22      27      41      66     125     216     448     
070617 SGMR  15      23      28      42      67     121     200     461     
070618 SGMR  12      22      27      40      66     124     217     464     
070619 SGMR  13      22      28      39      66     123     215     457     
070620 SGMR  16      25      27      40      64     120     209     420     
070621 SGMR  15      22      26      39      64     121     213     462     
070622 SGMR  15      23      27      39      66     123     212     458     
070623 SGMR  10      22      27      39      67     119     208     457     
070624 SGMR  13      22      27      40      66     125     216     455     
070625 SGMR  15      21      27      40      67     127     214     465     
070626 SGMR  16      22      26      41      72     127     214     467     
070627 SGMR  16      22      29      44      71     132     217     469     
070628 SGMR  14      23      29      45      74     132     219     462     
070629 SGMR  14      23      29      45      72     131     218     465     
070630 SGMR  13      23      29      46      70     133     223     458     
070701 SGMR  15      23      30      45      74     131     219     456     
070702 SGMR  15      23      30      44      71     126     209     462     
070703 SGMR  15      24      30      43      67     120     138     458     
070704 SGMR  17      24      31      44      72     129     217     456     
070705 SGMR  16      22      30      44      69     126     217     460     
070706 SGMR  15      23      29      46      77     126     213     462     
070707 SGMR  14      24      29      44      72     133     220     451     
070708 SGMR  19      23      28      44      75     137     222     466     
070709 SGMR  18      18      17      44      73     138     226     455     
070710 SGMR  91      22      21      45      74     136     223     459     
070711 SGMR  19      22      27      46      77     136     216     455     
070712 SGMR  21      23      29      46      74     132     217     466     
070713 SGMR  14      23      29      45      72     133     219     468     
070714 SGMR  12      22      30      47      73     130     217     462     
070715 SGMR  20      22      28      49      72     130     213     462     
070716 SGMR  14      22      28      43      71     129     219     470     
070717 SGMR  12      22      27      42      69     129     216     464     
070718 SGMR  11      22      28      41      69     126     216     443     
070719 SGMR  11      24      27      40      70     126     216     452     
070720 SGMR  12      22      26      39      70     131     208     457     
070721 SGMR                                                                 
070722 SGMR                                                                 
070723 SGMR  12      22      28      39      67     125     215     463     
070724 SGMR                                                                 
070725 SGMR  13      22      27      41      67     126     231     469     
070726 SGMR                                                                 
070727 SGMR  11              27      41      65     123     223     463     
070728 SGMR  31      25      28      42      70     125     234     459     
070729 SGMR  11      22      28      41      68     126     239     458     
070730 SGMR  13      22      28      41      65     126     242     451     
070731 SGMR  13      22      27      41      66     123     243     459     
070801 SGMR  13      22      28      41      65     124     238     461     
070802 SGMR  13      21      28      41      67     123     247     463     
070803 SGMR  12      22      28      42      70     128     252     467     
070804 SGMR  12      21      27      42      66     125     218     470     
070805 SGMR  12      22      27      41      66     124     242     464     
070806 SGMR  14      21      28      42      67     128     218     437     
070807 SGMR  13      22      28      42      70     127     252     451     
070808 SGMR  12      22      28      41      69     123     213     441     
070809 SGMR  11      21      27      40      65     118     238     463     
070810 SGMR  10      21      26      40      68     127     223     433     
070811 SGMR  12      22      27      40      64     123     252     460     
070812 SGMR  12      22      27      39      68     126     257     461     
070813 SGMR  14      21      28      40      66     123     252     474     
070814 SGMR  13      22      28      42      67     123     221     463     
070815 SGMR  16      21      25      41      67     125     224     456     
070816 SGMR  12      22      27      39      66     127     225     460     
070817 SGMR  12      22      28      40      66     126     259     460     
070818 SGMR  12      22      28      40      68     138     233     455     
070819 SGMR  14      21      27      40      67     135     262     457     
070820 SGMR  18      22      27      40      69     133     266     453     
070821 SGMR  17      22      28      41      69     134     297     452     
070822 SGMR  20      22      27      41      71     134     261     454     
070823 SGMR  12      22      28      42      67     141     290     452     
070824 SGMR  14      22      28      42      65     127     282     451     
070825 SGMR  12      21      28      42      70     129     370     447     
070826 SGMR  13      21      27      44      70     129     261     454     
070827 SGMR  13      21      27      40      69     119     512     460     
070828 SGMR  14      21      27      43      67     128             460     
070829 SGMR  15      21      27      40      66     126             458     
070830 SGMR  13      20      28      39      68     126             462     
070831 SGMR  15      22      28      41      69     126             454     
070901 SGMR                                                                 
070902 SGMR  13      21      26      42      68     126     593     462     
070903 SGMR  14      21      27      41      64     126             464     
070904 SGMR  17      22      28      40      63     126             451     
070905 SGMR  17      22      26      38      65     125             455     
070906 SGMR  15      22      27      42      68     122             445     
070907 SGMR  15      22      26      40      63     123     631     460     
070908 SGMR  14      21      27      38      65     124             458     
070909 SGMR  16      21      27      39      66     125             441     
070910 SGMR  14      22      26      39      66     122             433     
070911 SGMR  13      21      26      38      64      97             243     
070912 SGMR  17      21      26      38      60     124             456     
070913 SGMR  15      21      26      39      65     125     239     451     
070914 SGMR  15      21      26      39      62     121     254     451     
070915 SGMR  19      22      27      39      69     126     248     444     
070916 SGMR  14      22      28      38      66     125     264     459     
070917 SGMR  14      22      28      42      64     122     253     456     
070918 SGMR  14      21      26      38      63     123     240     450     
070919 SGMR  14      21      26      39      62     125     248     455     
070920 SGMR  15      21      27      39      63     123     243     462     
070921 SGMR  17      21      28      40      68     123     253     447     
070922 SGMR  15      21      26      39      63     125     259     444     
070923 SGMR  14      20      25      38      64     123     257     458     
070924 SGMR  13      21      27      38      68     122     256     454     
070925 SGMR  13      21      26      38      62     124     263     461     
070926 SGMR  14      20      26      38      62     122     250     453     
070927 SGMR  13      20      28      38      64     122     220     445     
070928 SGMR  13      24      28      39      63     124     249     445     
070929 SGMR  14      22      27      39      64     124     254     455     
070930 SGMR  18      23      27      40      67     122     244     448     
071001 SGMR  17      22      27      40      63     121     235     450     
071002 SGMR  16      21      26      58      62     124     230     452     
071003 SGMR  12      21      34      54      62     125     234     449     
071004 SGMR  13      20      32      53      66     121     229     454     
071005 SGMR  16      20      32      54      65     122     232     449     
071006 SGMR  17      22      33      55      61     123     247     449     
071007 SGMR  15      21      33      55      67     126     254     441     
071008 SGMR  14      21      34      58      72     135     251     406     
071009 SGMR  15      22      35      55      63     137     263     445     
071010 SGMR  15      22      34      67      67     130     261     438     
071011 SGMR  18      21      32      56      65     138     232     432     
071012 SGMR  18      22      35      56      67     125     213     431     
071013 SGMR  18      22      35      59      65     127     299     448     
071014 SGMR  19      22      34      54      63     130     294     444     
071015 SGMR  19      22      32      53      65     132     221     450     
071016 SGMR  14      21      32      54      62     134     239     448     
071017 SGMR  13      22      33      54      62     134     248     447     
071018 SGMR  13      21      33      61      66     136     223     441     
071019 SGMR  16      21      32      65      64     135     227     431     
071020 SGMR  16      21      33      55      65     135     210     421     
071021 SGMR  15      21      33      60      64     123     221     452     
071022 SGMR  15      21      32      65      64     123     250     452     
071023 SGMR  14      20      32      66      64     126     258     456     
071024 SGMR  13      21      33      53      63     133     223     423     
071025 SGMR  13      21      34      56      62     129     216     440     
071026 SGMR  15      22      34      56      65     133     231     445     
071027 SGMR  14      22      30      59      63     133     205     417     
071028 SGMR  14      22      34      60      68     130     231     450     
071029 SGMR  13      22      34      65      62     129     243     449     
071030 SGMR  12      21      33      62      63     130     244     447     
071031 SGMR                                                                 
071101 SGMR  12      21      34      54      64     128     252     436     
071102 SGMR  13      21      34      53      64     126     244     448     
071103 SGMR  17      21      32      60      61     107     185     326     
071104 SGMR  16      21      35      63      62     126     222     448     
071105 SGMR  14      21      34      53      65     126     221     444     
071106 SGMR  12      21      33      63      63     112     199     327     
071107 SGMR  13      22      34      56      62     126     262     446     
071108 SGMR  13      22      33      64      65     125     262     446     
071109 SGMR  13      21      34      58      64     122     253     443     
071110 SGMR  13      22      35      64      65     128     258     442     
071111 SGMR  14      21      32      65      65     123     257     446     
071112 SGMR  15      21      34      65      66     124     262     435     
071113 SGMR  15      21      33      65      62     126     242     429     
071114 SGMR  14      21      33      54      64     126     204     445     
071115 SGMR  13      20      32      57      62     127     186     402     
071116 SGMR  13      21      32      62      64     137     219     433     
071117 SGMR  11      21      32      59      61     120     215     443     
071118 SGMR  11      21      32      51      64     120     214     441     
071119 SGMR  11      21      33      68      66     129     190     435     
071120 SGMR  11      21      31      67      62     115     191     346     
071121 SGMR  10      21      32      56      60     124     212     394     
071122 SGMR  10      21      32      43      62     128     205     427     
071123 SGMR  10      21      32      56      64     128     208     440     
071124 SGMR  11      21      32      56      68     126     208     436     
071125 SGMR  11      22      34      59      63     127     225     439     
071126 SGMR  11      22      31      55      67     118     155     372     
071127 SGMR  13      22      34      56      65     129     191     441     
071128 SGMR  11      21      32      58      63     127     192     443     
071129 SGMR  11      22      33      52      63     126     195     407     
071130 SGMR  11      21      33      58      68     128     196     445     
071201 SGMR  11      21      33      56      66     124     185     445     
071202 SGMR  15      22      33      61      70     127     195     427     
071203 SGMR                                                                 
071204 SGMR  10      24      34      55      65     131     203     437     
071205 SGMR  11      22      34      54      69     128     194     441     
071206 SGMR  11      23      35      62      69     133     207     444     
071207 SGMR  15      22      36      51      77     139     231     430     
071208 SGMR  15      23      36      67      78     137     194     436     
071209 SGMR  12      23      36      70      83     147     206     435     
071210 SGMR  11      23      37      65      78     136     206     407     
071211 SGMR  12      24      37      64      85     141     208     428     
071212 SGMR  13      22      35      56      86     145     216     443     
071213 SGMR  11      23      36      68      86     154     225     446     
071214 SGMR  11      23      36      62      85     135     203     447     
071215 SGMR  11      23      35      59      80     137     217     444     
071216 SGMR  14      22      34      54      73     135     208     359     
071217 SGMR  13      22      34      59      71     136     232     432     
071218 SGMR  16      23      34      56      74     130     226     446     
071219 SGMR  16      22      33      56      71     122     220     434     
071220 SGMR  13      22      34      56      62     127     209     415     
071221 SGMR  10      22      32      49      61     118     196     420     
071222 SGMR  10      22      31      47      66     115     174     430     
071223 SGMR                                                                 
071224 SGMR  15      22      33      50      88     128     188     438     
071225 SGMR  13      23      34      49      88     127     212     439     
071226 SGMR  13      22      34      49      61     128     ***     420     
071227 SGMR  11      23      33     332      37      89     ***     304     
071228 SGMR  12      22      34      50      58     126     174     409     
071229 SGMR  11      23      35      50      63     127     175     410     
071230 SGMR  12      23      35      53      61     129     182     441     
071231 SGMR  13      23      35      53      66     122     166     402     

