020101 SGMR  20      45      72     156     212     253     369     583     
020102 SGMR  40      48      73     157     207     266     371     572     
020103 SGMR  45      46      70     155     204     254     367     562     
020104 SGMR  22      47      74     156     198     261     371     589     
020105 SGMR  21      45      72     143     191     245     355     570     
020106 SGMR  20      44      68     140     180     239     354     570     
020107 SGMR  26      45      68     137     169     223     337     516     
020108 SGMR  21      47      69     136     175     237     363     576     
020109 SGMR  23      48      73     149     217     318     457     619     
020110 SGMR  22      50      75     145     205     267     360     574     
020111 SGMR  21      49      59     140     203     250     342     547     
020112 SGMR  21      47      74     150     208     276     389     588     
020113 SGMR  27      39      67     142     239     229     250     282     
020114 SGMR  21      46      69     151     209     277     375     584     
020115 SGMR  22      47      67     144     193     263     372     530     
020116 SGMR  25      48      75     148     197     260     373     588     
020117 SGMR  21      47      74     147     216     253     357     565     
020118 SGMR  18      44      72     148     191     246     366     580     
020119 SGMR  24      47      74     154     193     247     367     578     
020120 SGMR  24      45      74     157     204     255     369     587     
020121 SGMR  20      45      69     156     202     238     333     506     
020122 SGMR  36      45      71     166     207     254     363     584     
020123 SGMR  19      45      75     163     211     254     365     582     
020124 SGMR  21      47      78     170     210     265     370     586     
020125 SGMR  21      47      76     165     218     271     375     602     
020126 SGMR  20      47      74     157     226     283     381     595     
020127 SGMR  22      48      76     162     227     288     366     591     
020128 SGMR  24      49      79     189     248     325     397     603     
020129 SGMR  22      45      74     172     228     286     352     590     
020130 SGMR  19      45      73     177     230     288     383     494     
020131 SGMR  20      46      79     164     224     289     383     558     
020201 SGMR  19      51      80     163     223     270     319     440     
020202 SGMR  20      47      79     162     222     280     374     584     
020203 SGMR  24      46      76     161     219     278     370     576     
020204 SGMR  22      42      62     159     209     270     359     578     
020205 SGMR  22      46      73     152     207     259     378     577     
020206 SGMR  21      42      70     142     192     250     362     582     
020207 SGMR  20      45      69     135     174     233     352     559     
020208 SGMR  22      47      71     136     176     229     344     581     
020209 SGMR  19      43      67     138     182     243     355     585     
020210 SGMR  24      49      71     140     189     244     359     580     
020211 SGMR  78      64      73     142     192     245     370     540     
020212 SGMR  28      47      72     146     195     259     378     580     
020213 SGMR  20      47      71     141     190     248     374     584     
020214 SGMR  20      42      65     140     186     250     372     580     
020215 SGMR  18      43      67     138     180     238     349     574     
020216 SGMR  21      42      66     141     184     225     338     568     
020217 SGMR  19      43      55     138     181     238     339     534     
020218 SGMR  19      40      64     139     175     236     356     580     
020219 SGMR  79      46      71     135     173     234     343     582     
020220 SGMR  25      48      71     140     181     251     364     587     
020221 SGMR  22      45      68     139     176     243     322     562     
020222 SGMR  21      46      70     137     173     237     339     635     
020223 SGMR  30      45      70     138     173     233     342     642     
020224 SGMR  22      47      70     141     179     238     359     646     
020225 SGMR  31      48      71     143     188     246     357     654     
020226 SGMR  23      50      71     147     195     248     343     652     
020227 SGMR  24      44      64     140     189     243     343     611     
020228 SGMR  40      46      69     134     189     245     363     656     
020301 SGMR  23      42      67     133     179     232     353     653     
020302 SGMR  20      44      68     136     180     237     357     651     
020303 SGMR  20      43      65     130     174     220     326     617     
020304 SGMR  21      43      66     129     168     216     339     644     
020305 SGMR  21      43      66     127     161     219     349     558     
020306 SGMR  30      44      70     130     168     227     347     543     
020307 SGMR  20      42      68     133     165     215     334     566     
020308 SGMR  20      43      67     129     165     216     338     548     
020309 SGMR  26      44      68     136     167     238     352     558     
020310 SGMR  43      46      73     138     176     239     359     562     
020311 SGMR  31      50      69     131     172     236     360     564     
020312 SGMR  23      48      71     127     166     233     356     554     
020313 SGMR  30      50      71     129     168     228     329     546     
020314 SGMR  26      48      70     136     165     229     343     553     
020315 SGMR  30      49      71     131     170     230     350     543     
020316 SGMR  37      52      74     137     173     234     349     525     
020317 SGMR  26      48      69     132     168     226     338     550     
020318 SGMR  40      56      74     137     166     224     346     552     
020319 SGMR  24      46      71     133     167     218     344     536     
020320 SGMR  66      63      78     139     173     236     355     561     
020321 SGMR  28      43      67     130     159     204     321     552     
020322 SGMR  25      41      64     126     159     226     349     570     
020323 SGMR  19      43      66     125     157     217     340     567     
020324 SGMR  20      40      60     124     159     216     332     561     
020325 SGMR  17      40      63     126     160     217     334     561     
020326 SGMR  19      42      64     123     153     214     329     539     
020327 SGMR  20      41      57     122     160     212     336     538     
020328 SGMR  25      52      65     126     165     221     342     566     
020329 SGMR  48      48      63     129     156     228     326     548     
020330 SGMR  22      45      63     129     172     231     334     561     
020331 SGMR  25      42      58     135     184     253     353     571     
020401 SGMR  25      41      56     135     189     252     360     560     
020402 SGMR  20      46      70     136     196     251     336     569     
020403 SGMR  21      48      63     135     190     260     345     558     
020404 SGMR  21      45      64     137     202     253     348     574     
020405 SGMR  21      43      68     141     205     274     367     587     
020406 SGMR  21      39      59     138     203     256     357     574     
020407 SGMR  20      44      73     145     199     254     350     591     
020408 SGMR  20      42      65     151     199     253     351     581     
020409 SGMR  23      43      66     146     198     257     361     574     
020410 SGMR  18      42      65     144     182     246     353     578     
020411 SGMR  23      41      67     138     187     252     353     578     
020412 SGMR  20      41      66     147     202     282     363     587     
020413 SGMR  21      41      67     150     210     306     375     574     
020414 SGMR  74      52      70     149     202     275     375     577     
020415 SGMR  21      47      63     146     193     270     370     541     
020416 SGMR 248      52      66     143     182     253     352     565     
020417 SGMR  30      42      63     147     191     251     351     564     
020418 SGMR  30      50      66     136     181     238     329     565     
020419 SGMR  28      46      65     130     172     234     334     551     
020420 SGMR  21      42      62     131     169     234     339     557     
020421 SGMR  18      39      59     125     158     224     324     563     
020422 SGMR  21      42      57     118     157     211     323     500     
020423 SGMR                         123     172     220     335     548     
020424 SGMR                         126     168     224     325     566     
020425 SGMR                         119     161     208     315     548     
020426 SGMR                         117     153     207     318     557     
020427 SGMR                         118     159     212     320     562     
020428 SGMR  28      43      53     112     143     195     303     512     
020429 SGMR                         112     149     203     330     539     
020430 SGMR  39      52      56     110     147     199     312     555     
020501 SGMR  25      43      58     117     158     197     324     561     
020502 SGMR  27      42      57     124     164     230     347     555     
020503 SGMR  54      43      60     127     177     236     341     569     
020504 SGMR  22      40      57     135     184     240     358     570     
020505 SGMR  20      44      64     136     174     246     350     558     
020506 SGMR  37      44      60     143     185     252     353     567     
020507 SGMR  68      43      56     138     183     243     347     568     
020508 SGMR  60      75      74     140     180     238     344     569     
020509 SGMR  29      48      68     139     179     244     351     553     
020510 SGMR  50      43      57     138     182     269     365     578     
020511 SGMR  23      46      67     133     192     258     363     581     
020512 SGMR  31      48      65     128     178     245     354     534     
020513 SGMR  26      49      62     122     165     217     321     515     
020514 SGMR  30      44      60     124     159     221     340     557     
020515 SGMR  23      48      60     119     156     223     343     558     
020516 SGMR  42      43      55     114     157     229     339     560     
020517 SGMR  24      39      53     111     155     238     350     573     
020518 SGMR  30      41      51     108     153     167     228     500     
020519 SGMR  28      40      53     114     168     241     333     561     
020520 SGMR  23      38      53     118     170     253     335     568     
020521 SGMR  23      41      53     126     178     247     335     557     
020522 SGMR  20      38      53     125     177     253     341     562     
020523 SGMR  20      38      56     127     178     233     316     575     
020524 SGMR  23      39      56     127     178     241     327     584     
020525 SGMR  31      43      60     126     175     236     324     575     
020526 SGMR  21      41      55     128     181     251     342     571     
020527 SGMR  20      38      56     132     183     263     344     602     
020528 SGMR  22      41      60     128     184     275     367     578     
020529 SGMR  28      41      58     127     177     266     361     604     
020530 SGMR  24      42      58     131     185     274     359     614     
020531 SGMR  34      45      59     132     176     290     355     613     
020601 SGMR  26      43      60     131     178     299     349     603     
020602 SGMR  25      42      60     131     176     264     333     487     
020603 SGMR  30      44      61     129     169     249     339     566     
020604 SGMR  34      43      61     134     169     248     339     565     
020605 SGMR  24      42      58     125     159     224     314     543     
020606 SGMR  21      40      53     123     157     225     323     451     
020607 SGMR  22      41      57     122     158     223     325     501     
020608 SGMR 103      42      56     118     157     229     329     559     
020609 SGMR  21      47      57     115     153     230     330     572     
020610 SGMR  26      47      52     111     150     223     320     594     
020611 SGMR  49      48      53     108     146     210     317     584     
020612 SGMR  57      62      48     101     142     219     301     509     
020613 SGMR  51      43      50      99     130     222     312     545     
020614 SGMR                                                                 
020615 SGMR  21      37      46      93     115     159     234     429     
020616 SGMR  22      37      50     106     133     225     300     543     
020617 SGMR  20      37      51     106     136     207     310     568     
020618 SGMR  22      38      50     110     148     225     306     580     
020619 SGMR  17      34      54     114     146     246     322     577     
020620 SGMR  18      36      52     118     145     248     331     585     
020621 SGMR  20      38      52     109     138     234     322     582     
020622 SGMR  20      35      55     109     142     237     316     567     
020623 SGMR  22      41      55     106     144     240     315     570     
020624 SGMR  22      40      60     115     151     241     327     591     
020625 SGMR  25      40      57     108     148     201     311     584     
020626 SGMR  76      45      58     108     142     203     319     541     
020627 SGMR  25      43      59     107     137             309     543     
020628 SGMR  19      35      51     107     136     168     311     547     
020629 SGMR  21      36      51     111     146     180     318     604     
020630 SGMR  20      39      59     112     144     191     325     567     
020701 SGMR                                                                 
020702 SGMR  20      37      51     106     144     185     332     556     
020703 SGMR  20      36      53     108     143     208     318     568     
020704 SGMR  19      34      54     111     145     178     310     577     
020705 SGMR  33      34      48     104     140     186     305     579     
020706 SGMR  22      36      50      99     129     165     306     564     
020707 SGMR  18      33      44      99     131     172     310     569     
020708 SGMR  20      33      47      98     131     162     303     552     
020709 SGMR                                                                 
020710 SGMR                                                                 
020711 SGMR  17      31      49     103     149     193     333     586     
020712 SGMR  21      30      46      95     131     175     308     568     
020713 SGMR  19      32      48      99     136     186     298     565     
020714 SGMR  49      37      52     102     147     208     320     577     
020715 SGMR  22      36      48     103     158     205     323     569     
020716 SGMR  44      39      49     115     183     249     374     585     
020717 SGMR  65      40      48     112     172     224     354     578     
020718 SGMR  36      41      50     120     180     224     355     571     
020719 SGMR  39      46      57     120     188     236     351     564     
020720 SGMR  43      47      58     116     177     230     356     587     
020721 SGMR  70      54      51     121     185     232     351     585     
020722 SGMR  29      43      54     122     179     231     349     579     
020723 SGMR 165      44      58     122     192     233     359     575     
020724 SGMR          74      62     135     206     282     388     627     
020725 SGMR  37      64      55     129     212     280     372     604     
020726 SGMR                                                                 
020727 SGMR  33      48      59     139     228     264     363     598     
020728 SGMR 225      62      59     144     238     296     402     602     
020729 SGMR 458      80      59     144     232     274     367     587     
020730 SGMR 153      49      57     140     233     268     363     588     
020731 SGMR  79      49      57     128     209     254     362     583     
020801 SGMR  40      40      57     141     200     244     356     586     
020802 SGMR  95      51      55     118     175     240     340     584     
020803 SGMR  46      43      55     111     164     199     326     588     
020804 SGMR  35      38      51     105     153     186     321     574     
020805 SGMR  22      31      46     100     139     170     311     553     
020806 SGMR  33      32      46      98     134     179     312     567     
020807 SGMR  30      38      52     100     128     176     300     563     
020808 SGMR  32      34      48      97     131     177     306     566     
020809 SGMR  52      37      53     102     138     194     304     552     
020810 SGMR  28      34      51     107     144     200     312     568     
020811 SGMR  29      36      55     118     162     211     338     592     
020812 SGMR  23      34      56     126     177     238     364     583     
020813 SGMR  22      36      59     133     187     251     387     577     
020814 SGMR  20      37      62     138     197     276     411     601     
020815 SGMR  20      37      60     143     213     270     409     598     
020816 SGMR 844     157      88     153     219     296     456     611     
020817 SGMR 238      70      64     146     219     306     479     621     
020818 SGMR  36      40      64     153     239     306     457     602     
020819 SGMR  32      41      63     151     233     295     432     609     
020820 SGMR  47      46      59     150     215     298     460     628     
020821 SGMR  95      52     116     152     218     288     418     619     
020822 SGMR  49      60      70     151     208     293     422     615     
020823 SGMR 119      64      72     163     214     279     419     603     
020824 SGMR  76      53      62     143     198     255     397     572     
020825 SGMR  35      42      57     129     175     235     377     575     
020826 SGMR  55      54      52     121     162     216     353     568     
020827 SGMR  41      40      57     115     155     214     359     569     
020828 SGMR  29      36      53     113     159     212     359     568     
020829 SGMR  35      36      51     113     171     199     320     497     
020830 SGMR  20      37      57     115     167     219     366     588     
020831 SGMR 114      48     169     231     184     253     436     644     
020901 SGMR  48      43      54     127     178     233     374     584     
020902 SGMR  32      35      50     120     169     218     357     534     
020903 SGMR  33      36      53     126     174     220     359     561     
020904 SGMR 103      67      58     126     169     212     353     554     
020905 SGMR  24      37      57     142     184     233     326     577     
020906 SGMR  24      37      57     126     172     214     318     578     
020907 SGMR  24      36      54     132     183     221     321     569     
020908 SGMR  20      35      58     132     186     236     329     565     
020909 SGMR  19      35      55     137     207     276     355     578     
020910 SGMR  52      38      56     143     220     302     372     578     
020911 SGMR 110      36      56     145     206     285     359     576     
020912 SGMR  36      39      60     141     206     270     351     590     
020913 SGMR  47      38      52     141     197     260     344     575     
020914 SGMR  70      38      52     141     197     254     336     580     
020915 SGMR  43      42      59     135     186     241     336     546     
020916 SGMR  37      41      57     132     179     234     329     553     
020917 SGMR  36      40      61     133     185     246     342     572     
020918 SGMR  44      45      61     129     174     230     328     550     
020919 SGMR 166      45      60     122     168     219     319     556     
020920 SGMR 152      65      57     121     164     216     313     550     
020921 SGMR  47      49      55     115     155     217     315     547     
020922 SGMR  33      38      52     115     152     204     298     548     
020923 SGMR  37      41      52     110     149     205     309     544     
020924 SGMR  56      43      55     107     149     211     315     551     
020925 SGMR  20      35      50     106     145     208     310     569     
020926 SGMR  21      36      45     104     142     192     298     541     
020927 SGMR  43      40      53     103     147     201     294     523     
020928 SGMR  26      41      51     103     141     201     307     550     
020929 SGMR  24      32      50      98     134     185     287     550     
020930 SGMR  34      39      47     101     135     192     302     543     
021001 SGMR  21      35      50      99     132     184     289     541     
021002 SGMR  21      32      44      97     132     188     287     536     
021003 SGMR  53      52      49     101     138     187     289     514     
021004 SGMR  28      40      51     108     155     212     307     540     
021005 SGMR  24      35      52     109     149     210     316     555     
021006 SGMR  28      37      52     113     152     211     320     563     
021007 SGMR  94      52      47     117     158     223     325     554     
021008 SGMR  20      35      52     118     157     211     319     572     
021009 SGMR  25      37      54     119     162     216     325     561     
021010 SGMR  26      37      58     123     165     225     325     567     
021011 SGMR  26      40      60     128     173     233     334     545     
021012 SGMR  26      35      56     127     175     223     310     524     
021013 SGMR  25      41      55     129     171     213     301     524     
021014 SGMR  33      37      56     130     168     217     321     570     
021015 SGMR  25      39      56     130     168     218     310     566     
021016 SGMR  80      40      48     128     175     186     246     419     
021017 SGMR  46      42      57     125     165     217     321     565     
021018 SGMR  44      40      52     119     167     217     315     562     
021019 SGMR  56      46      56     118     166     220     314     552     
021020 SGMR  56      45      55     120     167     231     320     568     
021021 SGMR  34      48      61     124     170     228     327     574     
021022 SGMR 382      80      70     116     164     219     320     500     
021023 SGMR  35      44      55     117     163     218     327     552     
021024 SGMR  58      42      52     113     150     201     305     549     
021025 SGMR 112      44      55     155     201     233     322     548     
021026 SGMR  26      38      49     110     150             251     527     
021027 SGMR  20      38      49     110             202     310     560     
021028 SGMR  28      38      51     108     145     211     309     558     
021029 SGMR  84      41      54     110     154     208     314     560     
021030 SGMR  17      34      47     112     161     222     334     571     
021031 SGMR  30      36      51     112     155     215     321     554     
021101 SGMR  20      32      50     114     156     213     318     558     
021102 SGMR  43      40      54     115     155     211     335     564     
021103 SGMR 119      57      56     120     160     212     325     566     
021104 SGMR 136      56      63     121     163     226     326     561     
021105 SGMR  89      39      53     122     170     236     327     556     
021106 SGMR  21      34      45     123     173     211     279     479     
021107 SGMR  26      36      49     126     173     223     309     556     
021108 SGMR  23      32      48     129     177     227     319     566     
021109 SGMR  24      36      48     129     177     227     335     585     
021110 SGMR  24      34      52     122     170     231     330     559     
021111 SGMR  25      35      51     125     177     240     322     511     
021112 SGMR  18      27      47     115     162     216     300     539     
021113 SGMR  22      32      42     111     166     222     285     503     
021114 SGMR  27      35      48     116     164     221     295     550     
021115 SGMR  54      49      53     124     179     234     324     571     
021116 SGMR 144      65      59     126     184     234     335     526     
021117 SGMR 191      64      49     123     175     224     315     519     
021118 SGMR  85      41      51     124     175     227     337     552     
021119 SGMR  24      39      50     121     159     216     324     544     
021120 SGMR  29      33      48     117     156     212     305     549     
021121 SGMR  22      32      48     108     133     193     295     524     
021122 SGMR  20      31      43     108     133     191     304     511     
021123 SGMR  21      34      51     106     136     193     313     544     
021124 SGMR  40      43      50     102     144     200     296     545     
021125 SGMR  79      53      53     100     133     178     296     539     
021126 SGMR  56      47      52      99     129     183     290     549     
021127 SGMR  35      72      50      97     141     181     299     519     
021128 SGMR  36      41      52      97     135     177     306     551     
021129 SGMR  31      38      51     100     129     177     294     539     
021130 SGMR  29      38      52     105     137     184     302     550     
021201 SGMR  26      35      53     108     138     192     311     547     
021202 SGMR  22      28      50     107     130     185     301     532     
021203 SGMR  26      35      52     109     137     185     319     546     
021204 SGMR  33      34      52     107     141     185     304     542     
021205 SGMR  27      32      51     112     138     183     301     526     
021206 SGMR  24      33      51     111     141     178     292     485     
021207 SGMR  30      37      55     113     137     185     305     537     
021208 SGMR  27      35      50     112     142     184     298     544     
021209 SGMR  25      33      52     116     149     199     325     552     
021210 SGMR  26      36      56     117     150     196     312     551     
021211 SGMR  25      33      55     113     140     192     304     532     
021212 SGMR  24      36      49     112     138     190     304     508     
021213 SGMR  20      38      51     117     146     197     298     539     
021214 SGMR  20      36      48     121     160     192     266     474     
021215 SGMR  27      40      56     133     187     238     323     554     
021216 SGMR  27      42      58     140     202     246     354     548     
021217 SGMR 110      59      59     140     184     241     331     567     
021218 SGMR  97      47      54     139     191     228     325     553     
021219 SGMR  38      44      50     136     176     218     314     557     
021220 SGMR  63      40      48     135     177     219     297     507     
021221 SGMR  25      44      52     130     174     207     301     520     
021222 SGMR  19      32      46     121     163     215     325     556     
021223 SGMR  19      34      47     105     145     198     308     539     
021224 SGMR  19      33      48     100     136     187     307     549     
021225 SGMR  19      32      45      91     122     182     298     506     
021226 SGMR  17      32      47      75     109     122     183     466     
021227 SGMR  17      30      45      85     102     162     284     526     
021228 SGMR  16      30      47      86     103     156     283     531     
021229 SGMR  20      33      48      86     105     156     273     532     
021230 SGMR  20      34      48      85     106     154     291     524     
021231 SGMR  18      34      48      86     105     154     277     493     

