760101 SGMR   7.4    21.8    38.3    49.6    70.6   116     272     523         
760102*SGMR   7.4    21.4    37.7    49.6    71.3   117     274     524         
760103*SGMR   7.6    21.4    38.4    49.5    71.4   118     273     525         
760104 SGMR   7.5    21.4    39.1    49.3    71.6   119     273                 
760105 SGMR   7.9    23.0    42.2    51.0    71.9   118     276     525         
760106 SGMR   8.3    21.0    37.4    50.1    70.8   118     272     525         
760107 SGMR   8.1    20.6    40.8    50.7    70.8   118     270     524         
760108*SGMR   8.2    20.9    40.4    49.1    69.8   117     272     523         
760109 SGMR   8.3    21.1    39.9    47.6    69.5   118     273     523         
760110 SGMR   8.6    22.0    39.9    48.3    70.0   117     274     525         
760111*SGMR   8.5    23.6                    71.4   118     276     530         
760112*SGMR   9.5    24.0                    76.4   124     280     528         
760113 SGMR  28.3    33.9                    79.2   130     283     525         
760114*SGMR                                                         530         
760115 SGMR  10.6    23.5    36.7    52.6    79.1   127     282     530         
760116*SGMR   9.2    22.9    34.5    53.2    77.8   126     281     530         
760117 SGMR  10.7    23.0    36.8    49.1    76.0   123     279     531         
760118 SGMR  10.1    24.5    37.9    51.6    76.1   122     282     526         
760119 SGMR  16.1    26.2    39.0    50.4    74.7   122     285     528         
760120*SGMR   8.1    21.1    36.7    52.0    74.6   120     280     522         
760121 SGMR  11.0    24.5    35.5    50.2    71.4   120     274     521         
760122*SGMR                                                         522         
760123 SGMR   8.2    23.0    35.3    50.3    69.8   118     277     521         
760124*SGMR   9.4    27.2    40.0    54.9    69.9   118     275     520         
760125 SGMR   8.6    21.3    38.1    46.0    68.5   117     275     524         
760126*SGMR   8.3    20.0    36.5    48.3    66.6   118     273     525         
760127*SGMR   7.9    19.3    35.1    48.6    65.6   117     271     526         
760128*SGMR   7.5    20.1    33.5    48.9    66.1   116     269     525         
760129 SGMR   7.2    21.3    32.0    49.2    66.6   115     267     525         
760130 SGMR   8.1    24.2    33.6    49.1    68.3   116     273     525         
760131 SGMR   8.5    24.2    33.7    48.3    68.6   115     273     525         
760132 SGMR   9.5    22.8    37.3    49.9    71.5   119     275     525         
760201 SGMR   7.8    19.1    32.7    48.2    67.7   114     271     524         
760202*SGMR   8.0    19.6    35.2    50.2    67.7   114     271     525         
760203 SGMR   8.5    20.1    37.4    52.1    67.5   114     270     520         
760204 SGMR   8.3    20.3    37.6    51.7    67.5   115     267     519         
760205 SGMR   8.3    20.7    37.8    51.3    67.3   114     269     518         
760206*SGMR   8.0    22.3    37.9    50.7    68.2   115     272     517         
760207 SGMR   8.5    21.4    38.1    51.7    68.5   116     275     516         
760208 SGMR   8.5    19.6    36.0    51.8    67.3   116     275     517         
760209 SGMR   7.8    20.5    36.1    51.3    67.3   115     275     516         
760210 SGMR   8.2    20.6    33.6    50.9    67.1   115     275     520         
760211 SGMR   8.0    21.3    36.1    47.8    67.0   115     274     521         
760212 SGMR   8.3    20.9    37.0    48.6    66.3   114     274     523         
760213*SGMR   7.8    21.2    36.5    48.4    67.0   115     274     523         
760214 SGMR   7.9    20.9    36.0    48.2    67.5   115     273     524         
760215 SGMR   8.0    20.6    35.1    47.9    68.7   115     274     524         
760216 SGMR   8.0    21.3    34.9    48.0    68.4   115     273     522         
760217*SGMR   9.0    21.3    34.7    48.4    68.6   115     272     526         
760218*SGMR   7.7    21.6    34.3    48.8    68.8   115     271     530         
760219 SGMR   8.5    22.0    33.9    48.4    69.1   115     270     531         
760220 SGMR   8.6    22.3    33.5    48.0    69.4   116     275     530         
760221 SGMR   8.0    22.6    33.1    47.6    69.2   116     275     530         
760222*SGMR   8.0    22.9    32.7    47.2    69.0   115     275     530         
760223 SGMR   8.0    23.7    32.9    47.4    68.9   114     276     530         
760224 SGMR   7.6    22.3    31.5    47.6    68.0   115     271     520         
760225 SGMR   8.3    21.5    32.3    43.9    66.7   115     272     520         
760226 SGMR   8.2    21.7    32.5    43.7    67.1   114     269     520         
760227 SGMR   8.3    20.5            43.5    66.3   115     265     518         
760228 SGMR   8.0    20.3    32.1    43.4    65.5   114     263     521         
760229 SGMR   8.4    20.4    31.6    44.9    66.1   112     270     519         
760232 SGMR   8.2    21.2    34.8    48.3    67.7   115     272     523         
760301*SGMR   8.2    20.3    32.0    45.5    65.8   113     271     519         
760302*SGMR   8.0    20.4    32.4    45.7    66.1   114     272     519         
760303*SGMR   8.3    20.2    33.0    46.3    66.2   114     273     519         
760304*SGMR   8.0    20.2    33.3    45.8    66.2   114     272     520         
760305 SGMR   8.0    19.8    33.4    45.2    66.0   114     270     521         
760306 SGMR   7.9    20.2    32.9    45.0    66.1   113     268     518         
760307*SGMR   7.8    20.7    31.5    44.8    66.5   113     268     521         
760308 SGMR   7.2    18.3    30.9    45.0    66.8   114     269     518         
760309 SGMR   8.1    18.9    30.2    45.1    65.9   113     268     515         
760310 SGMR   8.1    19.0    30.7    46.8    68.6   113     270     518         
760311 SGMR   7.8    20.6    30.6    46.3    68.9   113     269     520         
760312 SGMR   7.6    22.1    30.5    48.1    70.3   113     270     516         
760313*SGMR   7.3    20.4    31.2    49.6    70.4   116     267     517         
760314 SGMR   7.1    19.8    32.5    50.8    70.6   114     268     518         
760315*SGMR   7.8    21.2    32.9    51.0    72.7   116     274     520         
760316*SGMR   8.4    22.5    33.3    52.0    74.8   118     279     522         
760317*SGMR  11.0    23.1    35.7    52.2    79.0   120     283     525         
760318 SGMR  18.8    25.9    37.5    52.4    82.0   124     284     525         
760319*SGMR  27.0    28.2    37.7    54.7    83.7   127     285     526         
760320 SGMR  24.5    26.5    37.5    57.0    82.6   129     284     523         
760321*SGMR  17.5    27.2    37.4    60.0    87.9   138     282     521         
760322 SGMR  11.0    25.1    37.3    57.4    87.6   136     284     526         
760323 SGMR   9.1    23.0    37.2    54.8    87.4   133     286     527         
760324 SGMR   7.4    26.3    35.2    52.9    86.5   131     283     527         
760325 SGMR  11.3    28.1    33.6    55.7    85.5   133     287     536         
760326 SGMR  24.0    35.1    34.1    55.2    87.1   140     297     523         
760327 SGMR  31.6    30.7    33.3    53.4    84.5   138     296     525         
760328 SGMR  49.1    27.2    34.8    53.8    88.5   139     300     527         
760329 SGMR  14.0    23.3    32.0    52.4    83.3   137     313     528         
760330 SGMR  24.4    31.9    43.9    51.8    81.5   137     308     527         
760331 SGMR  33.6    25.8    31.3    53.3    82.4   137     310     525         
760332 SGMR  14.2    23.6    33.9    50.6    76.2   122     281     522         
760401*SGMR  12.2    23.3    30.9    51.4    79.0   133     302     525         
760402 SGMR   9.8    22.2    30.1    49.1    75.6   129     294     524         
760403*SGMR   9.8    23.1    28.0    47.4    74.8   125     289     527         
760404 SGMR   8.8    21.6    26.3    46.8    74.2   125     288                 
760405 SGMR   8.1    20.0    29.5    45.5    72.8   123     283                 
760406 SGMR   8.3    20.1    27.7    44.9    70.1   119     278     510         
760407 SGMR   9.1    23.6    29.2    46.6    70.6   117     272     534         
760408 SGMR   8.0    20.1    29.9    46.8    72.7   118     273     514         
760409 SGMR   7.8    20.0    32.1    48.3    74.5   119     274     517         
760410 SGMR   8.2    19.9    32.0    48.2    75.0   121     280     506         
760411*SGMR   8.0    20.8    29.5    50.9    80.7   128     281     534         
760412*SGMR                  31.0    51.7    79.0   121     282     523         
760413 SGMR                  31.5    53.0    79.5   124     281     509         
760414 SGMR   8.5    23.8    36.3    53.2    78.9   124     282                 
760415 SGMR   8.7    23.6    35.1    54.2    78.8   125     280                 
760416 SGMR   8.4    21.3    35.0    53.1    78.8   125     273     511         
760417 SGMR   8.2    20.8    35.4    53.3    78.6   125     274     510         
760418 SGMR   8.5    20.0    36.1    50.0    78.0   125     277     490         
760419 SGMR          23.0    36.3    51.3    77.4   124     276     508         
760420 SGMR          22.1    36.2    51.6    77.3   124     275     504         
760421 SGMR  10.0    20.8    37.0    50.1    77.4   121     280     498         
760422 SGMR  14.3    23.9    37.4    52.8    77.6   121     281     506         
760423 SGMR   8.7    26.3    36.2    50.3    73.8   121     270     505         
760424 SGMR   9.3    22.1    34.1    49.2    75.9   120     278     501         
760425*SGMR   8.3    19.6    34.6    50.7    76.3   119     281     516         
760426*SGMR   8.3    20.4    34.7    50.4    74.9   119     274                 
760427*SGMR   7.9    21.1    34.1    49.6    75.9   120     275     496         
760428 SGMR   7.8    19.8    35.6    49.5    73.9   120     277     489         
760429 SGMR   9.4    21.5    31.0    49.2    77.9   126     278     474         
760430 SGMR   9.5    21.7    36.8    50.6    79.9   129     281     474         
760432 SGMR   9.0    21.7    33.0    50.0    76.3   123     280     508         
760501 SGMR   8.4    21.3    32.6    47.5    75.9   127     277     513         
760502 SGMR   8.2    19.3    30.6    46.5    71.9   119     266     513         
760503*SGMR   7.6    21.5    31.0    45.5    70.6   118     274     516         
760504 SGMR   8.0    19.3    33.9    45.5    71.8   116     279     511         
760505 SGMR   8.1    20.4    30.0    45.8    70.0   116     271     517         
760506 SGMR   8.3    19.9    30.7    45.0    69.3   117     269     510         
760507*SGMR   9.8    20.5    35.2    46.2    70.8   115     275     513         
760508*SGMR   9.0    21.7            44.9    70.5   116     278     516         
760509 SGMR   8.2    20.5            47.5    69.5   115     276     514         
760510 SGMR   9.0    22.9            44.5    69.6   117     273     516         
760511 SGMR   8.4    21.8    37.4    45.7    70.6   117     276     514         
760512*SGMR   8.7    20.0    33.1    46.3    70.8   116     263     528         
760513 SGMR   9.1    22.9    28.3    47.0    71.5   117     275     517         
760514 SGMR   8.7    22.0    37.0    48.5    71.5   114     270     515         
760515 SGMR   7.7    17.3    37.7    49.6    73.5   118     275     523         
760516 SGMR   8.6    21.2    34.0    51.4    76.0   122     274     516         
760517 SGMR   8.8    22.5    37.4    50.4    74.2   119     275     524         
760518 SGMR   9.0    22.5    37.2    50.3    74.4   121     274     523         
760519*SGMR   8.5    21.4    35.5    48.9    71.3   116     264     525         
760520*SGMR   8.5    22.2    36.5    48.2    71.8   116     266     514         
760521*SGMR   9.1    25.8    37.7    49.8    72.9   116     272     518         
760522 SGMR   8.9    22.9    36.8    47.1    70.1   115     271     516         
760523 SGMR   8.6    20.5    34.0    45.5    69.8   114     276     520         
760524 SGMR   8.8    22.8    33.9    44.1    68.5   114     274     511         
760525 SGMR   9.1    22.5    36.0    44.3    68.5   113     273     512         
760526 SGMR   9.8    22.9    34.4    43.3    68.4   112     270     513         
760527 SGMR   8.7    22.9    33.5    42.9    68.1   112     272     505         
760528 SGMR   8.4    19.0    31.9    41.5    66.6   112     263     503         
760529 SGMR   8.7    22.6    34.6    40.2    65.3   111     269     506         
760530 SGMR   8.8    24.5    35.1    41.2    66.2   113     269     518         
760531 SGMR   8.4    22.4                    65.8   113     269     522         
760532 SGMR   8.6    21.6    34.3    46.2    70.5   116     272     516         
760601 SGMR   7.8    21.1                    66.8   111     271     526         
760602 SGMR   8.0    23.0    33.2    40.6    65.7   111     271     516         
760603 SGMR   8.2    21.1    32.9    41.9    65.6   110     268     515         
760604 SGMR   8.0    20.0    34.3    39.4    65.6   112     270     515         
760605 SGMR  11.2    19.4    34.8    40.5    66.7   112     269     511         
760606 SGMR                                                                     
760607 SGMR   8.1    20.3    34.4    43.3    66.2   112     264     508         
760608 SGMR   8.4    20.2    35.0    43.0    67.1   112     268     512         
760609 SGMR   8.2    21.3    37.8    42.7    68.4   114     273     517         
760610 SGMR   8.6    21.0    35.9    43.5    66.8   113     268     507         
760611 SGMR   8.9    20.7    35.7    44.1    68.0   113     268     519         
760612 SGMR   8.6    21.8    37.7    45.0    70.2   113     274     519         
760613 SGMR   8.2    22.0    37.0    45.2    70.0   114     276     519         
760614*SGMR   8.6    21.2    39.9    46.7    70.9   116     272     521         
760615 SGMR   8.5    21.2    35.9    46.1    70.8   115     273     512         
760616 SGMR   9.3    21.5    36.6    49.6    73.5   118     275     522         
760617 SGMR   9.6    21.9    36.8    47.2    73.9   119     273     518         
760618 SGMR   7.6    21.6    37.7    48.9    75.3   119     266     517         
760619 SGMR   9.3    22.8    38.0    49.2    74.1   117     270     524         
760620 SGMR   8.4    20.3    38.9    47.2    75.3   117     268     517         
760621 SGMR   8.0    20.2    38.2    47.7    74.5   118     269     516         
760622 SGMR   8.4    22.1    36.0    49.9    75.5   118     273     518         
760623 SGMR   8.8    20.4    35.4    46.6    72.4   116     273     527         
760624 SGMR   8.1    19.9    35.3    44.8    71.4   116     274     521         
760625*SGMR   8.3    19.9    35.2    45.9    71.7   117     267     519         
760626 SGMR   8.5    20.3    36.2    45.9    71.2   116     273     510         
760627 SGMR   8.3    20.5    34.9    42.3    69.1   113     270     521         
760628 SGMR   8.0    19.1    34.3    42.9    68.5   112     267     523         
760629*SGMR   8.1    19.1    34.6    44.1    68.8   114     267     512         
760630 SGMR   8.5    20.9    34.2    43.2    67.0   112     264     518         
760632 SGMR   8.5    20.9    36.0    44.9    70.0   114     270     517         
760701*SGMR   8.2    19.1    34.4    42.6    66.3   111     262     514         
760702 SGMR   8.0    21.3    34.1    41.6    66.4   113     264     514         
760703 SGMR   8.4    19.6    35.6    42.4    67.6   111     267     515         
760704*SGMR   8.3    20.4    35.8    41.7    67.1   111     270     516         
760705 SGMR   8.7    20.8    34.5    41.5    66.3   111     266     517         
760706 SGMR   8.2    20.4    33.9    41.8    66.1   112     266     517         
760707 SGMR   8.7    20.0    34.3    42.7    66.7   112     265     517         
760708*SGMR   8.8    20.4    33.5    43.6    66.2   112     267     518         
760709 SGMR   8.2    19.5    34.2    41.6    66.2   111     268     519         
760710 SGMR   8.8    19.9    35.9    41.9    66.3   112     272     517         
760711 SGMR   8.8    20.8    36.6    40.7    66.4   113     270     517         
760712*SGMR   8.7    20.8    34.6    40.8    66.1   111     268     516         
760713*SGMR   8.7    20.3    37.4    43.7    67.1   112     266     514         
760714*SGMR   8.1    19.6    36.5    42.8    67.1   113     264     515         
760715 SGMR   8.7    21.0    34.3    44.0    67.8   112     264     515         
760716 SGMR   7.9    20.1    35.9    42.6    66.5   112     265     515         
760717 SGMR   8.2    20.2    35.6    41.9    66.0   111     265     514         
760718 SGMR   8.0    20.6    35.4            67.1   113     267     515         
760719 SGMR   8.5    22.4    34.8    42.3    66.8   113     266     514         
760720 SGMR   8.2    19.1    33.2    42.1    66.3   111     265     515         
760721*SGMR   8.4    21.0    32.8    42.1    67.0   112     266     514         
760722 SGMR   9.4    21.4    32.8    42.1    67.6   114     267     515         
760723 SGMR   8.4    19.9                    66.0   110     263     511         
760724*SGMR   7.8    19.6    32.8    41.5    65.8   111     264     512         
760725 SGMR   8.2    20.2    34.4    41.3    65.9   112     270     513         
760726 SGMR   8.3    20.4    31.3    40.2    64.7   110     267     511         
760727 SGMR   8.1    20.7    33.2    40.9    65.8   112     264     515         
760728 SGMR   7.9    20.4    32.6    40.1    66.7   113     270     518         
760729 SGMR   8.8    23.2    32.6    40.0    66.9   113     273     522         
760730*SGMR   9.4    20.7    33.6    42.7    67.3   114     274     523         
760731*SGMR  11.0    19.1    34.9    47.9    68.5   115     274     524         
760732 SGMR   8.5    20.4    34.4    42.1    66.6   112     267     516         
760801*SGMR  16.2    19.1    35.5    46.5    73.4   119     274     524         
760802 SGMR  35.4    31.8    37.2    45.6    75.6   120     275     524         
760803 SGMR  21.5    24.4    37.9    44.2    80.1   126     281     524         
760804 SGMR  20.9    28.6    34.9    48.7    80.2   127     281     519         
760805 SGMR  26.3    24.4    34.8    49.9    81.2   130     279     517         
760806*SGMR  10.2    24.2    37.0    50.5    81.6   128     281     519         
760807*SGMR  30.0    33.5    49.9    51.7    79.3   128     281     522         
760808*SGMR  12.4    21.7    37.8    50.0    79.4   127     280     522         
760809*SGMR  14.1    22.2    37.7    49.6    78.6   127     282     525         
760810*SGMR  13.8    27.0    38.2    50.6    80.2   125     280     523         
760811 SGMR  12.1    24.0    38.5    46.6    78.1   124     277     520         
760812 SGMR  10.3    24.5    38.3    45.5    77.1   122     274     510         
760813 SGMR   9.5    24.6    35.3    47.4    75.3   121     264     518         
760814 SGMR   8.7    21.4    35.6    43.5    70.0   115     261     520         
760815 SGMR   8.8    22.5    34.7    42.1    70.0   115     260     521         
760816 SGMR  10.0    22.4    36.4    43.7    70.7   117     266     525         
760817 SGMR   8.4    19.3    37.3    41.4    74.6   122     280     524         
760818 SGMR  11.1    20.2    37.6    42.8    75.6   121     280     518         
760819 SGMR   8.5    20.7    38.3    44.5    75.3   123     286     521         
760820 SGMR   7.8    19.3    33.9    40.6    72.1   118     281     519         
760821 SGMR   8.0    19.0                    68.7   115     265     514         
760822 SGMR   8.1    22.4                    68.8   114     267     511         
760823 SGMR   7.8    19.6    34.0    39.0    67.8   113     267     514         
760824 SGMR   7.5    18.6    35.3    38.9    67.0   114     271     515         
760825 SGMR   8.0    21.1    35.9    40.5    67.4   114     273     512         
760826 SGMR   8.6    20.7    34.5    40.8    67.3   113     267     509         
760827 SGMR   8.5    21.1    33.8    43.5    68.1   114     268     514         
760828*SGMR   9.6    21.2    34.8    42.6    69.5   116     270     520         
760829*SGMR  10.8    20.4    34.3    43.6    70.3   116     273     517         
760830 SGMR  10.1    21.9    35.8    42.3    70.8   115     275     515         
760831 SGMR  14.1    19.8    36.8    41.9    72.5   116     275     513         
760832 SGMR  12.8    22.6    36.6    44.9    73.8   120     274     518         
760901 SGMR  10.3    21.5    39.9    44.6    73.8   119     276     512         
760902*SGMR   9.6    21.6    38.0    44.0    72.9   119     275     512         
760903 SGMR  10.6    21.7    35.9    44.0    72.2   119     274     512         
760904 SGMR   9.0    19.8    37.8    43.5    73.4   116     272     522         
760905*SGMR  10.4    20.5    38.2    45.4    72.6   115     270     517         
760906 SGMR   9.7    19.6    37.1    43.0    70.9   114     268     513         
760907 SGMR   9.7    21.7    36.9    42.5    70.3   114     272     511         
760908 SGMR   8.1    19.8    38.0    41.5    70.7   116     275     514         
760909 SGMR   8.5    18.8    36.1    40.7    70.5   115     271     509         
760910 SGMR  11.9    20.5    37.3    45.1    72.2   117     268     516         
760911 SGMR  10.1    21.5    35.4    46.8    72.8   117     266     511         
760912 SGMR   9.2    21.3    35.0    46.2    74.4   117     272     507         
760913 SGMR   8.4    19.5    35.2    44.4    71.6   115     271     506         
760914 SGMR   8.1    19.3    35.6    42.5    72.6   117     273     508         
760915 SGMR   7.8    20.5    35.0    44.2    71.5   117     269     510         
760916 SGMR   8.0    21.1    35.2    45.5    74.0   118     274     516         
760917*SGMR   8.3    22.5    36.7    47.3    74.7   119     270     515         
760918 SGMR   8.4    20.9    34.2    45.0    71.4   114     269     519         
760919 SGMR   8.7    20.9    36.4    43.7    70.7   115     267     515         
760920 SGMR   7.8    18.7    35.7    42.0    68.4   113     268     521         
760921 SGMR   8.0    19.9    35.5    41.9    69.0   114     268     516         
760922 SGMR   8.7    21.2    34.8    43.2    68.3   114     269     519         
760923 SGMR   9.2    20.3    33.7    43.2    70.2   115     268     519         
760924 SGMR   8.2    18.8    37.1    42.8    70.2   115     267     520         
760925 SGMR   9.1    20.7    37.2    43.8    71.3   115     268     520         
760926 SGMR   8.4    20.5    36.9    44.7    71.0   116     266     518         
760927 SGMR   8.2    20.1    36.3    45.8    70.8   116     266     520         
760928 SGMR   8.5    20.3    37.9    45.2    72.7   116     270     526         
760929 SGMR   8.1    21.6    37.3    43.2    69.8   114     266                 
760930 SGMR   8.7    21.5    37.9    43.6    69.9   114     264     517         
760932 SGMR   8.9    20.6    36.5    44.0    71.5   116     270     515         
761001*SGMR   8.2    22.3    38.9    46.6    73.4   117     265     519         
761002*SGMR   8.4    21.5    39.4    46.6    72.7   115     267     520         
761003 SGMR  10.5    21.8    38.7    45.0    72.0   116     270     520         
761004 SGMR   7.7    21.1    37.8    43.7    71.2   115     269     524         
761005 SGMR   7.6    21.3    36.0    48.6    73.5   117     268     521         
761006*SGMR   7.8    20.0    37.2    48.5    73.0   117     265     523         
761007 SGMR   8.0    20.4    38.1    47.0    71.8   117     267     523         
761008 SGMR   8.1    21.6    36.9    48.7    72.1   117     267     524         
761009*SGMR   7.8    20.3    36.1    48.5    72.8   117     267     523         
761010 SGMR   7.9    21.9    39.1    48.2    73.4   117     267     521         
761011 SGMR   7.9    20.0    36.2    47.2    72.1   115     273     527         
761012 SGMR   8.2    21.9    37.6    48.8    72.4   116     269     521         
761013 SGMR   7.3    20.5    35.8    47.9    71.0   115     267     521         
761014*SGMR   8.2    20.2    37.8    48.9    74.1   117     271     519         
761015 SGMR   7.5    21.0    38.7    49.9    74.4   118     273     518         
761016 SGMR   7.4    19.4    38.5    49.5    76.5   119     272     522         
761017*SGMR   7.7    20.3    37.3    50.8    77.5   120     277     524         
761018 SGMR   7.2    18.8    39.6    50.8    77.4   120     282     526         
761019 SGMR   7.9    20.1    37.9    50.4    75.4   118     279     522         
761020*SGMR   8.0    20.6    38.2    50.5    74.5   117     276     521         
761021*SGMR   8.0    20.7    38.8    50.3    73.3   117     274     522         
761022 SGMR   8.0    20.0    37.3    50.5    75.0   118     276     525         
761023 SGMR   8.0    20.1    39.1    50.5    80.4   125     278     526         
761024 SGMR   7.6    18.6    37.3    52.9    80.6   124     280     524         
761025*SGMR  10.3    21.2    40.0    53.2    84.5   129     278     522         
761026*SGMR   9.3    20.4    38.8    52.6    81.2   123     276     519         
761027 SGMR   8.4    20.3    37.5    52.9    78.0   118     275     516         
761028 SGMR   8.1    19.2    39.8    49.9    76.7   120     277     519         
761029 SGMR  10.9    19.8    38.4    48.0    72.3   116     272     508         
761030 SGMR   8.1    19.6    36.9    47.7    72.6   115     272     516         
761031*SGMR   7.8    18.5    36.4    48.0    71.8   115     273                 
761032 SGMR   8.2    20.4    37.9    49.1    74.8   118     272     521         
761101 SGMR   8.1    21.0    37.6    47.0    71.7   115     275                 
761102 SGMR   8.4    18.9    33.3    45.8    68.9   114     275                 
761103 SGMR   7.6    19.3    34.7    46.5    68.6   114     275                 
761104 SGMR   7.4    19.3    38.6    45.8    68.1   114     272     523         
761105*SGMR   7.6    19.8    36.0    48.0    68.7   114     267     523         
761106*SGMR   7.9    19.7    37.3    44.4    65.0   113     269     520         
761107 SGMR   7.8    19.3    35.5    45.5    67.9   112     268     515         
761108 SGMR   7.9    19.3    34.8    47.1    68.8   112     273     517         
761109 SGMR   8.2    20.8    36.3    46.7    70.6   113     274     513         
761110*SGMR   7.9    20.6    36.6    46.6    71.0   114     275     516         
761111 SGMR   7.6    20.4    36.9    46.6    71.3   115     276     518         
761112 SGMR   7.4    19.7    36.9    45.9    70.8   113     273     514         
761113 SGMR   7.8    21.7    36.4    45.8    68.5   112     270     514         
761114 SGMR   8.1    20.3    36.1    45.9    69.7   112     271     516         
761115 SGMR   7.4    20.0    37.0    45.5    70.0   114     271     519         
761116 SGMR   7.8    19.8    37.1    46.8    71.3   114     275     523         
761117 SGMR   8.1    18.8    36.7    46.9    72.7   115     276     518         
761118 SGMR   8.3    22.7    38.8    48.1    75.2   117     277     513         
761119 SGMR  18.9    23.5    46.3    49.0    75.1   118     280     520         
761120 SGMR   9.8    22.7    39.5    48.8    71.6   117     278     516         
761121 SGMR   8.6    21.0    40.4    51.2    69.8   120     278     523         
761122 SGMR   8.1    20.0                    71.3   121     276     521         
761123 SGMR   7.9    20.5    41.1    47.5    71.0   120     276     518         
761124 SGMR   8.7    23.3    38.5    47.5    71.8   118     274     525         
761125 SGMR   8.1    23.5    38.6    46.7    70.1   114     274     519         
761126 SGMR   8.3    22.4    39.0    46.9    69.1   116     275     524         
761127 SGMR   8.0    22.0    36.9    48.4    71.9   117     273     523         
761128 SGMR   7.2            38.0    46.8    71.4   118     273     520         
761129*SGMR   7.8    22.8    36.8    45.7    69.5   117     275     523         
761130 SGMR   8.0    24.1    36.7    45.5    68.9   116     276     525         
761132 SGMR   8.4    20.9    37.5    46.9    70.3   115     274     519         
761201 SGMR   7.8    21.9    38.7    46.6    68.2   114     272     523         
761202 SGMR   7.8    23.0    39.5    47.9    70.1   115     276     521         
761203 SGMR   8.0    22.0            48.5    71.2   117     276     519         
761204*SGMR   8.0    24.0    32.3    49.7    71.0   117     281     516         
761205 SGMR   8.0    22.7    34.2            70.3   115     271     521         
761206 SGMR   7.7    22.6    32.1            70.2   113     275     525         
761207*SGMR   7.7    20.8    32.1    48.9    69.5   113     270     514         
761208 SGMR   9.9    23.1    34.2    49.6    70.1   111     271     528         
761209*SGMR  10.4    24.4    35.3    51.6    73.4   115     270     520         
761210 SGMR   9.2    25.8    34.7    52.3    75.7   117     276     517         
761211*SGMR                                                         514         
761212*SGMR   8.3    20.2    34.1    53.5    77.3   118     269     526         
761213*SGMR                                                         534         
761214 SGMR  13.9    25.7    34.7    54.9    78.8   120             521         
761215 SGMR   9.8    22.6    38.0    53.0    79.4   118     276     526         
761216 SGMR   9.2    23.2    38.5    54.1    77.0   116     272     516         
761217*SGMR   9.6    18.8    32.8    53.0    76.6   120     275     525         
761218*SGMR   9.6    19.3    38.9    49.4    72.6   117     279     518         
761219 SGMR  11.0    25.3    37.0    50.7    72.1   115     279     520         
761220*SGMR   9.3    24.2    36.6    49.5    69.1   112     271     513         
761221*SGMR  10.6    25.6    37.6    50.5    71.2   117     269     535         
761222 SGMR   8.8    23.0    38.3    50.3    72.2   117     273     528         
761223 SGMR   8.7    24.8    38.1    49.2    73.4   117     270     514         
761224 SGMR   9.2    20.0    38.7    48.4    73.0   117     268     521         
761225 SGMR   9.4    24.7    37.6    51.0    73.5   118     270     519         
761226*SGMR   7.9    24.9    36.2    52.1    74.9   120     271     519         
761227 SGMR   7.4    24.4    37.1    49.5    75.2   112     273     518         
761228 SGMR   7.5    27.7    38.4    52.8    74.5   116     272     518         
761229*SGMR   7.4    24.1    39.8    53.9    74.1   119     272     517         
761230 SGMR   7.4    24.0    41.3    57.0    75.2   115     271     518         
761231 SGMR   7.0    21.6    39.8    53.3    75.0   115     272     520         
761232 SGMR   8.8    23.3    36.7    51.2    73.3   116     273     521         

