990101 SGMR  22      49      69     116     143     201     289     520     
990102 SGMR  22      49      69     116     143     201     289     520     
990103 SGMR  26      47      63     113     142     175                     
990104 SGMR  22      47      63     108     131     175     275     501     
990105 SGMR  19      42      60     102     125     170     270     513     
990106 SGMR  29      40      57     102     125     170     290     523     
990107 SGMR  19      40      55      92     107     152     260     505     
990108 SGMR  23      42      58      89     105     153     263     495     
990109 SGMR  15      38      51      86     107     152     257     473     
990110 SGMR  20      29      56      86     104     152     263     505     
990111 SGMR  17      40      54      86     105     153     262     505     
990112 SGMR  19      36      48      83      99     151     257     496     
990113 SGMR  30      40      54      87     107     159     274     434     
990114 SGMR  18      41      59      95     119     174     287     491     
990115 SGMR  18      40      52      97     130     178     260     397     
990116 SGMR  20      43      60     109     139     195     299     507     
990117 SGMR          43      64     114     150     193     289     515     
990118 SGMR  22      44      63     119     156     191     280     493     
990119 SGMR  32     147      69     127     168     212     307     525     
990120 SGMR  40      49      71     127     158     204     303     518     
990121 SGMR  24      47      70     128     158     208     308     521     
990122 SGMR  25      54      71     130     164     218     317     525     
990123 SGMR                  70     119     155     192     304             
990124 SGMR  28      46      64     121     152     180                     
990125 SGMR  23      49      67     115     130     179     303     521     
990126 SGMR  27      48      67     109     121     166     287     513     
990127 SGMR  19      42      64     106     117     166     292     508     
990128 SGMR  19      42      61     100     110     157     252     463     
990129 SGMR  20      43      61      96     110     157     253     493     
990130 SGMR  19      41      58      92     109     160     260     505     
990131 SGMR                          89     105     153     258     509     
990201 SGMR  18      39      55      87     107     157     253     503     
990202 SGMR  17      36      47      80     101     134     213     391     
990203 SGMR  18      39      52      81     100     142     233     507     
990204 SGMR  19      39      50      82     102     145     245     499     
990205 SGMR  19      38      52      79      95     142     246     506     
990206 SGMR  24      39      49      78      95     142     250     482     
990207 SGMR  23      40      51      81     100     150     252     506     
990208 SGMR                  52      87     111     160     262     514     
990209 SGMR  46      47      55      91     121     169     266     508     
990210 SGMR 164      78      76     107     143     202     296     522     
990211 SGMR  31      49      62     111     150     202     295     519     
990212 SGMR  78      47      66     128     173     224     307     521     
990213 SGMR  42      58      71     132     179     223     306     529     
990214 SGMR          78      77     143     192     232     318     543     
990215 SGMR  41      58      70     143     180     222     315     534     
990216 SGMR 136      71      69     144     187     234     324     543     
990217 SGMR  86      72      81     145     184     229     304     535     
990218 SGMR 199      54      75     122     165     181     266     471     
990219 SGMR  26      46      65     124     153     201     281     523     
990220 SGMR  31      51      68     118     149     198     284     529     
990221 SGMR          57      68     114     141     182     285     530     
990222 SGMR  21      47      64     104     125     174     302     521     
990223 SGMR  22      47      65     100     115     159     275     514     
990224 SGMR  18      42      58      97     107     164     260     509     
990225 SGMR  17      40      59      94     106     161     256     457     
990226 SGMR  17      37      54      86     103     150     249     502     
990227 SGMR  17      36      54      83     103     154     256     501     
990228 SGMR  20      39      56      93     120     161     260     506     
990301 SGMR  16      36      53      89     113     163     309     508     
990302 SGMR  27      45      56      96     124     175     320     511     
990303 SGMR  37      45      56      98     127     174     331     517     
990304 SGMR  44      49      60     102     131     180     268     516     
990305 SGMR  29      43      58     101     124     177     265     515     
990306 SGMR  20      42      58      95     120     167     260     506     
990307 SGMR  19      42      59      96     126     144             501     
990308 SGMR  18      39      59      95     119     163     261     514     
990309 SGMR  18      41      59      97     123     167     254     515     
990310 SGMR  19      39      60     101     124     172     263     512     
990311 SGMR  21      42      60     106     128     176     315     500     
990312 SGMR  37      45      56     101     126     165     255     501     
990313 SGMR  21      43      64     114     136     185     277     514     
990314 SGMR  24      44      68     119     146     184     277     512     
990315 SGMR  23      44             108     153     165                     
990316 SGMR  38      45      67     114     144     196     300     525     
990317 SGMR  46      43      65     114     145     188     285     520     
990318 SGMR  21      40      61     110     142     182     253     511     
990319 SGMR  46      55      63     108     135     178     263             
990320 SGMR  20      40      61     102     122     169     270     518     
990321 SGMR  17      40      60      98     120     168     270     513     
990322 SGMR  17      38      56      91     110     155     274     511     
990323 SGMR  17      39      58      88     106     154     214     509     
990324 SGMR  15      37      56      84     103     149     250     481     
990325 SGMR                                                                 
990326 SGMR  16      37      53      82      98     145     263     502     
990327 SGMR  17      37      56      82      99     148     272     505     
990328 SGMR  17      38      51      80      94     141     239     477     
990329 SGMR  20      40      54      83      97     148     263     503     
990330 SGMR  18      36      53      83      97     146     265     490     
990331 SGMR  16      36      51      81      99     148     273     501     
990401 SGMR  17      37      53      81      95     145     247     504     
990402 SGMR  17      39      55      85     104     152     267     506     
990403 SGMR  17      39      56      87     107     161     233     501     
990404 SGMR  25      45      65      96     122     170     238     517     
990405 SGMR                                                                 
990406 SGMR  23      43      60     104     129     179     236     516     
990407 SGMR  27      46      64     111     137     186     243     521     
990408 SGMR  30      42      59     109     154     178     229     524     
990409 SGMR  25      44      66     113     137     190     238     518     
990410 SGMR  18      42      64     110     133     184     237     509     
990411 SGMR  17      41      62     105     126     174             515     
990412 SGMR  18      40      60     106     124     171     235     513     
990413 SGMR                                                                 
990414 SGMR  23      44      62      98     118     166     261     501     
990415 SGMR  24      42      60      97     116     164     250     514     
990416 SGMR  25      41      59      94     118     164     262     508     
990417 SGMR  34      40      55      93     113     161     254     491     
990418 SGMR  19      40      56      87     112     148     247     507     
990419 SGMR  19      40      56      87     112     148     253     498     
990420 SGMR  21      40      53      80      98     159     248     477     
990421 SGMR  31      43      51      78      99     150     248     505     
990422 SGMR  19      38      50      77      99     142     250     499     
990423 SGMR  20      35      49      75      96     143     247     499     
990424 SGMR  19      36      51      76      97     142     249     504     
990425 SGMR  19      39      50      78      97     148     252     503     
990426 SGMR  23      41      50      78     100     141     245     499     
990427 SGMR  17      37      50      79     105     147     253     506     
990428 SGMR  17      35      49      82     105     151     253     508     
990429 SGMR  18      39      52      86     116     173     266     508     
990430 SGMR  16      36      49      88     115     173     263     510     
990501 SGMR  16      35      49      93     122     155     253     512     
990502 SGMR  18      39      57     108     136     158     253     518     
990503 SGMR  18      41      58     104     126     177     268     511     
990504 SGMR  41      42      56     106     130     162     234     459     
990505 SGMR  24      47      57     112     136     168     250     469     
990506 SGMR  25      45      59     117     139     185     275     488     
990507 SGMR  21      44      66     127     155     213     302     519     
990508 SGMR  36      63      68     134     168     233     312     530     
990509 SGMR  48      58      63     141     175     216     302     538     
990510 SGMR          45      63     132     164     189     276     531     
990511 SGMR  20      44      64     127     157     186     279     527     
990512 SGMR  51      49      66     123     149     180     274     527     
990513 SGMR  63      51      65     118     145     191     274     521     
990514 SGMR  66      53      62     117     145     192     275     520     
990515 SGMR  24      40      56     112     141     177     272     521     
990516 SGMR  40      47      60     114     150     186     281     530     
990517 SGMR  35      43      58     110     145     183     293     536     
990518 SGMR  54      49      61     107     137     176     279     523     
990519 SGMR  30      46      61     106     139     191     275     494     
990520 SGMR                         113     139     184     282     511     
990521 SGMR  62      42      57     103     132     171     275     518     
990522 SGMR  22      40      54     104     134     171     276     511     
990523 SGMR  30      42      54     107     136     172     280     518     
990524 SGMR  31      44      58     106     138     180     287     497     
990525 SGMR                         110     147     180     284     526     
990526 SGMR  21      40      59     114     146     186     290     508     
990527 SGMR  19      42      63     124     160     197     303     520     
990528 SGMR  25      41      62     122     150     185     303     522     
990529 SGMR  30      41      60     124     148     182     332     524     
990530 SGMR  22      43      62     125     154     192     309     525     
990531 SGMR          52      66     127     162     201     314     546     
990601 SGMR  31      48      69     139     170     220     305     538     
990602 SGMR  21      46      67     136     171     219     342     542     
990603 SGMR  32      59      73     139     175     226     347     554     
990604 SGMR  63      60      71     134     170     221     362     544     
990605 SGMR  34      59      71     128     163     200     316     549     
990606 SGMR  22      50      63     126     164     199     337     542     
990607 SGMR  58      50      67     124     161     197             551     
990608 SGMR  26      47      68     124     159     197     367     558     
990609 SGMR  20      45      72     123     157     204     388     542     
990610 SGMR  22      41      62     123     153     197     363     547     
990611 SGMR  20      42      65     129     163     211     392     555     
990612 SGMR  21      44      62     125     163     201     388     554     
990613 SGMR  23      39      61     124     169     214             548     
990614 SGMR  25      45      63     121     168     203             544     
990615 SGMR  23      48      63     120     157     195     299     555     
990616 SGMR  19      42      60     117     149     191     302     542     
990617 SGMR  22      43      61     116     147     190     329     521     
990618 SGMR  26      48      62     120     151     197     327     539     
990619 SGMR  19      41      60     112     142     177     321     542     
990620 SGMR  17      41      60     113     141     174     318     546     
990621 SGMR  20      42      62     119     145     186     308     546     
990622 SGMR  24      42      59     120     151     188     325     547     
990623 SGMR  19      42      62     127     165     196     299     548     
990624 SGMR  29      46      67             186     226     283     569     
990625 SGMR  46      49      65     147     200     235     303     565     
990626 SGMR  49      51      68     150     201     232     298     567     
990627 SGMR  25      41      66     148     194     215     244     553     
990628 SGMR  24      43      68     147     188     212             552     
990629 SGMR  39      48      66     147     198     216     265     559     
990630 SGMR  33      49      71     148     200     229     330     567     
990701 SGMR  66      60      73     137     169     162     250     320     
990702 SGMR  26      50      71     144     192     229     333     567     
990703 SGMR  31      55      72     146     186     216     360     568     
990704 SGMR  22      45      62     142     184     223     326     566     
990705 SGMR          56      68     137     173     220     358     560     
990706 SGMR  26      51      67     131     164     207     339     548     
990707 SGMR  39      60      68     128     160     201     357     549     
990708 SGMR  43      54      77     133     151     190     340     558     
990709 SGMR  42      48      68     126     146     191     352     540     
990710 SGMR  21      46      64     126     151     188     375     553     
990711 SGMR                  61     121     152     189     328     557     
990712 SGMR          51      63     120     149     189             556     
990713 SGMR  52      55      67     115     146     185     289     503     
990714 SGMR  26      45      61     107     131     163     277     545     
990715 SGMR  32      45      61     105     127     163     268     539     
990716 SGMR  21      43      62     107     136     169     284     543     
990717 SGMR  21      42      60     109     137     180     308     526     
990718 SGMR  22      43      62     110     137     180             523     
990719 SGMR  20      43      60     116     149     194     322     531     
990720 SGMR  19      41      57     109     139     189     304     539     
990721 SGMR  18      42      59     110     141     182     308     549     
990722 SGMR  16      42      62     115     149     196     304     543     
990723 SGMR  19      43      62     123     175     220     338     570     
990724 SGMR  15      44      65     140     187     222     380     549     
990725 SGMR  17      46      68     139     181     216             558     
990726 SGMR  20      46      68     132     173     220     291     534     
990727 SGMR  16      45      67     132     171     207     317     535     
990728 SGMR  18      47      69     138     177     217     334     566     
990729 SGMR  19      44      67     145     187     233     340     577     
990730 SGMR  24      62      78     149     199     243     295     575     
990731 SGMR  22      48      70     146     197     226     243     544     
990801 SGMR  22      49      72     156     211     259     316     578     
990802 SGMR  20      49      73     154     219     267     315     587     
990803 SGMR          54      73     152     207     264     271     570     
990804 SGMR  19      50      74     151     206     251     258     579     
990805 SGMR  21      49      69     140     192     247             559     
990806 SGMR  27      55      74     138     177     228     249     578     
990807 SGMR  18      43      65     123     151     194     222     553     
990808 SGMR  17      44      63     112     138     177             526     
990809 SGMR  17      41      58     109     137     188             541     
990810 SGMR  17      43      61     102     124     158             535     
990811 SGMR  16      43      62     102     124     175             518     
990812 SGMR  16      42      59     101     122     158             532     
990813 SGMR  16      42      58     100     127     167     213     541     
990814 SGMR  17      42      58     102     127     163     206     524     
990815 SGMR  17      43      57     105     130     171             496     
990816 SGMR  15      41      56     108     134     167             543     
990817 SGMR                         118     133     177             536     
990818 SGMR  15      43      61     110     129     167     214     536     
990819 SGMR  14      41      58     113     132     183     219     545     
990820 SGMR  19      45      65     126     153     198     238     566     
990821 SGMR  18      50      66     128     154     202     238     516     
990822 SGMR                                                                 
990823 SGMR  24      46      69     135     188     212     250     563     
990824 SGMR  16      50      70     145     204     228     251     552     
990825 SGMR  17      50      69     150     207     226     255     547     
990826 SGMR  18      49      70     159     217     239     263     545     
990827 SGMR  17      48      70     167     243     319     313     564     
990828 SGMR  18      44      71     163     227     258     272     549     
990829 SGMR  29      50      67     156     224     252     285     554     
990830 SGMR  26      50      72     143     195     239     276     546     
990831 SGMR  18      48      71     139     180     223     266     548     
990901 SGMR  17      47      66     130     159     189     259     545     
990902 SGMR  17      45      66     127     157     189     222     541     
990903 SGMR  17      45      66     118     139     173     219     540     
990904 SGMR  14      40      58     107     125     160     209     527     
990905 SGMR  17      45      59     102     121     153             510     
990906 SGMR  17      43      56      97     117     157             495     
990907 SGMR  26      46      58      96     119     157     213     513     
990908 SGMR  17      43      57      95     117     174     229     466     
990909 SGMR  21      42      56      96     119     155     245     510     
990910 SGMR  18      39      52      92     118     151     199     381     
990911 SGMR  28      41      56      94     120     155     202     510     
990912 SGMR  15      39      54     103     134     170     175     516     
990913 SGMR  17      43      61     112     148                     516     
990914 SGMR          46             112     154     209     299     497     
990915 SGMR  34      51      66     113     149     200     330     507     
990916 SGMR  18      45      60     108     141     166     260     445     
990917 SGMR  20      48      66     114     152     193     310     451     
990918 SGMR  16      44      62     113     148     189     335     523     
990919 SGMR  16      44      62     113     148     189     335     523     
990920 SGMR  17      43      61     114     141     174             513     
990921 SGMR  18      45      64     113     142     178     355     515     
990922 SGMR  17      44      58     113     139     170     255     464     
990923 SGMR  15      44      63     111     132     170     321     504     
990924 SGMR  16      42      62     108     128     160     222     506     
990925 SGMR  17      41      60     105     120     157     222     507     
990926 SGMR  16      43      62     103     119     167             506     
990927 SGMR  17      44      63     102     117     163             510     
990928 SGMR                                                                 
990929 SGMR  17      45      63     102     120     165     278     500     
990930 SGMR  16      40      59     100     118     160     278     475     
991001 SGMR  16      42      59      98     117     165     321     513     
991002 SGMR  16      53      58      99     124     166     321     510     
991003 SGMR          41      57     109     138     186     280     508     
991004 SGMR  16      44      59     109     137     171     267     478     
991005 SGMR  17      43      63     116     143     181     280     511     
991006 SGMR  15      43      63     119     143     182     270     513     
991007 SGMR  16      44      66     121     143     181     278     509     
991008 SGMR  17      45      66     121     143     188     283     513     
991009 SGMR  15      40      59     119     145     191     284     521     
991010 SGMR  17      43      61     121     153     201     286     484     
991011 SGMR  16      41      59     122     154     199     291     516     
991012 SGMR  17      44      64     125     169     228     301     519     
991013 SGMR  34      51      66     130     184     228     301     510     
991014 SGMR 102      78      66     133     187     242     314     498     
991015 SGMR  36      52      66     129     182     248     319     524     
991016 SGMR  76      77      60     131     179     239     311     516     
991017 SGMR  16      45      62     126     170     216     321     518     
991018 SGMR  17      45      63     122     168     223     219     504     
991019 SGMR  17      44      61     115     159     211     211     466     
991020 SGMR  17      43      59     107     146     180     178     421     
991021 SGMR  17      44      61     110     145     199     212     514     
991022 SGMR  22      49      63     114     156     206     222     519     
991023 SGMR  30      51      63     116     154     212     228     509     
991024 SGMR  23      47      61     115     152     198             504     
991025 SGMR  28      48      60     118     163     217     226     517     
991026 SGMR  21     432      61     128     181     237     236     516     
991027 SGMR  56      66      69     138     188     233     236     513     
991028 SGMR  54      60      66     128     181     210     204     513     
991029 SGMR  32      51      61     128     175     211     226     513     
991030 SGMR  15      31      61     127     162     199     215     508     
991031 SGMR          59      67     127     161     205             507     
991101 SGMR  16      43      62     117     143     186     279     511     
991102 SGMR                                                                 
991103 SGMR  18      44      61     107     135     179     275     502     
991104 SGMR  18      45      64     109     137     185     283     510     
991105 SGMR  17      46      65     114     146     198     285     524     
991106 SGMR  18      44      63     113     146     193     278     515     
991107 SGMR  15      45      64     119     161     211     299     514     
991108 SGMR          55      69     131     180     235     315     522     
991109 SGMR  82      60      72     144     204     264     322     520     
991110 SGMR  45      60      72     158     220     283     323     522     
991111 SGMR  73     285      75     156     232     274     317     518     
991112 SGMR  72      64      73     164     231     276     322     535     
991113 SGMR  20      45      69     156     214     254     321     526     
991114 SGMR          52      72     165     218                     543     
991115 SGMR          63      76     179                     355     539     
991116 SGMR  62     184      76     168     217     285     362     542     
991117 SGMR 115      80      86     163     207     271     337     533     
991118 SGMR  98      68      80     159     207     275     341     531     
991119 SGMR  75      62      80     148     190     252     326     526     
991120 SGMR  22      52      73     143     185     236     318     521     
991121 SGMR          59      75     147     183     233     314     521     
991122 SGMR  24      53      72     140     181     226     307     504     
991123 SGMR          52      72     137     174     225     307     505     
991124 SGMR  27      51      72     132     165     220     309     512     
991125 SGMR  61      53      60     124     163     183     253     408     
991126 SGMR  36      50      61     122     155     189     275     367     
991127 SGMR  19      42      56     124     158     192     265     448     
991128 SGMR          45      62     118     155     206     294     522     
991129 SGMR  26      49      66     122     154     210     297     504     
991130 SGMR  27      50      64     116     150     199     293     506     
991201 SGMR  25      47      64     119     156     201     301     486     
991202 SGMR  24      45      64     119     148     201     293     489     
991203 SGMR  18      45      56     114     142     193     283     497     
991204 SGMR  19      46      62     107     136     176     272     468     
991205 SGMR  20      45      64     109     134     170     264     487     
991206 SGMR  21      48      60     110     132     174     264             
991207 SGMR  18      47      65     116     138     178     276     465     
991208 SGMR  20      49      65     118     143     180     275     500     
991209 SGMR  51      49      69     123     140     188     278     501     
991210 SGMR  19      48      73     131     151     192     282     480     
991211 SGMR  17      45      68     132     149     188     293     482     
991212 SGMR  19      51             131     145     188     284     500     
991213 SGMR  88      61      75     137     155     195     290     502     
991214 SGMR  20      53      78     134     155     198     293     496     
991215 SGMR  18      48      74     137     161     208     299     482     
991216 SGMR  19      50      78     142     177     237     313     511     
991217 SGMR  19      50      75     145     187     243     323     520     
991218 SGMR  23      52      73     150     195     248     340     530     
991219 SGMR  23      53      76     149     189     242     324     506     
991220 SGMR  22      49      72     155     197     250     337     503     
991221 SGMR  86      79      82     147     193     259     336     513     
991222 SGMR  25      55      75     144     192     256     339     513     
991223 SGMR  47      59      72     135     178     234     326     513     
991224 SGMR  35      69      74     130     172     224     323     518     
991225 SGMR  42      60      69     128     176     230     331     505     
991226 SGMR  36      77      74     122     162     215     305     513     
991227 SGMR  19      49      65     116     147     193     291     507     
991228 SGMR  18      37      61     108     140     190     294     500     
991229 SGMR  18      48      63     105     131     181     281     495     
991230 SGMR  18      49      61     101     127     169     269     485     
991231 SGMR                                                                 

