830101 SGMR  15      35      88     118     126     151     278     565         
830102 SGMR  11      37      91     122     127     159     286     572         
830103 SGMR  16      40      95     126     123     161     301     579         
830104 SGMR  12      37      97     136     136     160     301     571         
830105 SGMR  24      45     101     136     150     173     298     578         
830106 SGMR  20      31      89     143     161     172     284     419         
830107 SGMR                                                                     
830108 SGMR  19      38     101     163     152     176     295     582         
830109 SGMR          38     102     137     131     170     308                 
830110 SGMR                                                                     
830111 SGMR  15      32      96     133     136     158     268     540         
830112 SGMR  11      35      81     140     127     160     281     582         
830113 SGMR  15      34      83     126     130     162     300     574         
830114 SGMR  13      37      82     128     140     164     296     591         
830115 SGMR  12      33      79     132     145     167     293     565         
830116 SGMR  12      37      75     110     152     143     269     557         
830117 SGMR  12      32      83     111     143     145     266     583         
830118 SGMR  12      39      95     111     137     145     274     571         
830119 SGMR  13      39     100     104     121     134     268     573         
830120 SGMR  13      40     100     107     119     135     272     582         
830121 SGMR  14      33      86     109     112     142     269     584         
830122 SGMR  20      37      71     103     112     141     257     575         
830123 SGMR  19      33      73     104     112     142     258     502         
830124 SGMR                          97     112     139     270     541         
830125 SGMR                         104     118     149     280     567         
830126 SGMR                         113     132     159     290     580         
830127 SGMR                         116     128     154     291     566         
830128 SGMR                         120     134     153     281     558         
830129 SGMR                         116     143     163     296     564         
830130 SGMR                         129     138     173     287     573         
830131 SGMR                         132     153     179     298     555         
830132 SGMR  15      36      89     122     133     156     283     562         
830201 SGMR                                                                     
830202 SGMR  30      55     137     141     161     192     301     544         
830203 SGMR   7      37      87     129     141     181     295     542         
830204 SGMR  28      60     153     139     159     191     321     557         
830205 SGMR                         140     148     196     328                 
830206 SGMR                         124     154     187     300                 
830207 SGMR                                                                     
830208 SGMR  48      67     141     117     128     153     274     492         
830209 SGMR  30      53     131     112     128     151     271     582         
830210 SGMR          39     102     100     106     138     264     571         
830211 SGMR  22      40     111     117     111     140     263     527         
830212 SGMR                                                                     
830213 SGMR   4      31      85      93     101     127     255     563         
830214 SGMR  12      29      78      82      87     123     247     553         
830215 SGMR  10      30      80      80      80     120     242     553         
830216 SGMR  10      30      83      80      84     121     245     547         
830217 SGMR  11      29      83      85      87     125     248     552         
830218 SGMR  11      30      88      86     100     130     253     558         
830219 SGMR  11      32      87      85      87     127     247     552         
830220 SGMR  12      32      90      90      96     129     252     558         
830221 SGMR  10      30      90      88      99     132     249     556         
830222 SGMR  11      32      86      94      95     136     258     569         
830223 SGMR  11      32      92      96     102     139     261     555         
830224 SGMR  12      31      88     100     109     141     263     552         
830225 SGMR  13      35      97     108     111     145     261     571         
830226 SGMR  13      34      82     112     115     149     273     567         
830227 SGMR  82      41      89     132     128     162     274     578         
830228 SGMR  15      38      93     121     128     159     262     572         
830232 SGMR  23      37      98     106     114     147     268     555         
830301 SGMR  20      41      93     126     144     171     290     578         
830302 SGMR                         125     142     151     242     439         
830303 SGMR                                                                     
830304 SGMR                                                                     
830305 SGMR                                                                     
830306 SGMR                                                                     
830307 SGMR                                                                     
830308 SGMR  15      32      78     110     125     151     270     541         
830309 SGMR  11       7       8     103     123     138     250     518         
830310 SGMR                                                                     
830311 SGMR                          89      98     131     254     542         
830312 SGMR                          90      96     132     256     553         
830313 SGMR  11      29      70      82      88     127     258     551         
830314 SGMR  11      31      70      83      88     125     255     556         
830315 SGMR  13      29      73      85      84     131     254     554         
830316 SGMR  13      29      76      89     102     138     265     566         
830317 SGMR          78              96             147     264     592         
830318 SGMR  17      33      74      98     122     147     261     566         
830319 SGMR                                                                     
830320 SGMR  33      36      84     103     118     151     260     565         
830321 SGMR  56      33      85     102      96     147     269     570         
830322 SGMR  16      35      84     101     112     148     264     576         
830323 SGMR  17      39      84     100      98     144     271     581         
830324 SGMR  14      35      85      99     107     145     262     579         
830325 SGMR  18      33      80     104     113     145     261     576         
830326 SGMR  15      34      84     107     113     143     261     570         
830327 SGMR  14      33      84     103     102     138     257     567         
830328 SGMR                                                                     
830329 SGMR  13      31      80     100      88     128     245     557         
830330 SGMR  13      30      86      94      94     124     241     568         
830331 SGMR  12      30      73      89      92     129     246     561         
830332 SGMR  17      33      76      99     107     140     259     558         
830401 SGMR  13      30      81      91      94     127     261     558         
830402 SGMR  12      30      74      87      95     127     245     560         
830403 SGMR  13      30      71      92      89     129     246     533         
830404 SGMR  14      29      73      86      91     129     246     540         
830405 SGMR  14      27      65      83      92     127     240     559         
830406 SGMR  15      26      65      83      84     127     249     562         
830407 SGMR  15      28      67      84      92     131     253     560         
830408 SGMR  16      28      72      87     103     134     257     492         
830409 SGMR  14      26      65      86     101     133     258     556         
830410 SGMR                                                                     
830411 SGMR   9       9      16      89     105     128     247     433         
830412 SGMR  15      28      73      93     108     132     244     539         
830413 SGMR  14      28      72      91     104     128     249     562         
830414 SGMR                                                                     
830415 SGMR                                                                     
830416 SGMR                                                                     
830417 SGMR                                                                     
830418 SGMR                                                                     
830419 SGMR                                                                     
830420 SGMR  21      39      92     110     115     154     286     573         
830421 SGMR  19      36      74     117     133     156     267     578         
830422 SGMR  19      38      89     118     122     163     277     583         
830423 SGMR  18      33      76     121     132     157     239     542         
830424 SGMR  31      35      83     118     135     156     257     520         
830425 SGMR  19      36      92     120     131     169     287     539         
830426 SGMR  28      35      91     124     144     170     280     581         
830427 SGMR  18      39      97     127     139     164     281     586         
830428 SGMR  17      34      88     134     149     173     276     589         
830429 SGMR                                                                     
830430 SGMR  17      30      81     128     131     162     275     569         
830432 SGMR  17      30      75     103     113     144     260     551         
830501 SGMR  18      35      88     123     129     162     267     570         
830502 SGMR                                                                     
830503 SGMR  20      33      73     117     121     166     283     521         
830504 SGMR                                                                     
830505 SGMR  20      35      86     110     118     151     271     568         
830506 SGMR  16      37      87     116     119     154     283     581         
830507 SGMR  29      34      82     106     111     142     247     571         
830508 SGMR  17      34      83     110     119     155     271     571         
830509 SGMR  14      32      80     109     133     160     276     578         
830510 SGMR  17      36      80     116     149     176     286     579         
830511 SGMR  70      57      84     128     178     194     304     570         
830512 SGMR  82      52      97     127     143     198     315     595         
830513 SGMR  71      49      89     120     145     180     297     475         
830514 SGMR  43      34      66     125     146     184     298     601         
830515 SGMR  19      36      91     125     132     166     286     640         
830516 SGMR  17      36      84     116     128     157     280     565         
830517 SGMR                                                                     
830518 SGMR  18      37      89     121     125     165     284     585         
830519 SGMR  21      38      94     124     129     172     281     592         
830520 SGMR  19      38      96     126     133     183     279     579         
830521 SGMR  32      38      90     130     138     173     272     576         
830522 SGMR  65      35      77     132     141     175     281     580         
830523 SGMR  19      34     102     126     134     166     273     550         
830524 SGMR  19      35     106     127     129     160     276     579         
830525 SGMR  17      36      96                                     583         
830526 SGMR  17      38      92     123     123     156     267     569         
830527 SGMR  17      34      74     117     125     151     259     524         
830528 SGMR  18      34      88     122     123     159     269     574         
830529 SGMR  17      33      89     117     131     165     265     562         
830530 SGMR  18      32      74     102     105     120     186     211         
830531 SGMR  20      34      90     116     128     172             585         
830532 SGMR  28      37      87     120     131     165     275     558         
830601 SGMR  16      31      84     114     116     161     268     570         
830602 SGMR  18      34      86     119     134     172     281     579         
830603 SGMR  18      33      80     116     134     176     285     575         
830604 SGMR  18      35      86     116     136     190     291     542         
830605 SGMR  21      37      94     134     147     222     340     603         
830606 SGMR  80      61     105     148     179     243     348     626         
830607 SGMR  25      37      95     139     187     244     332     620         
830608 SGMR  41      34      83     136     158     215     318     612         
830609 SGMR  38      38      88     122     158     202     307     597         
830610 SGMR  42      40      92     134     144     190     290     603         
830611 SGMR  18      34      88     115     116     168     272     575         
830612 SGMR  17      34      92             130     159     262     568         
830613 SGMR  18      32      79     114     121     150     246     558         
830614 SGMR  19      39      87     110     121     150     263     541         
830615 SGMR  19      32      77     113     118     150     261     568         
830616 SGMR  16      34      84     114     124     154     273     562         
830617 SGMR  17      34      85     111     132     152     263     560         
830618 SGMR  18      35      85     115     121     151     269     565         
830619 SGMR  17      36      84     118     129     152     266     560         
830620 SGMR  17      36      87     122     122     154     266     569         
830621 SGMR  19      37      95     128     133     163     276     566         
830622 SGMR  16      34      79     127     134     165     268     571         
830623 SGMR  23      45     100     131     135     164     271     573         
830624 SGMR  42      44      92     126     123     159     268     561         
830625 SGMR  22      42     104     122     139     163     274     489         
830626 SGMR  17      36      86     127     129     167     288     580         
830627 SGMR  16      34      86     118     123     160     268     565         
830628 SGMR  15      30      75     114     121     157     271     507         
830629 SGMR  19      35      82     113     119     154     272     561         
830630 SGMR  16      34      82     109     113     152     266     568         
830632 SGMR  23      36      87     122     133     171     281     570         
830701 SGMR  15      34      81     106     109     146     264     562         
830702 SGMR  16      34      81     110     117     151     265     556         
830703 SGMR  16      32      80     115     120     154     271     567         
830704 SGMR  15      32      78     115     133     160     274     553         
830705 SGMR  19      33      81     114     125     152     268     557         
830706 SGMR  14      31      81     115     119     151     263     562         
830707 SGMR  15      33      77     113     108     154     271     568         
830708 SGMR                                                                     
830709 SGMR  16      33      71     106      98     146     259     561         
830710 SGMR  17      33      74     104     101     147     260     559         
830711 SGMR  17      35      78     106     104     158     272     576         
830712 SGMR  39      44      86     105     102     153     273     564         
830713 SGMR  16      33      76     104      89     150     263     560         
830714 SGMR  18      34      79     104             150     263     567         
830715 SGMR  21      34      81     108      97     140     255     548         
830716 SGMR  19      37      83     109     118     142     258     550         
830717 SGMR  44      36      85     110     113     140     256     568         
830718 SGMR  28      35      82     110     114     141     264     559         
830719 SGMR  15      31      83     111     125     143     264     563         
830720 SGMR  15      32      83     114     116     148     264     521         
830721 SGMR  15      31      77     116     122     151     268     561         
830722 SGMR  17      40      89     115     129     162     277     551         
830723 SGMR  17      36      83     115     127     158     266     566         
830724 SGMR  84      46      85     116     158     167     286     550         
830725 SGMR  22      36      81     116     133     164     284     572         
830726 SGMR  27      36      85     108     119     156     264     562         
830727 SGMR  18      34      79     104     113     153     249     573         
830728 SGMR  18      34      80     102     118     162     277     574         
830729 SGMR  16      34      80     110     131     183     293     567         
830730 SGMR  17      32      76     113     136     170     277     553         
830731 SGMR  49      38      79     126     151     181     286     576         
830732 SGMR  23      34      80     111     119     154     268     561         
830801 SGMR  24      38      84     125     145     175     278     564         
830802 SGMR  17      31      65     122     141     160     273     554         
830803 SGMR  16      34      77     123     133     166     275     563         
830804 SGMR  18      33      82     118     131     161     270     559         
830805 SGMR  20      34      86     122     138     160     275     556         
830806 SGMR  15      33      76     116     136     164     276     566         
830807 SGMR  16      36      86     115     136     172     281     571         
830808 SGMR  17      36      88     114     134     175     284     579         
830809 SGMR  16      33      76     109     155     171     274     546         
830810 SGMR  17      35      78     116     143     173     286     578         
830811 SGMR  16      33      82     121             174     285     566         
830812 SGMR  17      34      87     129     142     170     283     564         
830813 SGMR  13      34      86     127     140     161     278     579         
830814 SGMR  15      32      81     138     169     176     295     587         
830815 SGMR  15      33      82     124     125     150     274     569         
830816 SGMR  16      34      87     129             154     269     566         
830817 SGMR  14      34      91     122     126     146     269     566         
830818 SGMR                                                                     
830819 SGMR  14      34      70     113     116     138     264     560         
830820 SGMR  15      30      77     111     118     139     263     560         
830821 SGMR  15      32      76     106     113     142     269     565         
830822 SGMR  16      34      78     103     103     140     265     566         
830823 SGMR                                                                     
830824 SGMR  13      30      79      96     105     138     266     556         
830825 SGMR  15      32      78      93     100     134     254     554         
830826 SGMR  14      32      76     100     110     132     242     546         
830827 SGMR  14      29      74      97     100     131     251     544         
830828 SGMR  14      29      72      96      98     130     253     543         
830829 SGMR  15      30      73      96     100     134     263     527         
830830 SGMR  15      31      77      95     103     135     258     551         
830831 SGMR  14      33      76      94     102     134     257     549         
830832 SGMR  16      32      79     113     125     152     270     560         
830901 SGMR  14      30      72      98     111     141     264     553         
830902 SGMR  16      30      63     100     105     141     259     553         
830903 SGMR  15      32      80      98     103     129     249     566         
830904 SGMR  16      36      81      99     106     137     260     555         
830905 SGMR  16      33      75     103     112     143     260     549         
830906 SGMR  26      33      80     104     114     144     258     548         
830907 SGMR  17      32      77     106     113     144     266     550         
830908 SGMR  22      34      82     108     112     144     259     560         
830909 SGMR  16      38      81     109     110     141     262     563         
830910 SGMR  16      31      76     104     105     132     256     543         
830911 SGMR  16      30      75     106     106     138     253     552         
830912 SGMR  14      33      83     110     126     155     282     555         
830913 SGMR  17      34      82      96      94     135     259     613         
830914 SGMR  19      36      80      94     100     137     263     544         
830915 SGMR  31      40      82      95     100     140     270     552         
830916 SGMR  43      41      82      91     103     143     270     542         
830917 SGMR  15      31      74      88     104     139     263     537         
830918 SGMR  15      31      75      86     105     132     257     543         
830919 SGMR  14      33      72      87      93     130     258     529         
830920 SGMR  16      31      72      86      94     130     252     538         
830921 SGMR  15      29      68      87      98     135     260     535         
830922 SGMR  10      27      66      88     100     137     272     542         
830923 SGMR                          93     105     152     274     581         
830924 SGMR  15      30      74      93      99     148     274     593         
830925 SGMR  16      32      79      94     100     146     267     589         
830926 SGMR  13      32      75      96     102     152     268     582         
830927 SGMR  15      32      77     101     111     152     266     590         
830928 SGMR                          98     111     146     266     592         
830929 SGMR                          97     102     140     267     585         
830930 SGMR                                                                     
830932 SGMR  18      32      76      97     105     140     263     560         
831001 SGMR  22      37      79      97     105     148     266     565         
831002 SGMR  19      34      75      97     106     152     266     566         
831003 SGMR                                                                     
831004 SGMR  15      33      76      99     110     156     271     585         
831005 SGMR  23      33      80     103     121     160     286     586         
831006 SGMR  17      34      82     106     127     161     277     592         
831007 SGMR  19      36      87     109     103     158     281     596         
831008 SGMR  22      36      87     111     113     157     280     582         
831009 SGMR  36      39      85     112     109     156     276     580         
831010 SGMR  24      35      84     119     115     160     277     601         
831011 SGMR  19      37      83     118     121     164     271     593         
831012 SGMR  16      32      73     113     110     157     265     570         
831013 SGMR  15      37      87     114     121     173     296     554         
831014 SGMR  16      35      82     110     119     175     299     618         
831015 SGMR                                                                     
831016 SGMR  16      32      75      99     101     161     284     605         
831017 SGMR  20      35      76      95      97     152     282     588         
831018 SGMR  17      31      68      86      89     138     268     587         
831019 SGMR  15      33      73      89      93     142     278     591         
831020 SGMR  15      31      72      87      83     132     274     589         
831021 SGMR  15      30      69      84      79     125     265     589         
831022 SGMR  13      30      71      77      79     121     256     580         
831023 SGMR  18      31      70      79      75     123     257     565         
831024 SGMR  14      30      72      79      73     121     246     536         
831025 SGMR  13      28      70      84      81     122     254     566         
831026 SGMR  14      30      73      79      80     126     262     579         
831027 SGMR  14      31              80      83     126     265     575         
831028 SGMR  15      34      74      79      84     124     256     578         
831029 SGMR  14      29      68      76      78     124     259     571         
831030 SGMR  14      26      50      80      82     124     252     565         
831031 SGMR  15      28      73      83      86     128     262     585         
831032 SGMR  17      32      76      95      97     143     270     581         
831101 SGMR  16      31      76      87      88     130     262     581         
831102 SGMR  15      32      77      85      90     130     261     577         
831103 SGMR  17      32      82      86      90     133     263     565         
831104 SGMR  18      32      72      89      95     136     266     558         
831105 SGMR  17      32      82      88      95     127     238     508         
831106 SGMR  15      31      78      94      94     133     266     555         
831107 SGMR  19      33      83      99     102     138     264     588         
831108 SGMR  18      32      82      97      99     132     258     585         
831109 SGMR  15      30      76      92      84     127     252     570         
831110 SGMR  14      31      77      92      86     132     261     580         
831111 SGMR  17      31      72      86      89     129     264     555         
831112 SGMR  15      29      75      84      83     126     263     577         
831113 SGMR  14      29      71      80      84     123     265     577         
831114 SGMR  14      29      73      83      81     125     268     568         
831115 SGMR  15      28      71      76      85     125     263     576         
831116 SGMR  15      30      70      76      66     120     245     550         
831117 SGMR  15      29      71      73      90     120     258     564         
831118 SGMR  16      28      69      72      75     120     258     578         
831119 SGMR  15      27      67      71      85     116     253     572         
831120 SGMR                                                                     
831121 SGMR  13      28      67      69      83     116     252     558         
831122 SGMR                                                                     
831123 SGMR  18      30      73      77      89     116     258     600         
831124 SGMR  15      29      66      68      82     114     251     524         
831125 SGMR  15      29      65      66      75     108     221     433         
831126 SGMR  14      26      58      68      78     116     255     565         
831127 SGMR  16      29      69      71      80     116     255     564         
831128 SGMR  15      30      68      76      83     121     257     534         
831129 SGMR  16      33      64      77      85     122     254     562         
831130 SGMR  16      32      79      78      91     123     260     575         
831132 SGMR  16      30      73      81      86     124     257     561         
831201 SGMR  15      31      76      77      86     121     258     561         
831202 SGMR  14      30      74      79      85     121     261     568         
831203 SGMR  15      32      74      79      87     122     260     567         
831204 SGMR  17      33      80      87      88     124     262     558         
831205 SGMR  16      31      76      81      83     118     246     523         
831206 SGMR                                                                     
831207 SGMR                                                                     
831208 SGMR  15      31      77      89      95     132     267     581         
831209 SGMR  16      32      79      94     113     135     271     578         
831210 SGMR  15      28      70      88     109     134     261     567         
831211 SGMR  18      27      60      93      95     132     271     562         
831212 SGMR                                                                     
831213 SGMR  15      32      68      84     106     129     256     538         
831214 SGMR  18      29      71      83      94     127     256     525         
831215 SGMR  15      30      69      82     100     126     245     520         
831216 SGMR                                                                     
831217 SGMR  19      31      74      79      92     126     261     572         
831218 SGMR  16      31      70      78      81     124     258     569         
831219 SGMR  17      29      67      77      85     124     260     585         
831220 SGMR  19      32      72      71      79     119     265     568         
831221 SGMR  13      29      63      72      77     117     256     574         
831222 SGMR                                                                     
831223 SGMR                                                                     
831224 SGMR  17      29      60      69      79     118     261     575         
831225 SGMR                          69      80     119     269     571         
831226 SGMR  16      29      68      78      76     118     260     575         
831227 SGMR  17      35      68      74      77     121     262     572         
831228 SGMR  18      30      72      70      77     116     254     547         
831229 SGMR  14      28      68      70      71      86     248     567         
831230 SGMR  13      30      67      73      66      92     257     566         
831231 SGMR  15      29      71      72      78     111     264     581         
831232 SGMR  16      30      71      79      86     120     260     563         

