870101 SGMR   9      20      40      50      66     108     237     472         
870102 SGMR                                                                     
870103 SGMR   8      17      33      44      64      93     211     469         
870104 SGMR   7      18      40      48      63     105     234     457         
870105 SGMR   9      18      35      49      65     106     236     478         
870106 SGMR  10      18      34      49      65     105     242     469         
870107 SGMR                                                                     
870108 SGMR                                                                     
870109 SGMR   6      19      33      47      64     107     237     464         
870110 SGMR  10      18      30      46      60      88     193     379         
870111 SGMR   9      19      33      46      70      98     201     460         
870112 SGMR   9      19      27      47      66     108     236     462         
870113 SGMR   7      18      37      49      67     107     234     477         
870114 SGMR   4      18      35      50      71     109     233     474         
870115 SGMR   5      18      33      50      68     109     241     441         
870116 SGMR   8      19      35      49             108     233     476         
870117 SGMR   9      20      40      50                     240     482         
870118 SGMR  11      19      35      40                     246     478         
870119 SGMR  11      20      31      42                     248     427         
870120 SGMR   9      19      31      49                     237     479         
870121 SGMR   9      19      34      52                     238     489         
870122 SGMR  11      19      35      55                     247     485         
870123 SGMR   8      20      35      51                     241     478         
870124 SGMR   9      20      35      52                     241     486         
870125 SGMR   4      19      36      52                     243     492         
870126 SGMR                                                                     
870127 SGMR   4      18      33      48                     244     488         
870128 SGMR                                                                     
870129 SGMR   8      18      34      49                     239     481         
870130 SGMR   8      19      34      48                     242     476         
870131 SGMR   5      19      33      43              95     208     405         
870132 SGMR   7      18      34      48      65     103     233     466         
870201 SGMR   5      19      35      47             110     243     487         
870202 SGMR   7      19      35      48             108     235     476         
870203 SGMR   8      19      34      47                     233     480         
870204 SGMR   8      18      33      46             108     230     489         
870205 SGMR   9      18      32      46             109     237     489         
870206 SGMR   9      18      33      45             109     237     482         
870207 SGMR   8      19      33      47             109     233     486         
870208 SGMR   8      19      34      47             108     231     484         
870209 SGMR   8      19      34      49             108     237     473         
870210 SGMR   8      19      34      49             110     237     489         
870211 SGMR   9      19      34      48      71     108     238     488         
870212 SGMR  10      20      34      47      66     109     237     487         
870213 SGMR   8      19      34      47      63     107     236     487         
870214 SGMR   9      18      31      47      69     108     241     488         
870215 SGMR   9      20      35      49      69     110     253     489         
870216 SGMR   9      21      36      48      69     109     232     490         
870217 SGMR   9      19      33      48      68     108     236     487         
870218 SGMR   6      21      34      50      69     111     239     489         
870219 SGMR   8      20      36      49      64     111     244     493         
870220 SGMR   7      20      37      50      67     110     238     492         
870221 SGMR   8      19      32      51      69     112     235     491         
870222 SGMR   9      18      35      50      72     111     238     489         
870223 SGMR   9      20      35      51      72     111     243     491         
870224 SGMR   9      18      37      52      80     111     238     489         
870225 SGMR   8      19      36      53      74     114     239     495         
870226 SGMR   9      19      36      52      79     113     243     491         
870227 SGMR   8      19      36      52      72     112     242     495         
870228 SGMR   9      19      36      51      73     112     232     489         
870232 SGMR   8      19      34      48      70     109     237     487         
870301 SGMR   9      17      29      51      74     107     214     385         
870302 SGMR   8      19      36      52      73     105     225     467         
870303 SGMR   8      19      34      51      72     110     245     492         
870304 SGMR   8      20      36      53      73     113     239     488         
870305 SGMR   8      19      35      53      77             238     496         
870306 SGMR   9      19      35      53      73     114     241     493         
870307 SGMR  12      20      34      53      73     115     240     490         
870308 SGMR   9      18      32      53      73     112     224     484         
870309 SGMR   9      20      34      50      73     112     243     487         
870310 SGMR   9      21      32      50      68     110     229     483         
870311 SGMR  10      19      34      50      73     112     245     492         
870312 SGMR   9      18      34      52      77     111     240     494         
870313 SGMR   9      19      34      52      77     111     235     493         
870314 SGMR   9      20      35      54      88     107     247     477         
870315 SGMR   9      19      33      53      81     109     240     483         
870316 SGMR   8      18      33      51      81     111     245     490         
870317 SGMR   9      19      34      53      88     113     240     482         
870318 SGMR   9      20      35      54      76     114     234     493         
870319 SGMR   8      19      35      56      68     112     232     483         
870320 SGMR   8      20      36      57      83     115     238     490         
870321 SGMR   7      20      33      56      67     119     234     486         
870322 SGMR   9      19      33      55      79     115     239     466         
870323 SGMR   9      19      34      56      76     117     238     490         
870324 SGMR  10      18      32      54      71     111     210     493         
870325 SGMR   9      18      34      57      72     117     235     493         
870326 SGMR   9      19      34      57      74     116     240     475         
870327 SGMR   7      20      33      57      79     117     243     483         
870328 SGMR   9      19      32      55      84     118     253     471         
870329 SGMR  18      20      33      56      74     113     233     490         
870330 SGMR   8      18      30      56      74     115     247     487         
870331 SGMR   9      17      30      57      76     111     217     417         
870332 SGMR   9      19      33      53      75     112     236     480         
870401 SGMR   8      16      25      54      76     105     222     472         
870402 SGMR   7      17      34      56      76     120     245     492         
870403 SGMR   8      19      34      55      70     110     217     487         
870404 SGMR   9      19      32      55      72     114     241     486         
870405 SGMR  10      18      35      58      79     114     225     453         
870406 SGMR  14      19      32      61      90     133             456         
870407 SGMR  21      25      34      67      95                     451         
870408 SGMR  19      22      33      59      93     132             450         
870409 SGMR  11      17      35      74      98     146             489         
870410 SGMR  11      20      34      71      99     134     238     491         
870411 SGMR   9      22      36      64     106     134     256     498         
870412 SGMR   8      22      36      72      98     133     259     493         
870413 SGMR                                                                     
870414 SGMR   9      22      41      74     102     140     273     496         
870415 SGMR  76      46      45      76      97     144     267     508         
870416 SGMR  58      33      33              98     153     243     404         
870417 SGMR  13      20      37      72      93     130     227     391         
870418 SGMR   9      20      36      68      96     141     253     450         
870419 SGMR   8      18      31      64      90     132     349     479         
870420 SGMR   7      19      32      63      87     125     258     486         
870421 SGMR   7      18      32      59      81     123     256     482         
870422 SGMR   7      18      33      58      78     120     263     488         
870423 SGMR   7      20      37      60      80     123     256     490         
870424 SGMR   9      19      39      63      80     123     235     486         
870425 SGMR   8      18      36      60      76     121     247     503         
870426 SGMR   6      18      30              73     118     235     496         
870427 SGMR   7      19      30              78     120     239     499         
870428 SGMR   7      17      25              74     118     255     478         
870429 SGMR   9      20      37              74     119     252     494         
870430 SGMR   9      19      37              79     123     242     498         
870432 SGMR  13      20      34      63      85     126     250     477         
870501 SGMR   7      19      32              82     123     238     497         
870502 SGMR   9      20      41              80     124     249     498         
870503 SGMR   8      20      27              80     121     261     492         
870504 SGMR   8      20      31              84     125     250     501         
870505 SGMR  10      18      39     ***      86     123     213     470         
870506 SGMR  11      21      43              88     133     252     456         
870507 SGMR   8      19      35              87     129     241     490         
870508 SGMR   9      21      41              89     128     257     493         
870509 SGMR  10      20      35              88     127     239     493         
870510 SGMR  10      21      33              86     129     233     488         
870511 SGMR  10      23      47              87     128     249     494         
870512 SGMR  11      21      43              89     125     263     459         
870513 SGMR   9      21      41              86     128     239     495         
870514 SGMR  16      26      38              93     131     224     495         
870515 SGMR  12      24      40              94     132     256     457         
870516 SGMR  15      21      40              96     148     262     513         
870517 SGMR  24      23      39              95     135     242     482         
870518 SGMR  15      20      35              96     139     256     493         
870519 SGMR  18      23      44              99     139     272     496         
870520 SGMR  18      22      36             102     137     242     493         
870521 SGMR  21      19      32             105     142     260     496         
870522 SGMR  17      19      38             103     147     243     496         
870523 SGMR  12      21      26              92     138     242     490         
870524 SGMR  24      23      43              99     137     271     462         
870525 SGMR  11      22      37             100     141     262     491         
870526 SGMR  11      20      37              92     136     248     502         
870527 SGMR  10      19      36              86     132     246     498         
870528 SGMR  18      22      35              83     124     251     489         
870529 SGMR  10      19      37              81     123     224     483         
870530 SGMR   9      18      39              77     117     213     486         
870531 SGMR   9      18      29              78     118     220     483         
870532 SGMR  12      20      37     ***      89     130     245     488         
870601 SGMR                                                                     
870602 SGMR   8      19      32              69      94     221     361         
870603 SGMR   8      20      35              79     119     232     502         
870604 SGMR   8      16      33              76     113     204     468         
870605 SGMR   9      20      37              76     119     219     486         
870606 SGMR   9      19      35              81     120     245     500         
870607 SGMR   9      18      20              79     119     242     492         
870608 SGMR   9      20      34              81     120     225     481         
870609 SGMR  16      19      30              77     121     237     494         
870610 SGMR   9      20      39              80     121     254     501         
870611 SGMR  10      20      37              84     123     263     456         
870612 SGMR  10      20      37              84     123     263     456         
870613 SGMR  10      20      32              84     125     219     485         
870614 SGMR  10      20      32     ***      82     119     209     481         
870615 SGMR   9      20      32              79     121             488         
870616 SGMR   8      21      38              78     121             490         
870617 SGMR  10      19      34              82     120             501         
870618 SGMR   9      19      29              82     117     214     490         
870619 SGMR   9      19      38              82     122     238     487         
870620 SGMR  10      18      29              82     122     240     496         
870621 SGMR  10      20      35              83     120     262     485         
870622 SGMR  13      22      40              88     130     248     468         
870623 SGMR  11      21      43              88     129     253     478         
870624 SGMR  14      21      32              90     122     247     498         
870625 SGMR   9      11      14      64      87     134     254     491         
870626 SGMR  10      13      25      63      88     127     265     499         
870627 SGMR   8       8      13      60      79     110     202     462         
870628 SGMR  10      16      37      60      80     120     244     496         
870629 SGMR   9      18      38      49      78     121     251     496         
870630 SGMR   9      20      31      58      76     117     244     484         
870632 SGMR   9      18      32     ***      81     120     238     481         
870701 SGMR   7      15      31      55      76     119     262     486         
870702 SGMR   9      15      30      54      92     113     236     479         
870703 SGMR   9      21      35      53      72     122     225     457         
870704 SGMR   9      21      43      55      74     117     252     488         
870705 SGMR   9      21      42      55      71     116     260     491         
870706 SGMR  10      22      39      53      73     117     242     496         
870707 SGMR   9      21      39      55      79     114     220     495         
870708 SGMR   9      22      40      55      75     118     241     485         
870709 SGMR   9      22      39      59      77     114     228     484         
870710 SGMR  10      23      39      55      78     116     229     485         
870711 SGMR  10      22      41      56      73     117     235     487         
870712 SGMR  10      22      38      55      78     119     224     484         
870713 SGMR  10      23      39      55      75     116     239     478         
870714 SGMR  10      23      40      57      78     120     254     490         
870715 SGMR  13      23      42      60      78     119     257     498         
870716 SGMR  11      25      42      60      85     122     255     490         
870717 SGMR  13      25      44      60      81     120     253     493         
870718 SGMR  12      24      43      61      83     116     252     483         
870719 SGMR  11      24      42      63      83     122     253     487         
870720 SGMR  13      27      46      72      93     132     256     488         
870721 SGMR  13      25      44      70      95     132     246     478         
870722 SGMR  11      26      49      77     106     140     235     507         
870723 SGMR  12      26      49      82     116     146     247     501         
870724 SGMR  12      26      48      82     117     150     253     506         
870725 SGMR  11      25      48      80     114     149     239     496         
870726 SGMR  10      24      44      80     109     141     240     428         
870727 SGMR  10      24      43      78     108     134     234     495         
870728 SGMR  10      23      43      75     103     132     238     495         
870729 SGMR  10      23      46      73      99     132     250     507         
870730 SGMR  10      24      41      70      91     126     257     496         
870731 SGMR   9      24      44      69      88     128     263     500         
870732 SGMR  10      22      41      64      87     125     244     488         
870801 SGMR  10      24      43      69      83     129     256     504         
870802 SGMR  10      24      41      67      82     128     258     493         
870803 SGMR  10      23      43      63      84     132     249     471         
870804 SGMR   9      23      42      62      84     123     238     489         
870805 SGMR   9      22      39      61      81     122     262     473         
870806 SGMR   9      22      39      62      83     132     250     499         
870807 SGMR   8      21      36      64      92     153     277     481         
870808 SGMR  11      23      40      66      93     139     256     494         
870809 SGMR  14      25      41      66      90     137     266     492         
870810 SGMR  12      26      44      66      96     141     257     493         
870811 SGMR  20      27      58      72     102     149     250     503         
870812 SGMR  12      25      48      71      98     144     265     501         
870813 SGMR  11      25      42      72     100     147     282     505         
870814 SGMR  14      25      39      73      98     147     278     503         
870815 SGMR  13      24      42      71      99     142     270     493         
870816 SGMR  13      26      45      73      99     141     249     485         
870817 SGMR  12      25      46      74      99     136     246     480         
870818 SGMR  11      25      46      74      96     136     243     488         
870819 SGMR  12      25      44      76     101     135     253     487         
870820 SGMR  12      26      45      77     110     143     258     495         
870821 SGMR  14      24      43      69      86     133     251     490         
870822 SGMR  12      27      44      69      91     140     288     491         
870823 SGMR  11      26      48      68      90     130     270     491         
870824 SGMR  11      25      47      67      88     128     259     497         
870825 SGMR  13      26      42      66      96     129     262     500         
870826 SGMR  11      25      41      64      89     128     247     484         
870827 SGMR  12      23      29      51      75     117     239     430         
870828 SGMR                                                                     
870829 SGMR  11      21      40      60      77     113     238     462         
870830 SGMR  10      21      37      61      79     120     235     494         
870831 SGMR   9      24      40      62      80     123     251     496         
870832 SGMR  11      24      42      67      90     133     256     488         
870901 SGMR  11      22      39      66      89     126     246     499         
870902 SGMR  11      23      40      63      83     121     241     477         
870903 SGMR  14              43      64      88     125     241     481         
870904 SGMR  18      24      42      67      88     124     259     495         
870905 SGMR  17      23      44      68      94     127     266     496         
870906 SGMR  12      22      41      66      96     133     261     488         
870907 SGMR  24      23      37      69     104     146     273     476         
870908 SGMR  27      25      42      69      98     144     253     463         
870909 SGMR  11      23      41      70      97     141     246     478         
870910 SGMR  12      22      42      71      96     143     253     494         
870911 SGMR  10      24      44      71      97     143     253     483         
870912 SGMR  11      24      45      67      92     130     261     494         
870913 SGMR  11      22      43      66      89     122     235     424         
870914 SGMR  10      23      43      67      85     119     231     488         
870915 SGMR  11      24      46      66      84     121     260     495         
870916 SGMR  10      22      40      65      83     122     250     476         
870917 SGMR  11      24      45      67      86     123     246     492         
870918 SGMR  11      23      43      63      83     122     244     422         
870919 SGMR  11      22      41      64      83     119     253     466         
870920 SGMR  10      23      39      64      82     120     238     489         
870921 SGMR  12      23      40      62      81     121     245     488         
870922 SGMR  12      23      44      63      83     123     250     477         
870923 SGMR  10              39      59      79     122     238     492         
870924 SGMR  11      22      42      61      79     111     255     496         
870925 SGMR  10      22      41      60      75     122     240     494         
870926 SGMR   9      21      39      57      79     119     221     495         
870927 SGMR   9      23      40      59      80     118     250     502         
870928 SGMR   9      22      40      60      82     114     251     491         
870929 SGMR  10      21      39      59      83     120     228     492         
870930 SGMR   9      21      37      64      84     116     260     489         
870932 SGMR  12      22      41      64      86     125     248     483         
871001 SGMR   9      21      39      62      81     118     317     472         
871002 SGMR  10      22      40      64      82     121     258     496         
871003 SGMR  10      22      40      69      92     122     247     488         
871004 SGMR  10      22      41      65      87     122     275     486         
871005 SGMR  15      24      42      68      91     123     259     491         
871006 SGMR  13      22      42      67      86     125     255     496         
871007 SGMR  11      23      43      70      92     126     290     497         
871008 SGMR  12      24      44      73      95     121     249     509         
871009 SGMR  12      25      46      74      97     131     297     508         
871010 SGMR  10      24      45      75      95     137     260     501         
871011 SGMR  10      24      45      74      98     144     250     466         
871012 SGMR  11      24      47      74     106     119     271     508         
871013 SGMR  26      28      46      79     108     151     281     510         
871014 SGMR  38      34      53      81     110     154     278     507         
871015 SGMR                          81     119     159     272     512         
871016 SGMR  23      28      48      77     107     150     258     500         
871017 SGMR  13      25      45      76     100     142     264     496         
871018 SGMR  15      27      44      77     103     135     262     504         
871019 SGMR  13      25      45      73      96     134     258     499         
871020 SGMR  11      24      44      72      95     134     267     503         
871021 SGMR  11      24      43      69      89     123     250     500         
871022 SGMR  10      23      43      67      91     131     255     505         
871023 SGMR  10      23      43      66      84     122     250     483         
871024 SGMR  10      24      42      66      86     129     251     498         
871025 SGMR  10      23      42      67      90     135     262     509         
871026 SGMR  10      22      42      69      97     153     268     494         
871027 SGMR  10      23      45      75     100     162     263     503         
871028 SGMR  13      24      44      77     105     138     250     492         
871029 SGMR  14      26      44      75      98     143     256     505         
871030 SGMR  30      32      49      80     104     142     254     504         
871031 SGMR  55      28      46      79      96     130     256     503         
871032 SGMR  15      24      44      72      96     134     263     498         
871101 SGMR  20      26      47      77     102     111     256     500         
871102 SGMR  32      27      49      82     100     154     268     503         
871103 SGMR  14      28      48                                     501         
871104 SGMR  11      28      46      78      99     125     251     525         
871105 SGMR  11      26      45      78      92     136     256     517         
871106 SGMR                                                                     
871107 SGMR  11      27      49      75      84     126     268     531         
871108 SGMR  10      23      41      50      90     130     255     496         
871109 SGMR   9      24      38      56      87     130     250     491         
871110 SGMR  10      27      47      69      83     122     252     469         
871111 SGMR  11      27      45      70      86     122     268     499         
871112 SGMR  10      27      45      70      83     122     262     492         
871113 SGMR  11      27      44      70      89     126     263     517         
871114 SGMR  10      26      44      69      84     128     263     514         
871115 SGMR  12      27      45      71      85     132     267     524         
871116 SGMR  11      27      46      70      90     134     262     519         
871117 SGMR  11      27      46      72      88     126     245     510         
871118 SGMR  11      21      44      74      85     130     253     522         
871119 SGMR  11      27      47      77      98     139     268     526         
871120 SGMR  12      26      50      81     101     159     276     458         
871121 SGMR  11      27      49      80     104     152     295     535         
871122 SGMR  12      27      50      83     106     147     278     533         
871123 SGMR  11      26      49      81      99     145     279     524         
871124 SGMR  11      26      47      86     100     138     264     523         
871125 SGMR  11      26      48      81      98     130     269     514         
871126 SGMR  12      27      48      77      92     124     243     446         
871127 SGMR  12      26      48      74      91     127     285     519         
871128 SGMR                          71      84     123     270     516         
871129 SGMR   9      10      20      73      88     126     276     512         
871130 SGMR                          69      81     117     237     420         
871132 SGMR  12      25      45      73      91     131     263     505         
871201 SGMR  11      24      44      68      78     120     252     519         
871202 SGMR  11      23      44      67      83     121     254     473         
871203 SGMR  10      24      44      67      84     121     267     518         
871204 SGMR  10      44      45      65      87     120     261     496         
871205 SGMR  10      25      44      66      87     122     266     449         
871206 SGMR  14      28      45      66      82     122     273     521         
871207 SGMR  10      39      45      65      90     121     269     521         
871208 SGMR  10      32      44      68      84     126     254     511         
871209 SGMR  10      25      45      71      82     127     263     510         
871210 SGMR  11      30      44      68      85     129     251     520         
871211 SGMR  11      28      47      69      88     118     238     411         
871212 SGMR  12      30      46      70      87     125     271     514         
871213 SGMR  11      24      46      67      83     126     266     517         
871214 SGMR  12      28      40      67      87     125     269     520         
871215 SGMR  16      28      49      71      87     129     264     512         
871216 SGMR  13      28      44      79      87     126     257     518         
871217 SGMR  13      27      48      73      90     125     262     523         
871218 SGMR                          71      92     122     271     499         
871219 SGMR  14      36      49              83     124     285     516         
871220 SGMR  13      23      49      66      79     102     177     290         
871221 SGMR  14      31      50      72      86     125     257     508         
871222 SGMR  13      30      46      70      84     122     255     509         
871223 SGMR  13      41      47      71      87     129     255     509         
871224 SGMR  16      41      50      71      81     127     293     511         
871225 SGMR  23      40      49      77      88     138     258     461         
871226 SGMR  58      49      49      75      95      97     165     418         
871227 SGMR  22      35      48              93     137     274     517         
871228 SGMR  31      49      49      72      99     129     267     508         
871229 SGMR  17      51      49      81      94     131     279     472         
871230 SGMR  21      54      51      80     102     130     275     509         
871231 SGMR  24      44      51      79      91     131     264     517         
871232 SGMR  15      33      46      70      87     124     258     493         

