820101 SGMR                         175             193     297     565         
820102 SGMR                                                         598         
820103 SGMR                         181             197     315     586         
820104 SGMR                         168             179     277     501         
820105 SGMR                                                         588         
820106 SGMR          44      80     157             184     303     577         
820107 SGMR          41      78     163             191     295     554         
820108 SGMR          37     102     148             180     306     587         
820109 SGMR                                                                     
820110 SGMR          47     120                                     555         
820111 SGMR          57     118     128             165     296     569         
820112 SGMR          63     115     121             165     294     560         
820113 SGMR                         116             160     276     526         
820114 SGMR          53     102     117             159     292     565         
820115 SGMR          45      90     124             167     287     512         
820116 SGMR                         132     155     173     291     559         
820117 SGMR                                                                     
820118 SGMR          51     123     146     175     187     312     593         
820119 SGMR          58     124     156     174     190     291     592         
820120 SGMR          47     100     147     168     183     278     587         
820121 SGMR                                                                     
820122 SGMR                                                                     
820123 SGMR                                                                     
820124 SGMR          46      98                                     589         
820125 SGMR          50     121     158             198     298     604         
820126 SGMR          42     102     163             212     305     608         
820127 SGMR          45     108     158     188     213     307     565         
820128 SGMR                                                                     
820129 SGMR                                                                     
820130 SGMR                                                                     
820131 SGMR                                                                     
820132 SGMR          48     105     148     172     183     296     570         
820201 SGMR                                                                     
820202 SGMR                         225             304     375     671         
820203 SGMR          49      74     218     244     280     356     847         
820204 SGMR          52             211     225     283     375     666         
820205 SGMR          46     134     195     219     288     385     615         
820206 SGMR          48     128     187     223     300     382     644         
820207 SGMR          55     154     180     213     284     383     637         
820208 SGMR          49     125     198     225     301     386     648         
820209 SGMR          54     131     185     212     265     348     637         
820210 SGMR          47     134     169     188     262     361     638         
820211 SGMR          52     158     172     192     264     376     591         
820212 SGMR          48     111     169     185     249     336     568         
820213 SGMR          57     132     169     180     251     346     607         
820214 SGMR          48     123     149     165     224     311     601         
820215 SGMR          42     112     150     159     218     299     595         
820216 SGMR          90     127     143     150     205     298     590         
820217 SGMR          63     117     136     146     191     286     602         
820218 SGMR          63     129     143     148     197     283     500         
820219 SGMR          71      81     144     155     207     287     521         
820220 SGMR                                                                     
820221 SGMR          46      59     138     144     189     282     576         
820222 SGMR          52      70     145     144     186     288     603         
820223 SGMR          44      54     153     152     193     287     608         
820224 SGMR                                                                     
820225 SGMR          62      93     166     167     200     318     611         
820226 SGMR          53      84     181     179     213     303     615         
820227 SGMR          51     105     192     215     233     321     624         
820228 SGMR          50      98     188     218     235     319     615         
820232 SGMR          62     110     172     185     240     332     617         
820301 SGMR          64     118     198     229     247     326     617         
820302 SGMR          48      91     201     225     252     315     614         
820303 SGMR          46      94     194     227     236     315     631         
820304 SGMR          45      96     204     249     254     331     627         
820305 SGMR          44      87     197     260     274     324     626         
820306 SGMR          45      93     192     248     246     325     630         
820307 SGMR          50      86     181     232     232     304     548         
820308 SGMR                                                                     
820309 SGMR          42      88     167     202     203     302     603         
820310 SGMR          38      83     165     189     192     292     616         
820311 SGMR          43      76     161     188     189     284     604         
820312 SGMR          39      68     166     191     194     283     568         
820313 SGMR          44      74     164     190     203     291     585         
820314 SGMR          45                                             620         
820315 SGMR          52      88     174     225     231     305     627         
820316 SGMR          46      93     189     240     255     326     619         
820317 SGMR          67     100     188     236     252     317     615         
820318 SGMR          90     108     184     239     258     322     611         
820319 SGMR          55      84     176     230     248     320     626         
820320 SGMR          52      86     173     226     242     318     621         
820321 SGMR          60      90     166     223     240     321     613         
820322 SGMR          55      90     171     218     234     326     628         
820323 SGMR          54      88     167     203     228     328     643         
820324 SGMR          52      87     162     197     221     327     645         
820325 SGMR          48      91     162     198     220     317     640         
820326 SGMR          45      73                                     631         
820327 SGMR          57     119     181     204     227     347     641         
820328 SGMR          56     105     177     204     226     333     624         
820329 SGMR          51      98     188     200     235     333     636         
820330 SGMR          57      94     182     197     217     321     618         
820331 SGMR          50      89     164     185     209     319     602         
820332 SGMR          51      91     178     216     230     317     618         
820401 SGMR          45      85     158     179     205     312     631         
820402 SGMR          49      93                                     607         
820403 SGMR  15      47      91     152     161     190     292     602         
820404 SGMR  19      46      84     150     156     180     287     591         
820405 SGMR  14      59      97                                     641         
820406 SGMR                                                                     
820407 SGMR  14      50     108     154     168     184     309     618         
820408 SGMR  13      45      91                                     614         
820409 SGMR  14      47      90     159     171     181     275     602         
820410 SGMR  14      44      87     168     180     195     288     610         
820411 SGMR  14      45      92     161     183     204     300     612         
820412 SGMR  17      51      92     165     188     212     302     524         
820413 SGMR  16      49      91     159     173     195     293     589         
820414 SGMR  16      47     114     154     158     182     275     583         
820415 SGMR  15      38             142     154     176     274     600         
820416 SGMR  12      41      82     142     148     172     264     593         
820417 SGMR  20      46      89     134     118     171     271     577         
820418 SGMR  19      45      83     127             175     274     584         
820419 SGMR                         132     143     166     267     575         
820420 SGMR  16      43      79     129     143     165     267     584         
820421 SGMR  14      43      84     131     143     167     275     555         
820422 SGMR  32      49      85     142     163     193     280     599         
820423 SGMR  19      43      93     141     172     208     288     594         
820424 SGMR  14      43      90     138             202     278     580         
820425 SGMR  11      42      87     148     188     196     274     584         
820426 SGMR  13      42      88     148     172     191     277     567         
820427 SGMR  12      40      87     143     163     185     278     573         
820428 SGMR  13      43      82     141     162     180     294     563         
820429 SGMR  15      43      87     136     151     179     275     589         
820430 SGMR  14      45      87     133     144     177     275     576         
820432 SGMR  16      45      90     146     162     185     282     590         
820501 SGMR                                                                     
820502 SGMR                                                                     
820503 SGMR  15      43      89     127     138     168     264     591         
820504 SGMR  16      46      92     132     137     167     265     591         
820505 SGMR                                                                     
820506 SGMR  28      51      92     133     149     169     264     584         
820507 SGMR  40      49      89     136     147     174     260     577         
820508 SGMR  54      53      91     135     146     176     266     583         
820509 SGMR  16      45      96     129     145     164     283     615         
820510 SGMR  15      41      85     124     126     157     259     572         
820511 SGMR  14      43      82     119     129     161     261     585         
820512 SGMR  13      42      78     117     128     159     257     590         
820513 SGMR  15      39      71     116     125     153     255     573         
820514 SGMR  13      37      82     119     125     156     257     577         
820515 SGMR  53      42      78     120     129     156     258     566         
820516 SGMR  14      41      77     120     131     159     259     560         
820517 SGMR  14      42      90     130     136     163     262     592         
820518 SGMR  14      43      86     133     141     165     270     582         
820519 SGMR  14      41      88     137     150     184     274     584         
820520 SGMR                         154             195     298     586         
820521 SGMR  14      43      95     140     177     200     295     606         
820522 SGMR  14      40      85     137     164     181     274     588         
820523 SGMR  13      44      90     140     166     182     276     581         
820524 SGMR  13      39      73     132     154     163     278     561         
820525 SGMR  14      44      84     126     149     164     264     578         
820526 SGMR  13      43      83     135     157     170     277     584         
820527 SGMR  17      48      91     146     167     198     289     596         
820528 SGMR  14      52      96     141     158     197     309     590         
820529 SGMR  15      39      78     142     158     185     291     581         
820530 SGMR  15      40      69     133     124     163     276     569         
820531 SGMR  12      36      62     128     126     159     257     557         
820532 SGMR  19      43      84     131     144     171     271     582         
820601 SGMR  14      46      84     125     121     156     253     580         
820602 SGMR  30      40      75     128     120     151     231     483         
820603 SGMR  12      43      85     128     128     178     278     595         
820604 SGMR                                                                     
820605 SGMR  14      40      79     132     153     205     312     604         
820606 SGMR  41      45      76     123     140     181     307     591         
820607 SGMR  16      43      71                                     588         
820608 SGMR  15      46      84     141     151     200     296     599         
820609 SGMR  23      48      87     139     150     211     290     607         
820610 SGMR  28      54      91     144     186     226     306     609         
820611 SGMR  35      62      99     166     198     263     342     646         
820612 SGMR   0      67     107     177     223     314     405     683         
820613 SGMR  39      56     103     169     220     273     400     641         
820614 SGMR  18      51      91     175     216     266     408     630         
820615 SGMR  36      63     111     174     212     253     352     619         
820616 SGMR  37      69     104     159     195     241     340     592         
820617 SGMR  61      56      88     159     190     240     307     557         
820618 SGMR  41      68     109     159     187     224     323     591         
820619 SGMR  20      62     103     170     189     231     325     594         
820620 SGMR  53      71     104     167     185     235     317     610         
820621 SGMR  18      77     109     164     194     235     343     591         
820622 SGMR  28      58     102     158     184     225     309     614         
820623 SGMR  33      59     103     150     176     200     291     594         
820624 SGMR  23      54     102     146     157     183     289     588         
820625 SGMR  20      49      91     137     145     167     229     514         
820626 SGMR  18      37      93     123     133     167     273     572         
820627 SGMR  16      34      89     115     113     150     260     580         
820628 SGMR  18      33      83     107     112     148     261     577         
820629 SGMR  15      32      81     104     123     133     261     550         
820630 SGMR  12      33      81     109     111     131     239     576         
820632 SGMR  36      51      93     145     165     206     305     592         
820701 SGMR  19      32      83     107     105     130     227     569         
820702 SGMR                         101             132     235     572         
820703 SGMR  12      32      81     109     107     135     239     568         
820704 SGMR  17      34      83     105      98     137     248     569         
820705 SGMR  18      33      83     108     110     140     251     579         
820706 SGMR   9      37      76     116     107     145     238     574         
820707 SGMR  14      34      86     119     128     156     268     583         
820708 SGMR  15      37      88     131     137     166     267     579         
820709 SGMR  15      48      91     147     172     202     326     595         
820710 SGMR  33      42      89     154     197     240     372     631         
820711 SGMR  21      40      96     168     223     252     361     619         
820712 SGMR  98      48     114     200     248     280     381     627         
820713 SGMR  35      43     178     191     238     314     419     630         
820714 SGMR  27      48     138     220     289     326     405     570         
820715 SGMR  21      42     105     205     263     291     386     621         
820716 SGMR  17      44     110     203     250     293     361     581         
820717 SGMR                                                                     
820718 SGMR  23      40     115     198     240     251     313     604         
820719 SGMR  19      42     117     200     236     246     320     620         
820720 SGMR  25      38      99     173     196     200     283     544         
820721 SGMR                                                                     
820722 SGMR  37      36      85     109     111     142     237     572         
820723 SGMR                                                                     
820724 SGMR  12              87     103     112     142     250     587         
820725 SGMR  14      34      83     101     107     136     247     564         
820726 SGMR  14      33      81      93      95     131     241     546         
820727 SGMR  19      33      76      88     103     125     248     563         
820728 SGMR  10      33      68      93      80     119     199     503         
820729 SGMR  16      35      74      88      94     121     234     558         
820730 SGMR  18      32      76     100     115     141     255     557         
820731 SGMR  16      35      77      97     110     139     251     567         
820732 SGMR  22      37      94     137     158     186     288     580         
820801 SGMR  17      34      82     103     118     146     252     561         
820802 SGMR  24      36      83     124     139     172     278     589         
820803 SGMR  16      43      93     130     144     187     287     592         
820804 SGMR  19      36      86     139     165     187             598         
820806 SGMR  17      42      97     170     191     219     310     618         
820807 SGMR  18      42     113     188     202     231     320     598         
820808 SGMR  18      40     118     185     225     236     317     612         
820809 SGMR  17      34      92                                     398         
820810 SGMR  15      38     110     187     200     201     298     591         
820811 SGMR  28      39     113     186     199     194     290     605         
820812 SGMR  21      41     108     192     196     198     297     598         
820813 SGMR  19      42     113     170     189     190     289     604         
820814 SGMR  20      40     102     153     163     182     290     595         
820815 SGMR  35      47     109     158     166     183     287     586         
820816 SGMR  24      47     111     146     155     181     279     589         
820817 SGMR  77      48     107     144     153     189     285     597         
820818 SGMR  25      44     104     129             191     307     592         
820819 SGMR                                                                     
820820 SGMR  63      69     105     125     141     174     282     564         
820821 SGMR  21      39      89     116     141     169     278     579         
820822 SGMR  18      39      88     117     133     167     284     578         
820823 SGMR  17      38      93     118     134     178     289     576         
820824 SGMR  24      45      92     112     131     173     273     566         
820825 SGMR  45      47      85     122     157     189     290     574         
820826 SGMR  29      48      95     130     153     192     294     573         
820827 SGMR  74      57      99     148     179     218     310     595         
820828 SGMR  51      15     102     143     191     221     312     590         
820829 SGMR  28      44     102     149     159     216     303     600         
820830 SGMR  23      45     107     151     159     199     304     596         
820831 SGMR  26      44     115     155     154     204     298     570         
820832 SGMR  29      45     100     146     164     192     293     582         
820901 SGMR  24      46     115     166     174     215     311     592         
820902 SGMR  17      40     102     152     142     196     294     585         
820903 SGMR  16      41     112     147     162     187     292     586         
820904 SGMR  20      43     116     165     208     209     291     588         
820905 SGMR  18      42     110     159     159     195     289     577         
820906 SGMR  17      40     108     150     143     184     292                 
820907 SGMR  17      43     108     153     149     188     307                 
820908 SGMR  19      41     115     158     165     220     301                 
820909 SGMR  21      43     119     159     176     191     299                 
820910 SGMR  17      42     106     146     118     176     280     585         
820911 SGMR  13      40     105     146     140     174     281     574         
820912 SGMR                                                                     
820913 SGMR  20      39      93                                     565         
820914 SGMR                                                                     
820915 SGMR                         123     160     168     290     553         
820916 SGMR                         135     146     169     280     562         
820917 SGMR                         144     142     166     277     581         
820918 SGMR  16      38      94     130     156     176     273     575         
820919 SGMR  93      55     116     153     155     188     306     598         
820920 SGMR  16      40      93     130     140     171     275     548         
820921 SGMR  13      37      91     132     130     169     278                 
820922 SGMR   6      37      90     135     146     169     275     562         
820923 SGMR  16      35      88     141     149     180     287     566         
820924 SGMR                                                                     
820925 SGMR  14      41     106     150     167     183     293     568         
820926 SGMR  15      42     107     160     181     210     309                 
820927 SGMR  30      54     105     176     182     203     298     555         
820928 SGMR                                                                     
820929 SGMR  47      60     123     177     193     219     301     576         
820930 SGMR  25      49     123     181     202     220     302     573         
820932 SGMR  22      42     106     151     159     189     291     573         
821001 SGMR                                                                     
821002 SGMR  68      66     140     190     225     238     341     593         
821003 SGMR  21      47     122     170     187     219     325     584         
821004 SGMR  15      44     107     164     165     202     312     598         
821005 SGMR  18      42     110     151     160     186     304     585         
821006 SGMR  15      38      99     135     143     176     282     590         
821007 SGMR  14      40     102     132     133     163     273     573         
821008 SGMR  16      36      88     128     134     162     259     542         
821009 SGMR  17      34      83     127     130     155     251     549         
821010 SGMR  16      39      95     135     130     157     268     560         
821011 SGMR  17      37      96     124     126     160     269     589         
821012 SGMR  15      41      94     127     129     163     262     576         
821013 SGMR  14      37      98     132     138     164     283     574         
821014 SGMR  14      37      97     129     141     172     293     575         
821015 SGMR  11      37      92     126     129     163     287     581         
821016 SGMR   9      35      95     122     128     158     279     578         
821017 SGMR  13      37      93     125     140     157     278     591         
821018 SGMR  20      47      98     125     144     166     283     586         
821019 SGMR  19      40      91     121     137     169     285     589         
821020 SGMR  22      44     105     125     145     183     304     590         
821021 SGMR                                                                     
821022 SGMR  15      37     100     147     157     199     332     599         
821023 SGMR  17      40     102     156     189     206     319     613         
821024 SGMR  48      49     110     168     192     213     320     617         
821025 SGMR  14      41     112     164     184     217     354     618         
821026 SGMR  24      44     117     171     182     209     315     600         
821027 SGMR  17      42     120     197     199     222     336     615         
821028 SGMR  18      53     127     170     194     197     310     605         
821029 SGMR  24      48     124     166     176     197     310     598         
821030 SGMR  29      41     112     159     174     187     303     598         
821031 SGMR  16      38     102     150     200     183     294     575         
821032 SGMR  20      41     105     146     159     184     298     588         
821101 SGMR  16      38     104     147     149     178     291                 
821102 SGMR  25             100     140     147     179     296     576         
821103 SGMR  19              97     138     140     167     298     570         
821104 SGMR  13      36      93     138     133     163     261     546         
821105 SGMR  16      37      89     129     124     147     248     496         
821106 SGMR  16      40     103     140     153     166     295     597         
821107 SGMR  23      46      94     129     143     150     285     584         
821108 SGMR  20      38      96     130     143     152     246     562         
821109 SGMR                                                                     
821110 SGMR  24      56      96     138     146     182     308     597         
821111 SGMR  30      38     101     137     144     183     304     597         
821112 SGMR  66      55     109     147     159     193     310     585         
821113 SGMR  21      36      84     134     154     191     283     399         
821114 SGMR  32      39      93     130     150     190     315     592         
821115 SGMR  28      31      73     133     166     198     317     475         
821116 SGMR  21      34      90     126     161     193     314     577         
821117 SGMR  19      38      93     131     152     180     302     590         
821118 SGMR                                                                     
821119 SGMR  19      38      99     144     162     212     332     602         
821120 SGMR  40      41      99     153     178     216     327     590         
821121 SGMR   8      44     107     159     190     234     354     580         
821122 SGMR  66      72     147     187     215     265     390     604         
821123 SGMR  34      47     107     161     186     216     365     598         
821124 SGMR  24      48     113     158     177     198     327     541         
821125 SGMR  19      42     108     150     170     188     326     600         
821126 SGMR  20      38     108     153     161     194     329     603         
821127 SGMR  21      40     102     141     144     182     323     598         
821128 SGMR  20      39     104     141     158     177     316     589         
821129 SGMR  32      39      95     141     151     186     309     504         
821130 SGMR  31      42      91     138     165     185     275     560         
821132 SGMR  29      42     100     143     158     188     309     567         
821201 SGMR  19      42      96     142     181     184     308     565         
821202 SGMR  21      43     103     142     157     187     287                 
821203 SGMR                                                                     
821204 SGMR                         158     189     219     317     580         
821205 SGMR  31      56     109     169     203     244     359     592         
821206 SGMR  27      46     109     169     211     239     349     594         
821207 SGMR  34      52     119     189     234     294     420     657         
821208 SGMR  28      46     120     215     218     309     431     686         
821209 SGMR  28      45     121     200     275     285     403     639         
821210 SGMR  40      54     139     211     267     311     473     665         
821211 SGMR  85      49     121     196     261     290     423     617         
821212 SGMR          55     132     195     234     264     404     599         
821213 SGMR  56      51     136     202     221     262     406     637         
821214 SGMR                                                                     
821215 SGMR  26      50     120     204     214     238     380     616         
821216 SGMR  25      46     121     193     234     258     371     616         
821217 SGMR                                                                     
821218 SGMR  22      45     119     168     180     209     369     626         
821219 SGMR  19      50     140     173     206     244     428     661         
821220 SGMR  18      40     112     151     156     185     340     591         
821221 SGMR  17      35      90     144     134     175     319     567         
821222 SGMR  15      41     106     142     164     188     315     588         
821223 SGMR                                                                     
821224 SGMR  16      35      90     139     153     180     308     421         
821225 SGMR  21      38      92     137     160     186     290     450         
821226 SGMR                                                                     
821227 SGMR  61      40     102     137     157     187     293     578         
821228 SGMR  18      42      93     130     146     179     285     557         
821229 SGMR  31      43      93     129     152     168     267     572         
821230 SGMR  16      36      91     125     130     161     289     564         
821231 SGMR  16      36      89     121     117     154     287     580         
821232 SGMR  33      44     111     165     191     223     351     593         

