000101 SGMR  14      40      58     101     123     167     266     489     
000102 SGMR  14      43      55     103     119     164     259     454     
000103 SGMR  13      43      62     104     124     156             464     
000104 SGMR  12      41      52     104     123     166     266     435     
000105 SGMR  11      43      64     105     124     167     274     497     
000106 SGMR  14      45      66     109     131     175     285     503     
000107 SGMR  15      45      68     112     137     180     286     499     
000108 SGMR  21      49      72     119     144     189     289     517     
000109 SGMR  17      50      72     123     146     192     282     504     
000110 SGMR  17      49      73     125     150     193     280     481     
000111 SGMR  17      48      75     130     162     209     291     505     
000112 SGMR  17      51      78     141     183     221     305     524     
000113 SGMR  16      49      77     146     190     228     307     481     
000114 SGMR  17      52      79     159     194     240     325     579     
000115 SGMR  18      50      78     152     193     238     316     578     
000116 SGMR          50      76     148     192     223     297     539     
000117 SGMR  19      50      75     149     181     218     313     575     
000118 SGMR                                                                 
000119 SGMR  26      52      73     138     167     203     305     566     
000120 SGMR  26      57      69     127     157     202     307     568     
000121 SGMR  25      53      67     122     152     198     309     559     
000122 SGMR  24      48      64     117     146     193     303     574     
000123 SGMR  17      44      62     109     133     179     288     547     
000124 SGMR  22              63     107     127     177     276     548     
000125 SGMR  19      49      56     102     130     177     272     417     
000126 SGMR  25      51      53     102     138     167     276     512     
000127 SGMR  21      46      61      97     130     167     276     526     
000128 SGMR  16      43      57      96     119     159     273     534     
000129 SGMR  17      43      61      98     118     157     261     554     
000130 SGMR  15      42      60     101     118     161     262     550     
000131 SGMR  15      45      63     104     126     168     275     523     
000201 SGMR  16      45      65     108     130     172     270     558     
000202 SGMR  16      45      68     113     133     179     286     561     
000203 SGMR  16      45      69     119     140     109     288     565     
000204 SGMR  16      47      72     126     148     194     296     564     
000205 SGMR  19      46      70     132     152     193     285     567     
000206 SGMR  17      49      75     143     168     198     299     578     
000207 SGMR  19      53      80     146     171     214     303     581     
000208 SGMR  18      50      79     145     169     208     306     578     
000209 SGMR  21      49      78     141     164     209     300     577     
000210 SGMR  19      46      75     141     161     200     299     550     
000211 SGMR  16      45      64     137     168     201     300     522     
000212 SGMR  17      46      77     134     154     192     295     572     
000213 SGMR  14              67     128     148     184     280     567     
000214 SGMR  15      44      63     126     145     169     255     466     
000215 SGMR  16      46      71     129     147     185     278     567     
000216 SGMR  17      46      70     125     148     197     291     559     
000217 SGMR  19      44      64     116     141     183     286     566     
000218 SGMR  23      43      66     107     133     177     278     552     
000219 SGMR  15      45      64      87     118     139     205     361     
000220 SGMR  17      45      63     112     145     198     292     564     
000221 SGMR  17      44      63     112     142     197     288     569     
000222 SGMR  58      49      65     120     160     210     293     577     
000223 SGMR  26      48      65     127     170     227     309     580     
000224 SGMR  34      55      70     134     178     228     311     581     
000225 SGMR  56      61      77     144     195     250     327     527     
000226 SGMR  44      55      70     147     205     260     334     512     
000227 SGMR  43      56      73     154     210     276     341     553     
000228 SGMR  28      60      75     152     202     263     324     552     
000229 SGMR ***       9      82     155     206     283     349     588     
000301 SGMR                                                                 
000302 SGMR 125     100      94     154     198     270     357     598     
000303 SGMR  59      61      83     154     193     258     338     584     
000304 SGMR  64      69      86     152     188     246     328     587     
000305 SGMR  41      62      86     165     214     262             608     
000306 SGMR  59      61      73     156     202     260     331     596     
000307 SGMR  22      58      81     154     210     270     335     596     
000308 SGMR  20      52      83     153     205     255     337     588     
000309 SGMR  18      51      77     148     197     243     318     589     
000310 SGMR  18      50      77     149     202     257     335     581     
000311 SGMR  18      49      80     149     195     263     364     576     
000312 SGMR  21      51      67     145     192     256     354     550     
000313 SGMR  20      48             137     186     234     326     577     
000314 SGMR  18      47      71     131     175     234     316     575     
000315 SGMR  18      49      72     127     168     225     300     576     
000316 SGMR  19      47      71     125     165     225     307     570     
000317 SGMR  20      50      77     127     178     230     321     575     
000318 SGMR  23      53      73     135     186     245     322     579     
000319 SGMR                         145     220                     596     
000320 SGMR                  76     146     200     257     327     580     
000321 SGMR  29      58      80     159     217     279     350     576     
000322 SGMR  26      65      81     161     218     282     353     597     
000323 SGMR  39      62      83     165     213     263     326     603     
000324 SGMR  33      68      84     161     206     253     319     597     
000325 SGMR  47      53      81     153     197     234     306     581     
000326 SGMR          53      79     158     205     239     318     594     
000327 SGMR  17      48      78     159     197     243     312     596     
000328 SGMR  15      49      70     154     191     224     291     518     
000329 SGMR  21      48      78     157     195     228     305     593     
000330 SGMR  18      50      81     162     195     241     318     589     
000331 SGMR  26      51      84     172     216     267     338     605     
000401 SGMR  21      50      81     168     207     250     313     591     
000402 SGMR  24      51      82     168     204     250     316     589     
000403 SGMR  26              79     162     204     246     316     573     
000404 SGMR  24      53      81     159     201     251     319     577     
000405 SGMR  25      55      76     150     185     229     303     585     
000406 SGMR  20      53      76     144     172     223     303     569     
000407 SGMR  17      48      75     143     171     203     294     583     
000408 SGMR  17      47      75     147     178     217     303     585     
000409 SGMR  22      49      74     139     170     200     285     582     
000410 SGMR  17      49      76     142     170     208     296     584     
000411 SGMR  17      50      76     145     169     212     302     582     
000412 SGMR  17      54      75     143     165     207     296     580     
000413 SGMR  17      45      73     142     160     201     294     579     
000414 SGMR  17      46      74     144     159     199     291     575     
000415 SGMR  32      50      74     141     159     199     290     565     
000416 SGMR  17      52      73     135     153     196     284     559     
000417 SGMR          50      78     133     155     193             571     
000418 SGMR  39      50      73     132     154     200     288     568     
000419 SGMR  41      56      71     131     160     202     294     554     
000420 SGMR  91      53      74     135     167     223     304     587     
000421 SGMR  26      42      81     133     199     235     310     554     
000422 SGMR  19      52      69     136     178     207     254     501     
000423 SGMR          58      73     146     191     249     307     541     
000424 SGMR          51      80     149     198     265     337     580     
000425 SGMR  71      84      87     148     199     272     337     590     
000426 SGMR ***      67      63     128     193     207     263     484     
000427 SGMR 113      61      71     141     186     240     324     556     
000428 SGMR  34      50      72     140     178     248     317     550     
000429 SGMR 153      89      75     135     171     231     317     575     
000430 SGMR                  73     132     169     214     301     579     
000501 SGMR  26      52      67     121     151     205     297     572     
000502 SGMR  25     330      68     120     149     198     290     551     
000503 SGMR  18      45      66     115     139     185     279     574     
000504 SGMR  15      42      65     109     127     169     268     564     
000505 SGMR  15      41      63     109     129     162     270     567     
000506 SGMR  15      43      64     108     123     162     259     555     
000507 SGMR  15      42      64     108     125     166     259     549     
000508 SGMR  16      43      65     114     135     175     269     584     
000509 SGMR  16      43      64     120     143     176     275     589     
000510 SGMR  16      47      68     125     156     203     294     556     
000511 SGMR  37      48      72     134     176     230     303     577     
000512 SGMR  29      51      71     136     182     231     309     597     
000513 SGMR  35      53      72     148     210     265     324     583     
000514 SGMR  27      52      74     164     240     287     342     614     
000515 SGMR                                                                 
000516 SGMR                                                                 
000517 SGMR                                                                 
000518 SGMR 101      78      91     177     250     313     357     587     
000519 SGMR  78      80      90     171     245     307     346     546     
000520 SGMR 160      83      85     179     262     311     359     605     
000521 SGMR          53      78     168     229     290     335     568     
000522 SGMR          50      71     158     217     255     321     590     
000523 SGMR  46      48      70     149     199     245     312     585     
000524 SGMR  24      50      70     144     192     244     321     555     
000525 SGMR  18      43      65     133     170     211     296     578     
000526 SGMR  18      43      65     129     171     211     292     585     
000527 SGMR  18      45      65     124     162     200     281     591     
000528 SGMR  20      46      64     121     158     191     277     572     
000529 SGMR  28      46      63     116     146     191     284     565     
000530 SGMR  17      43      62     115     147     185     281     568     
000531 SGMR  19      39      63     117     147     189     280     570     
000601 SGMR  18      40      62     115     146     195     289     578     
000602 SGMR  19      43      67     117     145     202     296     573     
000603 SGMR  19      44      64     120     151     209     305     593     
000604 SGMR  24      46      68     127     169     215     306     601     
000605 SGMR  18      51      69     132     169     216     310     588     
000606 SGMR                  76     139     180     195                     
000607 SGMR                  72     144             224     308     575     
000608 SGMR  19      47      69     139     173     219     302     582     
000609 SGMR  28      47      65     139     170     203     286     575     
000610 SGMR                                                                 
000611 SGMR  18      49      76     147     182     223     299     578     
000612 SGMR  18      50      74     147     188     236     320     569     
000613 SGMR  23      50      74     154     192     239     310     593     
000614 SGMR  30      37      73     156     202     240     308     583     
000615 SGMR  28      59      78     153     202     248     317     575     
000616 SGMR  20      53      74     152     199     244     314     582     
000617 SGMR  20      48      70     148     193     244     310     629     
000618 SGMR                  80     147     186     236     300     593     
000619 SGMR          54             146     182     229     307     600     
000620 SGMR  17      46      70     146     183     224     300     609     
000621 SGMR  16      44      71     147     184     213     289     605     
000622 SGMR  15      45      68     144     184     224     297     611     
000623 SGMR  24      46      70     139     177     217     304     596     
000624 SGMR  15      47      67     134     172     206     295     591     
000625 SGMR          50      69     131     171     211     291     603     
000626 SGMR  21      50      69     135     176     224     296     598     
000627 SGMR  23      54      74     134     174     225     306     606     
000628 SGMR  20      53      67     132     169     212     297     602     
000629 SGMR  20      52      67     125     162     212     298     596     
000630 SGMR  17      49      68     126     160     199     291     591     
000701 SGMR  16      46      66     130     163     210     286     597     
000702 SGMR  16      46      64     128     162     197     276     598     
000703 SGMR  20      44      62     131     160     205     290     597     
000704 SGMR  21      48      62     129     162     192     284     582     
000705 SGMR  35      51      71     134     167     211     297     608     
000706 SGMR  54      70      76     139     172     217     297     611     
000707 SGMR  54      62      74     148     185     229     304     615     
000708 SGMR  67      78      74     156     205     251     329     638     
000709 SGMR          55      73     156     209     261     339     621     
000710 SGMR                  78     170     235     284     337     639     
000711 SGMR  91      89      86     175     247     298     368     654     
000712 SGMR  77      76      84     183     260     329     390     659     
000713 SGMR  47      68      84     175     240     306     380     677     
000714 SGMR  28      68      84     164     203     252     332     619     
000715 SGMR  59      57      79     162     214     269     335     615     
000716 SGMR                  79     176     228     271     337     601     
000717 SGMR                  84     181     226     262     331     626     
000718 SGMR  98     102     100     193     251     272     330     618     
000719 SGMR  28      60      87     197     258     291     358     641     
000720 SGMR  43      87      87     198     264     309     376     634     
000721 SGMR  56      86     103     194     262     305     370     634     
000722 SGMR  54      61      88     193     268     308     366     624     
000723 SGMR          60      83     172     227     267     332     603     
000724 SGMR          58      84     170     229     275     337     605     
000725 SGMR ***      58      77     157     213     250     324     595     
000726 SGMR  18      51      74     141     176     223     303     540     
000727 SGMR  15      49      70     133     167     204     281     562     
000728 SGMR  21      56      73     131     164     203     296     570     
000729 SGMR  22      52      70     129     157     200     287     571     
000730 SGMR  21      49      65     128     154     191     286     542     
000731 SGMR  16      48      68     128     150     187     283     550     
000801 SGMR          44      60     129     153     182     266     543     
000802 SGMR  16      49      70     132     154             291     563     
000803 SGMR  16      48      71     132     154     181     286             
000804 SGMR  14      48      69     130     154     183     288     663     
000805 SGMR  16      48      70     138     158     187     287     644     
000806 SGMR  19      51      73     140     168     192     290     644     
000807 SGMR                  68     138     169     192     294     623     
000808 SGMR  41      57      74     142     173     199     298     637     
000809 SGMR  99     125      87     150     186     207     309     638     
000810 SGMR  18      56      77     146     184     207     295     640     
000811 SGMR  18      55      79     152     189     200     301     646     
000812 SGMR  16      53      76     164     209     213     311     653     
000813 SGMR  19              80     163     189     215     314     628     
000814 SGMR  15      50      71     161     193                     587     
000815 SGMR  20      52      79     171     198     223     310     628     
000816 SGMR  16      53      82     165     193     979     303     620     
000817 SGMR  18      53      81     155     186     210     303     635     
000818 SGMR  16      51      79     152     171     208     293     613     
000819 SGMR  16      48      74     138     158     192     283     610     
000820 SGMR  16      48      72     130     154     191     289     621     
000821 SGMR  16      51      69     127     152     188     283     614     
000822 SGMR  16      48      67     116     145     182     280     611     
000823 SGMR  24      49      67     112     140     188     287     609     
000824 SGMR  21      48      63     105     129     177     279     602     
000825 SGMR  20      45      62     106     140     180     273     602     
000826 SGMR  17      42      58     107     141     176     270     597     
000827 SGMR  19      49      64     115     148     188     276     599     
000828 SGMR                  68     121             206     296     614     
000829 SGMR  21      53      71     130     171     202     287     613     
000830 SGMR  31      63      69     130     170     207     291     600     
000831 SGMR  45      52      70     132     165     245     285     598     
000901 SGMR  17      50      67     131     171     237     282     570     
000902 SGMR  17      49      67     130     152     220     258     583     
000903 SGMR  16      51      68     130     153     227     283     597     
000904 SGMR  16      51      71     135     165     255     304     612     
000905 SGMR  18      55      73     142     182     271     310     630     
000906 SGMR  33      74      73     140     180     259     301     626     
000907 SGMR  18      52      73     140     176     256     301     622     
000908 SGMR  17      51      67     136     164     244     293     614     
000909 SGMR  16      51      71     130     154     235     285     608     
000910 SGMR  15      48      68     125     139             282     607     
000911 SGMR  15      49      71     119     134             276     593     
000912 SGMR  16      50      74     121     135     212     275     589     
000913 SGMR  15      48      70     115     130     203     269     594     
000914 SGMR  58      71      75     120     145     237     292     611     
000915 SGMR 422      88      76     123     159     263     301     595     
000916 SGMR 106      63      68     125     167     268     303     617     
000917 SGMR  19      50      67     128     183     294     319     619     
000918 SGMR                                                                 
000919 SGMR  23      52      68     136     204     351     348     618     
000920 SGMR  26      55      77     145     213     370     351     616     
000921 SGMR  17      57      87     142     198     306     370     574     
000922 SGMR  38      75      77     146     203     328     387     573     
000923 SGMR  42      76      85     144     199     300     350     553     
000924 SGMR 193     123      75     148     197     289     339     522     
000925 SGMR          54      79     148     200     279     339     567     
000926 SGMR  47      66      79     148     192     255     308     537     
000927 SGMR  58      64      78     144     180     240     323     569     
000928 SGMR  38      63      80     144     175     237     315     560     
000929 SGMR  23      53      80     146     169     222     314     583     
000930 SGMR  20      51      79     148     168     207     300     569     
001001 SGMR  33      57      82     155     186     217     310     574     
001002 SGMR          54      83     157     178     224     321     573     
001003 SGMR  20      51      79     151     169     210     300     547     
001004 SGMR  18      51      79     151     168     206     288     539     
001005 SGMR  17      49      75     141     157     194     284     515     
001006 SGMR  18      48      70     132     140     177     278     520     
001007 SGMR  17      47      74     129     139     182     292     547     
001008 SGMR          44      71     122     129     177     284     548     
001009 SGMR  36      44      71     114     127     172     286     528     
001010 SGMR  24      46      68     112     121     169     279     540     
001011 SGMR  19      45      66     114     127     174     280     528     
001012 SGMR  22      46      67     122     138     191     299     557     
001013 SGMR  17      43      67     129     145     191     289     553     
001014 SGMR  16      41      64     129     146     189     294     555     
001015 SGMR  16      41      62     130     141     187     291     549     
001016 SGMR  15      40      60     126     137     171     252     453     
001017 SGMR  16      43      67     124     132     176     282     513     
001018 SGMR  16      43      67     126     135     170     274     519     
001019 SGMR  16      43      70     131     138     172     281     540     
001020 SGMR  16      44      70     132     140     180     286     548     
001021 SGMR  17      44      71     132     140     177     276     549     
001022 SGMR  17      46      74     134     139     185     283     548     
001023 SGMR  17      47      74     138     146     181     279     542     
001024 SGMR  18      45      72     135     141     178     283     533     
001025 SGMR  15      45      72     138     146     187     296     550     
001026 SGMR  17      44      70     136     154     193     299     549     
001027 SGMR  17      45      73     137     154     203     301     548     
001028 SGMR  18      49      79     144     168     207     313     559     
001029 SGMR  34      55      83     146     171     212     315     559     
001030 SGMR  20      50      78     149     171     211     316     546     
001031 SGMR  18      48      71     152     166     185     278     511     
001101 SGMR  53      59      85     185     185     210     313     553     
001102 SGMR  17      46      81     168     172     195     299     555     
001103 SGMR  19      46      79     162     164     200     298     543     
001104 SGMR  17      46      78     163     171     202     301     549     
001105 SGMR  17      47      72     153     158     179                     
001106 SGMR  17      45      78     148     155     193     298     533     
001107 SGMR  16      47      75     141     159     193     297     555     
001108 SGMR                                                                 
001109 SGMR                                                                 
001110 SGMR                                                                 
001111 SGMR  16      40      57     114     126     171     284     505     
001112 SGMR  20      43      68     110     124     177     283     528     
001113 SGMR          44      64     107     124     171     285     527     
001114 SGMR  24      44      64     113     128     174     277     507     
001115 SGMR  17      40      63     113     131     173     282     531     
001116 SGMR  19      44      62     117     132     176     285     536     
001117 SGMR  24      46      64     122     142     179     282     528     
001118 SGMR  23      50      74     133     149     197     297     540     
001119 SGMR          50      74     137     152     199     302     540     
001120 SGMR  27      50      75     136     154     195     300     535     
001121 SGMR  49      61      79     141     155     194     300     542     
001122 SGMR  47      64      75     148     166     211     323     538     
001123 SGMR  38      66      79     155     171     223     332     540     
001124 SGMR 215      98      87     159     178     224     344     559     
001125 SGMR 238     135     111     157     176     234     342     564     
001126 SGMR                         158     175     200                     
001127 SGMR  73      53      81     153     166     207     311     534     
001128 SGMR  30      53      89     153     168     210     304     544     
001129 SGMR  21      50      80     151     164     205     311     551     
001130 SGMR  37      57      68     148     165     194     291     471     
001201 SGMR  40      54      81     143     154     186     297     545     
001202 SGMR  27      46      72     131     144     181     297     530     
001203 SGMR  17      44      69     127     141     183     301     546     
001204 SGMR  17      44      66     115             176     291     543     
001205 SGMR  18      48      64     109     125     175     286     531     
001206 SGMR  18      45      62     104     120     175     295     542     
001207 SGMR  20      41      62     105     121     176     290     543     
001208 SGMR  17      41      62     102     120     175     289     517     
001209 SGMR  16      42      63      98     113     166     286     531     
001210 SGMR  17      43      65     106     117     168     279     534     
001211 SGMR  17      43      65     107     122     162     278     499     
001212 SGMR  17      42      65     115     126     175     274     481     
001213 SGMR  17      42      67     118     134     180     296     535     
001214 SGMR  19      45      56     124     150     174     262     474     
001215 SGMR  21      43      68     132     154     190     300     541     
001216 SGMR  19      45      74     143     166     198     310     534     
001217 SGMR  20              75     145     166     205     307     510     
001218 SGMR  21              75     144     163     212     330     547     
001219 SGMR  20      51      78     145     168     213     325     552     
001220 SGMR  21      50      78     148     171     215     329     543     
001221 SGMR  20      48      78     148     167     220     334     542     
001222 SGMR  20      48      76     147     162     220     334     527     
001223 SGMR  20      47      75     144     163     228     330     554     
001224 SGMR  19      49      78     145     163     223     329     540     
001225 SGMR  17      44      73     136     148     198     311     525     
001226 SGMR  20      50      79     140     158     213     326     552     
001227 SGMR  22      48      78     138     162     220     337     555     
001228 SGMR  22      51      77     136     159     214     319     529     
001229 SGMR  23      50      72     130     149     206     316     529     
001230 SGMR  23      49      71     128     149     211     318     527     
001231 SGMR  20      49      75     126     144     204     306     529     

