010101 SGMR                                                                 
010102 SGMR  15      44      67     120     144     196     305     530     
010103 SGMR  27      46      70     122     145     189     296     537     
010104 SGMR  17      44      67     124     148     196     304     523     
010105 SGMR  15      43      68     123     147     194     302     527     
010106 SGMR  24      50      69     126     150     197     301     521     
010107 SGMR          47      65     127     148     190     298     533     
010108 SGMR  19      46      68     128     143     186     295     539     
010109 SGMR  15      42      62     123     139     182     292     539     
010110 SGMR  14      41      65     124     139     181     297     539     
010111 SGMR  18      43      69     128     144     184     295     540     
010112 SGMR  18      43      66     132     152     196     300     531     
010113 SGMR  17      42      67     130     153     197     295     533     
010114 SGMR                  68     126     147     188     288     536     
010115 SGMR  17      37                     161     170                     
010116 SGMR  12      39      56     116     132     177     289     506     
010117 SGMR  16      42      65     111     127     173     279     531     
010118 SGMR  14      40      65     113     130     182     296     531     
010119 SGMR  15      42      61     113     139     180     276     462     
010120 SGMR  14      43      67     112     125     175     289     498     
010121 SGMR  14              63     111     129     179     302     520     
010122 SGMR  15      41      67     117     137     184     291     537     
010123 SGMR          44             125     141     184     292     533     
010124 SGMR  17      44      72     130     147     186     289     544     
010125 SGMR  21      47      69     128     141     184     286     541     
010126 SGMR  17      42      68     127     138     182     284     531     
010127 SGMR  16      41      66     126     140     188     290     533     
010128 SGMR  17                     131     149     192     299     545     
010129 SGMR  17      42      69     126     137     183     285     542     
010130 SGMR  16      40      57     116     135     172     265     481     
010131 SGMR  15      40      64     116     130     176     284     548     
010201 SGMR  15      41      69     120     135     185     288     543     
010202 SGMR  15      39      65     120     136     186     293     545     
010203 SGMR  15      38      62     122     141     185     297     544     
010204 SGMR  16      40      66     124     139     184     298     542     
010205 SGMR  26      43      67     129     143     184     299     541     
010206 SGMR  21      42      65     130     146     190     291     540     
010207 SGMR  16      40      66     126     135     177     281     544     
010208 SGMR  15      40      65     127     138     174     287     537     
010209 SGMR  15      39      62     124     135     175     280     504     
010210 SGMR  15      43      69     127     137     179     290     545     
010211 SGMR  15              68     120     129     173     293     541     
010212 SGMR  15      40      63     112     119     170     286     536     
010213 SGMR  23      45      65     109     120     166     275     535     
010214 SGMR  13      40      62     103     114     163     280     520     
010215 SGMR  17      40      65     104     115     163     274     538     
010216 SGMR  14      40      62      99     111     158     266     525     
010217 SGMR  14      37      62     100     109     154     270     521     
010218 SGMR  15      38      62      99     110     158     282     531     
010219 SGMR  16      39      65     103     117     157     268     532     
010220 SGMR  16      39      68     110     124     171     278     533     
010221 SGMR  14      43      68     110     122     168     273     531     
010222 SGMR  14      37      61     111     126     171     284     521     
010223 SGMR  17      40      67     113     122     187     281     537     
010224 SGMR  15      39      62     105     117     175     281     535     
010225 SGMR  15      40      64     101     118     179     183     375     
010226 SGMR  15      40      64     105     116     161     255     530     
010227 SGMR  14      37      62     104     116     164     265     533     
010228 SGMR  15      40      64     105     114     169     281     532     
010301 SGMR  14      34      58     100     112     166     282     530     
010302 SGMR  14      38      58      99     109     167     280     527     
010303 SGMR  14      38      58     106     120     175     282     534     
010304 SGMR  15      37      58     104     121     178     285     540     
010305 SGMR                                                                 
010306 SGMR                                                                 
010307 SGMR  29      53      53     117     148     214     313     502     
010308 SGMR  24      55      68     119     148     212     300     570     
010309 SGMR  16      42      65     114     139     199     290     537     
010310 SGMR  15      39      60     113     139     201     296     544     
010311 SGMR  17      41      60     111     134     197     285     538     
010312 SGMR  16      42      64     116     140     196     287     549     
010313 SGMR  15      37      54     108     128     178     278     511     
010314 SGMR  15      37      62     108     126     177     276     532     
010315 SGMR  15      37      60     105     120     176     273     532     
010316 SGMR  14      37      62     106     120     172     271     532     
010317 SGMR  20      40      60     105     118     176     275     532     
010318 SGMR  20      40      62     106     119     177     274     533     
010319 SGMR  15      38      64     107     126     186     283     543     
010320 SGMR  18      43      66     110     131     203     294     545     
010321 SGMR  56      48      65     111     134     206     296     549     
010322 SGMR  15      36      54     114     142     178     215     502     
010323 SGMR  44      39      66     126     156     231     318     554     
010324 SGMR  27      45      72     140     173     251     332     569     
010325 SGMR 859     299     115     161     203     288     361     567     
010326 SGMR 146      69      81     171     217     318     376     580     
010327 SGMR 149      83      88     182     231     349     430     590     
010328 SGMR 119      80      85     186     240     370     436     603     
010329 SGMR 315      87      83     184     233     348     414     592     
010330 SGMR 209      99      77     166     210     262     291     471     
010331 SGMR 161      56      76     169     221     328     404     602     
010401 SGMR 109      52      76     166     207     339     417     611     
010402 SGMR  22      53      80     167     203     308     377     591     
010403 SGMR  19      47     107     173     201     348     429     600     
010404 SGMR  27      47      76     154     185     275     348     592     
010405 SGMR  25      85      77     154     193     319     400     652     
010406 SGMR  19      46      70     138     172     269     353     568     
010407 SGMR  21      42      66     130     158     237     312     566     
010408 SGMR  18      43      69     129     151     232     314     540     
010409 SGMR  83      49      67     130     155     216     305     558     
010410 SGMR  17      47      69     120     143     223     303     548     
010411 SGMR  21      39      63     114     139     222     303     538     
010412 SGMR  20      39      55     111     136     193     270     495     
010413 SGMR  21      36      57     102     123     191     283     530     
010414 SGMR  17      36      56     101     122     186     279     530     
010415 SGMR  14      38      59     110     137     207     288     554     
010416 SGMR  15      38      57      94     110     177     274     535     
010417 SGMR  14      36      58      92     109     182     276     538     
010418 SGMR  21      37      58      97     114     193     279     521     
010419 SGMR  25      41      65     104     128     201     289     544     
010420 SGMR  19      39      65     117     147     224     301     540     
010421 SGMR  18      38      68     125     165     241     310     547     
010422 SGMR  18      44      73     135     172     245     306     549     
010423 SGMR  55      52      69     141     169     246     318     583     
010424 SGMR 119      48      68     143     176     256     329     544     
010425 SGMR  40      45      76     146     171     249     315     550     
010426 SGMR  38      45      72     145     174     253     331     580     
010427 SGMR  20      39      65     136     165     246     325     568     
010428 SGMR  22      39      64     139     175     254     332     567     
010429 SGMR  17      39      63     132     171     244     314     557     
010430 SGMR  17      42      66     135     164     247     313     545     
010501 SGMR  17      43      69     132     166     241     307     545     
010502 SGMR  20      49      67     133     158     220     284     541     
010503 SGMR  20      41      67     133     154     226     298     546     
010504 SGMR  31      43      67     133     153     230     298     543     
010505 SGMR  17      41      64     125     142     208     284     539     
010506 SGMR  14      42      68     117     131     197     280     534     
010507 SGMR  13      39      66     112     125     187     280     534     
010508 SGMR  13      35      58     105     116     177     268     526     
010509 SGMR  13      36      58     104     119     185     277     554     
010510 SGMR  15      37      56     103     116     191     280     530     
010511 SGMR  20      40      58     104     120     190     275     556     
010512 SGMR 103      69      66     106     126     202     284     536     
010513 SGMR  24      39      62     105     126     197     280     542     
010514 SGMR  15      37      57     105     122     191     275     546     
010515 SGMR  17      38      57     107     126     192     278     543     
010516 SGMR  18      38      59     107     127     181     277     536     
010517 SGMR  22      36      62     105     127     194     283     561     
010518 SGMR  16      37      62     108     123     192     275     548     
010519 SGMR  14      38      64     107     125     193     281     544     
010520 SGMR  16      37      62     112     127     189     274     549     
010521 SGMR  15      38      64     115     137     197     288     550     
010522 SGMR  18      39      61     117     135     203     285     453     
010523 SGMR  76      43      70     122     145     206     285     553     
010524 SGMR  27      40      66     122     141     209     293     534     
010525 SGMR  30      42      66     120     137     194     282     555     
010526 SGMR  39      39      62     118     133     198     285     548     
010527 SGMR  20      40      59     118     135     203     289     506     
010528 SGMR  25      41      63     115     131     195     287     548     
010529 SGMR  15      35      56     110     122     188     277     582     
010530 SGMR                                                                 
010531 SGMR  14      36      58     110     119     190     282     550     
010601 SGMR  15      40      65     109     118     188     281     582     
010602 SGMR  14      36      58      98     106     142     219     371     
010603 SGMR  20      38      66     111     127     204     289     556     
010604 SGMR  41      44      68     117     135     221     290     576     
010605 SGMR  14      38      61     115     138     200     281     594     
010606 SGMR  23      40      61     118     142     199     277     581     
010607 SGMR  16      40      64     127     149     212     294     591     
010608 SGMR  25      47      74     133     155     220     293     590     
010609 SGMR  41      53      69     135     154     227     300     590     
010610 SGMR  23      44      69     133     155     225     307     594     
010611 SGMR  20      41      72     131     150     215     291     586     
010612 SGMR  17      43      71     129     152     225     306     563     
010613 SGMR  19      43      67     135     161     237     308     599     
010614 SGMR  23      46      70     144     176     260     327     609     
010615 SGMR  29      41      64     142     174     257     321     564     
010616 SGMR  22      38      60     146     182     261     325     594     
010617 SGMR  23      35      58     143     184     256     318     566     
010618 SGMR  28      40      64     146     184     238     309     586     
010619 SGMR  16      38      64     147     182     240     307     575     
010620 SGMR  17      39      66     144     178     241     312     577     
010621 SGMR  18      40      68     148     188     239     311     574     
010622 SGMR  31      44      68     149     182     250     322     568     
010623 SGMR  34      42      67     152     194     260     330     584     
010624 SGMR  28      47      69     140     178     233     304     569     
010625 SGMR  19      41      62     135     165     223     299     565     
010626 SGMR  15      39      61     130     159     215     296     579     
010627 SGMR  16      36      64     121     142     194     282     563     
010628 SGMR  15      36      64     115     129     184     275     553     
010629 SGMR  14      36      64     121     129     181     273     540     
010630 SGMR  15      35      57     113     122     185     275     573     
010701 SGMR  14      37      57     113     122     175     262     516     
010702 SGMR  15      35      58     110     123     183     280     529     
010703 SGMR  17      36      53      94     130     170     279     563     
010704 SGMR  16      35      53      93     125     173     286     555     
010705 SGMR  19      38      53      90     125     173     281     554     
010706 SGMR  17      39      53      86     142     169     286     553     
010707 SGMR  18      37      54      85     108     162     265     545     
010708 SGMR  19      37      51      88     118     178     290     541     
010709 SGMR  18      36      52      91     122     184     290     555     
010710 SGMR  16      36      52      89     120     179     282     548     
010711 SGMR  16      36      52      90     120     186     298     560     
010712 SGMR  17      35      52      93     125     189     291     555     
010713 SGMR  16      34      52      94     125     184     298     557     
010714 SGMR  17      35      55      97     129     185     292     567     
010715 SGMR  17      35      57      97     139     196     305     560     
010716 SGMR  34      42      63     108     144     209     303     569     
010717 SGMR  17      39      58      99     142     203     304     486     
010718 SGMR  22      46      54      98     135     195     304     559     
010719 SGMR  20      38      56      98     142     195     305     557     
010720 SGMR  17      34      54      95     133     193     299     555     
010721 SGMR  18      34      52      95     133     194     294     556     
010722 SGMR  25      37      54      92     133     194     292     558     
010723 SGMR  17      37      54      91     132     194     290     550     
010724 SGMR  38      37      54      88     130     185     292     547     
010725 SGMR  60      47      55      91     129     188     290     554     
010726 SGMR  31      40      54      85     117     181     293     521     
010727 SGMR  20      35      54      85     114     175     286     543     
010728 SGMR  28      34      53      84     110     170     281     544     
010729 SGMR  18      36      52      86     114     168     280     540     
010730 SGMR  17      35      50      83     111     166     281     544     
010731 SGMR  25      37      56      84     113     175     280     541     
010801 SGMR  17      34      50      83     113     168     278     537     
010802 SGMR  19      39      53      86     116     174     278     541     
010803 SGMR                                                                 
010804 SGMR  18      37      57      97     139     208     307     551     
010805 SGMR  26      40      54     102     149     219     312     556     
010806 SGMR  50      40      60     109     158     230     331     566     
010807 SGMR  52      38      58     112     166     232     332     565     
010808 SGMR  22      29      59     111     164     229     319     577     
010809 SGMR  19      40      61     109     154     218     318     561     
010810 SGMR 191      58      61     113     150     210     277     403     
010811 SGMR  25      41      60     113     162     225     327     578     
010812 SGMR  21      43      61     113     154     209     319     535     
010813 SGMR  18      40      60     111     149     207     310     561     
010814 SGMR  18      33      60     108     146     203     309     564     
010815 SGMR  18      39      56     103     141     192     291     563     
010816 SGMR  18      38      56     105     137     186     286     555     
010817 SGMR                                                                 
010818 SGMR  19      36      55     104     146     200     290     558     
010819 SGMR  25      39      55     103     150     204     304     563     
010820 SGMR  18      38      56     103     148     205     310     559     
010821 SGMR  18      38      56     111     154     221     316     569     
010822 SGMR  19      39      56     107     156     208     307     570     
010823 SGMR  19      39      56     109     162     229     319     585     
010824 SGMR  16      37      53     111     165     229     341     584     
010825 SGMR  25      44      62     138     213     317     454     721     
010826 SGMR  27      44      58     119     177     236     350     611     
010827 SGMR  52      42      54     118     180     226     330     579     
010828 SGMR  19      40      57     126     195     246     332     587     
010829 SGMR  17      38      57     121     182     249     340     584     
010830 SGMR  18      57      60     125     192     246     339     578     
010831 SGMR  35      44      61     123     185     227     315     567     
010901 SGMR  19      41      58     117     171     225     313     573     
010902 SGMR  40      42      62     120     172     234     326     594     
010903 SGMR  23      40      62     129     183     245     321     569     
010904 SGMR  31      43      60     134     200     286     374     605     
010905 SGMR  20      42      65     135     203     274     370     613     
010906 SGMR  20      44      60     134     210     288     362     604     
010907 SGMR  34      45      61     141     215     294     358     597     
010908 SGMR  20      40      57     143     231     298     361     604     
010909 SGMR  18      38      57     145     227     317     389     604     
010910 SGMR  19      46      59     141     223     296     358     592     
010911 SGMR  26      47      63     147     239     305     366     597     
010912 SGMR  17      39      61     143     225     301     369     599     
010913 SGMR  18      39      56     140     224     299     355     586     
010914 SGMR  65      38      53     138     227     302     369     554     
010915 SGMR  56      39      58     135     212     272     361     593     
010916 SGMR  19      39      61     131     200     271     353     618     
010917 SGMR  23      42      65     125     180     247     336     597     
010918 SGMR  32      60      73     131     186     249     345     612     
010919 SGMR  19      39      61     132     198     255     342     586     
010920 SGMR  69      48      71     138     206     279     349     574     
010921 SGMR  25      47      64     146     230     291     364     583     
010922 SGMR  31      43      55     153     233     313     366     588     
010923 SGMR  44      46      61     154     238     313     359     592     
010924 SGMR  22      46      61     165     264     359     433     605     
010925 SGMR  22      46      61     165     264     359     433     605     
010926 SGMR  28      47      66     166     260     345     420     650     
010927 SGMR  20      43      73     170     256     343     438     622     
010928 SGMR  27      47      63     164     258     335     405     569     
010929 SGMR  22      42      68     148     221     301     373     600     
010930 SGMR  34      43      65     150     221     292     311     599     
011001 SGMR  18      39      64     148     212     279     372     611     
011002 SGMR  16      37      57     140     189     255     351     598     
011003 SGMR  36      43      66     134     184     233     324     621     
011004 SGMR  21      39      59     130     181     234     324     579     
011005 SGMR  43      43      60     126     168     229     324     578     
011006 SGMR  33      39      56     124     165     214     319     542     
011007 SGMR  17      37      59     127     173     219     326     582     
011008 SGMR  17      38      58     120     162     202     311     572     
011009 SGMR  16      38      57     127     176     214     315     582     
011010 SGMR  17      34      55     126     170     215     331     573     
011011 SGMR  17      38      57     125     165     210     328     577     
011012 SGMR  17      38      61     127     166     226     328     628     
011013 SGMR  29      37      57     125     171     225     338     569     
011014 SGMR  34      41      57     130     176     238     344     521     
011015 SGMR  61      45      65     132     190     252     355     568     
011016 SGMR  20      40      64     135     184     264     395     596     
011017 SGMR  18      40      67     144     207     262     373     598     
011018 SGMR  55      66      72     155     220     289     387     604     
011019 SGMR  35      47      91     158     228     279     366     600     
011020 SGMR  24      47      77     162     223     288     377     585     
011021 SGMR  22      41      70     154     211     276     371     575     
011022 SGMR  21      45      75     161     214     269     374     603     
011023 SGMR  20      43      71     149     209     268     368     587     
011024 SGMR  28      47      74     153     209     272     364     585     
011025 SGMR  40      50      73     161     228     286     388     622     
011026 SGMR  33      52      75     153     217     281     393     595     
011027 SGMR  74      47      69     156     227     292     397     591     
011028 SGMR  32      45      71     147     218     300     401     610     
011029 SGMR  63      45      70     141     200     275     372     588     
011030 SGMR  55      50      69     139     200     279     365     576     
011031 SGMR 137      74      75     140     204     309     371     559     
011101 SGMR  47      50      69     147     221     298     368     587     
011102 SGMR  61      58      69     133     197     289     365     572     
011103 SGMR  43      47      69     137     197     259     348     543     
011104 SGMR  38      48      63     142     204     281     360     442     
011105 SGMR  22      38      72     149     216     301     387     594     
011106 SGMR  19      45      70     156     233     307     406     621     
011107 SGMR  20      39      66     152     208     281     368     586     
011108 SGMR  29      45      69     168     226     321     409     589     
011109 SGMR  31      54      75     160     232     312     399     604     
011110 SGMR  24      47      74     151     220     289     379     582     
011111 SGMR  21      43      68     145     199     279     369     583     
011112 SGMR  22      42      65     147     210     282     388     580     
011113 SGMR  32      50      67     148     206     286     363     590     
011114 SGMR  37      59      70     142     198     265     356     581     
011115 SGMR  25      68      78     137     193     242     337     561     
011116 SGMR  37      54      64     136     181     246     349     557     
011117 SGMR  31      48      66     141     183     276     378     585     
011118 SGMR  21      39      66     129     170     235     345     566     
011119 SGMR  22      51      75     129     171     240     350     570     
011120 SGMR  61      45      68     128     167     234     348     563     
011121 SGMR  36      48      69     130     171     249     335     572     
011122 SGMR  22      45      68     129     175     243     344     560     
011123 SGMR  20      43      67     121     159     233     344     563     
011124 SGMR  19      42      63     117     161     228     336     543     
011125 SGMR  19      42      64     116     157     226     321     550     
011126 SGMR  21      41      61     116     160     225     324     543     
011127 SGMR  18      39      57     119     171     247     341     550     
011128 SGMR  20      43      68     121     187     254     343     559     
011129 SGMR  23      44      57     127     193     264     344     506     
011130 SGMR  55      44      64     135     200     270     364     529     
011201 SGMR  23      43      63     181     272     345     424     637     
011202 SGMR  27      45      67     150     224     297     383     589     
011203 SGMR  20      45      71     155     214     275     372     565     
011204 SGMR  25      48      66     155     207     271     354     579     
011205 SGMR  21      44      72     159     218     296     383     573     
011206 SGMR  21      43      69     155     214     285     361     568     
011207 SGMR  29      45      69     160     215     278     364     581     
011208 SGMR  23      44      67     143     204     297     378     583     
011209 SGMR  19      43      28     135     221     245     286     513     
011210 SGMR  25      45      61     136     205     262     360     581     
011211 SGMR  41      52      69     144     203     264     365     588     
011212 SGMR  28      45      64     139     206     297     375     582     
011213 SGMR  23      45      62     137     200     244     320     498     
011214 SGMR  22      43      62     136     193     266     348     568     
011215 SGMR  22      43      68     139     200     292     347     543     
011216 SGMR  40      54      74     135     186     304     352     564     
011217 SGMR  27      50      70     132     183     267     353     526     
011218 SGMR  24      51      66     137     206     252     313     418     
011219 SGMR  24      48      70     138     185     239     344     576     
011220 SGMR  26      46      69     139     207     293     374     559     
011221 SGMR  25      50      71     149     205     331     374     578     
011222 SGMR  26      49      72     148     220     346     387     589     
011223 SGMR  38      50      73     159     231     333     383     595     
011224 SGMR  38      57      79     158     241     318     376     557     
011225 SGMR  49      59      75     157     237     367     394     579     
011226 SGMR  30      52      72     165     251     419     426     555     
011227 SGMR 125      73      80     156     217     362     376     456     
011228 SGMR  28      49      75     172     235     312     408     606     
011229 SGMR  23      46      70     166     236     299     395     606     
011230 SGMR  19      44      67     169     226     265     372     582     
011231 SGMR  27      49      75     161     225     259     370     585     

