720101 SGMR  10.8    28.1    52.1    75.9    99.6   142     268     522         
720102*SGMR  12.2    30.5    52.4    75.6    96.6   141     269     525         
720103 SGMR  12.9    32.2    55.8    71.5    97.2   138     256     518         
720104*SGMR                  52.9    71.3    95.9   137     263     525         
720105*SGMR                  52.3    74.8    97.4   137     261     514         
720106 SGMR                  54.6    74.8    98.9   140     256     517         
720107 SGMR                  53.5    76.0    98.5   139     259     519         
720108 SGMR                  52.3    70.8    97.5   134     260     521         
720109 SGMR                  51.6    71.2    94.4   133     259     522         
720110 SGMR                  50.3    66.9    88.3   133     255     518         
720111*SGMR                  50.0    71.1    91.6   137     257     522         
720112 SGMR                  51.8    72.3    96.6   140     257     522         
720113 SGMR                  52.0    73.9    98.8   141     261     520         
720114 SGMR                  52.4    75.1   107.8   144     263     527         
720115 SGMR                  54.0    80.0   115.3   151     269     526         
720116 SGMR                  53.4    81.3   119.6   155     270     532         
720117 SGMR                  52.2    80.0   111.0   147     265     520         
720118 SGMR                  53.1    76.4   108.6   146     262     520         
720119 SGMR                  53.9    80.3   115.7   153     270     522         
720120 SGMR                  53.2    83.5   118.8   157     268     529         
720121 SGMR                  52.7    89.2   125.8   161     271     526         
720122 SGMR                  52.3    85.3   122.7   160     275     534         
720123 SGMR                  53.3    94.2   132.4   170     282     532         
720124 SGMR  13.7    32.2    54.7    92.7   132.8   175     283     538         
720125*SGMR  12.1    28.9    53.2    89.2   126.6   170     277     536         
720126 SGMR  12.4    32.1    54.4    87.3   123.9   156     271     529         
720127 SGMR  11.6    30.9    54.9    85.7   119.2   155     270     528         
720128*SGMR  12.1    31.8    53.5    86.8   117.6   151     270     536         
720129 SGMR  12.3    31.8    55.3    80.4   113.9   152     270     535         
720130 SGMR  12.5    31.5    52.8    82.4   114.9   157     275     529         
720131 SGMR  12.3    30.5    53.0    76.3   111.3   151     265     531         
720132 SGMR  12.3    31.0    53.0    79.1   109.3   148     266     526         
720201 SGMR  11.4    31.1    51.8    73.0   105.4   142     263     528         
720202 SGMR  11.7    31.1    53.1    74.9   104.9   141     266     528         
720203*SGMR  13.2    30.1    52.5    73.2   100.1   138     262     530         
720204*SGMR  11.7    27.7    49.9    71.9    99.0   139     263     528         
720205 SGMR  13.2    30.2    50.5    69.9    98.5   138     260     525         
720206 SGMR  11.8    31.2    49.8    68.4    98.5   138     262     519         
720207 SGMR  12.0    30.4    52.5    71.2    99.2   140     267     527         
720208 SGMR  11.9    30.4    52.5    72.0   104.3   143     270     533         
720209 SGMR  12.2    30.4    52.3    72.7   103.8   143     267     531         
720210 SGMR  12.7    30.1    54.0    80.0   110.9   149     274     533         
720211 SGMR  12.7    30.9    56.2           116.9   153     271     535         
720212 SGMR  12.6    31.3    56.4    83.4   119.0   156     278     535         
720213 SGMR  13.0    32.7    59.9    94.3   123.5   161     283     535         
720214 SGMR  13.4    31.1    61.2    96.6   131.7   172     289     535         
720215 SGMR  13.3    33.3    61.2    98.7   140.9   180     294     533         
720216 SGMR  24.9    38.8    65.3   103.2   154.8   193     301     535         
720217 SGMR  15.9    38.7    68.2   116.0   168.8   210     317     548         
720218 SGMR  16.9    38.9    68.8   123.1   190.3   235     333     560         
720219*SGMR  14.6    37.7    71.0   126.0   200.0   238     334     560         
720220*SGMR  15.5    41.9    71.4   139.4   198.1   237     328     552         
720221 SGMR  15.3    40.2    70.7   132.3   193.4   227     315     550         
720222 SGMR  16.1    38.4    67.3   124.5   175.9   215     316     546         
720223 SGMR  30.9    38.4    68.1   113.9   172.8   207     307     539         
720224 SGMR  14.1    38.7    64.6   103.5   161.0   193     302     528         
720225 SGMR  14.1    37.1    64.3   103.1   148.3   181     296     534         
720226*SGMR  15.0    33.8    63.0   103.2   148.3   181     296     534         
720227 SGMR  15.1    39.2    59.6    90.5   132.9   167     286     528         
720228 SGMR  16.2    35.8    58.7    90.1   124.8   160     282     529         
720229 SGMR  15.7    36.5    59.7    91.3   125.2   163     287     533         
720232 SGMR  14.7    34.3    59.8    95.0   136.2   174     289     536         
720301 SGMR  20.9    35.1    58.3    88.5   122.6   159     286     528         
720302*SGMR  18.1    40.7    62.2    94.2   124.4   165     287     536         
720303*SGMR  20.3    42.1    63.8    92.6   124.4   165     286     534         
720304 SGMR  54.5    71.7    74.4    95.7   130.0   169     290     536         
720305*SGMR  28.7    36.0    55.6    97.5   134.0   172     291     536         
720306 SGMR  31.7    39.2    59.4    98.0   139.2   176     292     535         
720307 SGMR  55.3    40.1    59.0    94.6   135.9   179     292     542         
720308*SGMR  27.0    40.7    60.6    96.2   133.2   181     296     535         
720309 SGMR  22.0    42.9    64.0    93.9   130.6   174     285     530         
720310 SGMR  25.0    40.8    60.7    89.9   130.9   168     286     525         
720311 SGMR  18.7    42.3    60.9    92.9   129.4   167     284     524         
720312 SGMR  14.8    36.6    60.9    91.4   123.6   162     284     525         
720313 SGMR  15.1    36.0    61.8    91.7   121.7   160     281     530         
720314 SGMR  13.7    37.3    64.3    94.9   124.1   163     286     531         
720315*SGMR  14.2    36.7    63.3    94.7   130.2   165     284     524         
720316 SGMR  13.4    36.0    63.1    92.9   126.9   162     293     532         
720317*SGMR  11.4    33.4    64.2    98.4   126.0   164     293     533         
720318 SGMR  13.3    32.4    65.1    96.2   126.0   164     284     531         
720319 SGMR  14.1    33.4    63.7    93.2   124.2   164     285     529         
720320 SGMR  16.7    37.4    63.8    96.9   129.8   165     288     536         
720321 SGMR  16.3    30.9    62.6    94.4   128.9   166     289     531         
720322*SGMR  15.1    32.2    61.9    94.3   128.0   165     289     530         
720323 SGMR  15.8    32.2    66.1    92.9   135.9   175     291     533         
720324 SGMR  19.1    31.4    64.1    85.4   118.8   158     280     524         
720325 SGMR  26.9    29.8    56.9    77.8   110.0   149     274     519         
720326 SGMR  13.9    26.9    55.9    75.7   105.9   145     273     519         
720327 SGMR  12.0    27.6    52.2    71.5    99.1   141     272     515         
720328 SGMR  11.5    24.8    52.5    67.0    95.9   141     272     516         
720329 SGMR  12.0    25.5    51.7    66.1    90.8   137     261     512         
720330*SGMR  11.3    26.8    51.4    68.3    92.4   138     264     514         
720331 SGMR  10.8    25.7    50.7    66.0    91.2   134     262     509         
720332 SGMR  19.8    35.6    60.5    88.5   121.4   161     283     528         
720401 SGMR  11.0    26.9    50.6    65.8    90.4   134     259     510         
720402 SGMR  12.0    26.9    52.9    68.3    92.5   135     263     514         
720403 SGMR  11.5    26.9    51.2    68.9    93.5   137     268     516         
720404 SGMR  11.8    26.9    52.7    68.9    94.4   140     271     522         
720405 SGMR  10.5    26.9    54.2    70.5   101.5   146     269     519         
720406 SGMR  12.7    27.8    55.5    80.8   112.9   155     281     521         
720407 SGMR  !1.5    30.1    56.5    84.3   115.2   157     282     528         
720408 SGMR  12.3    28.7    58.5    87.1   115.3   160     281     535         
720409 SGMR  12.4    28.8    62.2    89.7   125.2   164     281     531         
720410 SGMR  12.0    27.0    62.2    85.5   124.5   159     279     521         
720411*SGMR  11.7    27.9    63.9    87.4   125.1   163     276     521         
720412 SGMR  11.5    25.5    62.4    84.6   124.5   160     275     526         
720413*SGMR  12.4    29.4    64.3    85.9   121.9   160     270     526         
720414 SGMR  14.1    30.4    63.0    85.6   119.8   155     272     522         
720415 SGMR  13.1    30.8    61.3    84.3   120.0   156     267     520         
720416 SGMR  13.6    30.5    59.3    79.5   118.3   157     272     518         
720417 SGMR  13.6    28.5    59.1    75.3   116.2   162     277     524         
720418 SGMR  15.4    31.3    58.7    75.6   112.4   151     270     521         
720419 SGMR  11.3    29.5    59.5    77.3   108.6   151     272     520         
720420*SGMR   9.2    30.2    56.4    77.3   103.9   150     272     520         
720421 SGMR  27.7    32.1    56.2    69.8   100.7   143     260     519         
720422 SGMR  14.1    25.3    55.1    71.8   104.9   145     264     521         
720423 SGMR  12.1    24.2    54.8    74.2   105.3   146     263     523         
720424 SGMR  10.4    25.5    54.5    73.1   106.6   147     267     518         
720425 SGMR  10.2    26.6    54.4    71.0   106.9   149     271     529         
720426 SGMR  10.1    27.2    53.9    68.2   107.1   151     272     518         
720427 SGMR  19.1    30.2    53.2    69.8   104.8   154     280     520         
720428 SGMR  17.3    26.0    51.9    62.9    98.0   145     275     524         
720429 SGMR  13.3    24.8    51.6    60.9    93.3   138     269     514         
720430 SGMR  10.5    24.4    49.7    60.7    91.0   136     267     524         
720432 SGMR  12.9    27.9    56.7    75.5   108.5   150     272     522         
720501 SGMR   9.6    25.6    49.3    60.2    90.9   136     261     510         
720502 SGMR   9.9    27.3    50.7    62.0    89.4   134     255     505         
720503*SGMR  11.6    24.8    51.3    62.1    92.1   136     254     513         
720504*SGMR  11.8    24.2    51.3    64.2    95.0   141     268     524         
720505 SGMR  12.1    25.5    55.2    66.5   102.8   150     268     525         
720506 SGMR  13.5    26.8    56.3    70.7   113.2   162     274     520         
720507 SGMR  16.6    26.7    56.3    71.5   113.0   156     270     514         
720508*SGMR  58.8    64.9    73.4    82.3   126.0   165     277     531         
720509*SGMR  11.6    31.5    56.7    79.9   123.8   165     278     530         
720510 SGMR  11.7    30.2    61.3    81.8   132.5   171     282     532         
720511 SGMR  11.4    30.3    63.1    85.3   136.1   177     296     538         
720512 SGMR  12.1    31.0    62.4    85.1   141.8   184     298     538         
720513 SGMR  11.3    31.0    64.2    92.0   153.4   197     309     541         
720514 SGMR  10.7    30.0    64.6    97.0   160.8   201     315     543         
720515 SGMR  12.0    30.0    65.0   100.6   160.4   205     310     538         
720516 SGMR  12.7    32.9    66.1   102.8   158.9   206     306     541         
720517 SGMR  11.1    29.3    67.5   101.1   162.2   207     306     537         
720518 SGMR  11.0    29.5    64.6    92.8   156.1   201     302     531         
720519*SGMR  11.5    30.8    65.6    97.7   147.4   192     295     526         
720520*SGMR  15.9    30.3    62.0    96.7   141.8   190     291     527         
720521 SGMR  29.8    34.1    62.0    88.9   139.8   181     289     530         
720522 SGMR  11.4    27.9    57.6    84.9   137.1   176     284     538         
720523 SGMR  10.9    28.2    55.2    79.6   129.7   170     290     538         
720524 SGMR  16.9    31.1    57.8    78.8   129.0   179     296     554         
720525 SGMR  10.2    27.5    52.7    71.9   120.0   173     299     547         
720526 SGMR  15.3    35.0    53.0    67.2   110.5   164     289     542         
720527 SGMR  10.3    26.0    49.6    65.6   108.3   157     277     532         
720528 SGMR  12.9    25.3    50.6    66.7   110.6   166     290     542         
720529 SGMR  13.6    26.5    53.0    66.4   110.4   163     283     539         
720530 SGMR  12.0    24.2    50.3    69.8   113.6   163     277     535         
720531 SGMR  11.2    24.4    51.3    70.4   115.9   163     282     532         
720532 SGMR  14.2    29.8    58.1    79.4   126.5   172     286     532         
720601 SGMR  10.5    24.7    53.1    76.3   117.9   162     281     534         
720602 SGMR  10.9    25.2    54.4    78.7   126.0   163     287     542         
720603 SGMR  11.6    28.1    59.6    86.7   135.3   169     293     544         
720604 SGMR  14.6    29.8    60.9    90.3   146.4   184     300     542         
720605 SGMR  10.9    29.3    65.3    98.3   158.5   203     303     548         
720606 SGMR  10.9    28.8    61.9    96.1   150.9   194     301     540         
720607*SGMR  10.7    28.8    63.2    91.0   145.4   194     300     541         
720608 SGMR  11.5    30.6    62.2    94.0   143.2   199     310     549         
720609 SGMR  11.6    28.6    62.0    95.1   143.6   197     311     557         
720610 SGMR  11.7    28.4    59.6    88.9   133.5   182     302     550         
720611 SGMR  12.2    29.0    64.4    94.5   143.1   186     301     549         
720612 SGMR  11.5    29.3    64.2    93.3   143.0   188     300     553         
720613 SGMR  11.8    28.9    63.7    90.9   133.7   174     280     542         
720614 SGMR  11.8    30.1    63.5    89.9   132.0   167     273     537         
720615 SGMR  21.3    32.9    66.3   101.0   154.4   195     293     551         
720616 SGMR  14.0    28.6    61.9    89.9   134.5   176     281     549         
720617 SGMR  11.8    30.3    62.1    93.6   139.5   177     280     548         
720618 SGMR  15.9    31.0    61.9    95.8   145.2   178     281     544         
720619 SGMR  11.9    28.2    59.8    93.6   140.0   173     277     536         
720620 SGMR  51.4    58.2    82.6    86.5   133.5   168     272     535         
720621 SGMR  26.8    43.1    70.0    86.7   137.0   171     279     539         
720622*SGMR  14.6    31.3    58.5    86.6   131.1   169     279     549         
720623 SGMR  12.2    29.4    56.5    83.6   127.1   166     271     543         
720624*SGMR  13.3    28.4    56.4    82.9   121.8   162     271     542         
720625 SGMR  11.1    28.9    55.1    80.6   118.9   159     270     530         
720626 SGMR  10.5    27.4    54.1    83.1   114.1   155     265     541         
720627 SGMR  10.9    27.6    54.2    82.3   119.0   156     265     539         
720628 SGMR  10.5    27.8    55.2    81.3   124.5   160     269     540         
720629 SGMR  10.9    27.4    55.9    82.3   127.2   163     269     539         
720630*SGMR  10.8    28.2    58.6    88.9   127.2   164     269     539         
720632 SGMR  14.0    30.3    60.9    88.8   134.9   175     284     543         
720701 SGMR  11.0    28.7    63.5    84.9   127.5   160     265     538         
720702 SGMR  11.3    30.9    63.0    85.0   131.3   166     269     539         
720703 SGMR  11.7    30.9    62.4    89.6   134.7   165     266     542         
720704 SGMR  11.5    31.4    63.2    95.6   145.8   174     276     548         
720705 SGMR  11.5    32.0    62.5    98.7   144.3   176     276     535         
720706 SGMR  11.6    31.7    61.0    90.1   141.6   173     277     532         
720707 SGMR  11.4    30.6    60.9    88.4   138.7   168     275     541         
720708 SGMR  11.4    30.4    60.0    84.8   130.5   164     268     535         
720709 SGMR  11.0    29.7    59.2    83.1   123.2   154     267     531         
720710 SGMR  11.4    29.7    59.9    79.3   117.2   151     259     533         
720711 SGMR  11.2    28.4    59.3    77.8   121.4   155     269     537         
720712 SGMR  10.8    26.1    56.8    70.7   115.9   151     266     526         
720713 SGMR  10.5    25.6    55.8    75.5   115.0   155     261     533         
720714 SGMR  10.2    27.2    54.7    73.3   114.9   155     265     537         
720715 SGMR  10.2    26.9    55.0    72.5   111.4   154     266     530         
720716 SGMR   9.8    26.4    51.8    70.4   107.1   151     260     532         
720717 SGMR   9.7    26.4    53.7    71.7   109.7   149     257     532         
720718 SGMR  10.0    25.7    51.0    66.3   105.4   142     257     523         
720719 SGMR  12.7    25.8    53.0    70.1   105.0   142     254     531         
720720 SGMR   9.8    25.6    53.1    72.5   106.5   144     254     529         
720721 SGMR  10.1    27.1    53.5    73.0   106.9   144     251     531         
720722 SGMR  10.6    27.2    52.7    66.0   105.0   144     254     533         
720723 SGMR  10.5    26.2    55.2    68.2   107.0   145     264     530         
720724 SGMR  10.3    25.8    52.3    68.5   106.1   147     267     525         
720725 SGMR  10.6    26.0    54.5    71.5   107.1   147     269     529         
720726 SGMR  10.8    27.4    55.7    75.9   117.6   153     276     537         
720727 SGMR  10.8    27.1    55.7    74.3   120.4   155     285     537         
720728 SGMR  11.4    28.6    58.5    83.1   130.3   172     299     544         
720729 SGMR  10.7    28.0    58.1    86.2   133.9   177     305     550         
720730 SGMR  12.9    29.1    59.2    84.2   138.1   179     317     574         
720731 SGMR  13.4    28.3    60.1    89.0   141.4   192     332     574         
720732 SGMR  11.0    28.1    57.3    78.7   121.3   158     272     537         
720801 SGMR  11.6    28.9    59.3    92.5   150.4   196     336     587         
720802 SGMR  15.8    32.0    63.6    91.2   146.4   191     338     579         
720803 SGMR  34.5    32.5    60.2    90.4   141.1   193     330     557         
720804 SGMR  36.7    31.4    61.9    87.9   141.4   196     329     562         
720805 SGMR  24.9    26.9    60.8    82.6   141.0   194     332     562         
720806 SGMR  32.8    30.6    62.7    84.4   133.9   185     319     551         
720807 SGMR  13.3    28.0    65.9    94.1   150.2   196     327     575         
720808 SGMR  10.8    24.5    54.4    77.3   118.8   167     296     547         
720809 SGMR  11.3    26.2    54.8    74.2   116.9   170     301     553         
720810 SGMR  13.3    29.1    54.0    70.5   112.9   164     293     549         
720811 SGMR  13.0    26.2    54.8    65.8   106.5   154     285     531         
720812 SGMR  19.2    29.2    55.2    66.0   101.8   149     273     539         
720813 SGMR  15.0    28.3    51.7    62.3    98.0   140     267     527         
720814 SGMR  11.3    24.2    48.6    63.2    94.9   134     259     528         
720815 SGMR                  50.5    63.2    93.2   135     262     528         
720816 SGMR  11.1    25.6    50.8    60.8    94.5   138     269     522         
720817 SGMR  10.4    26.2    48.7    68.2   101.9   138     264     522         
720818 SGMR  10.6    25.3    52.1    70.1   103.9   147     275     532         
720819 SGMR  10.5    27.0    52.5    71.0   109.8   150     280     533         
720820 SGMR  10.0    27.0    55.6    70.8   110.7   150     278     536         
720821 SGMR   9.9    28.0    53.4    73.0   112.0   151     282     536         
720822 SGMR  11.0    29.1    58.4    80.2   122.9   159     284     538         
720823 SGMR  11.1    26.2    60.0    79.6   122.4   152     285     542         
720824 SGMR  10.5    26.5    58.4    75.5   118.4   153     285     538         
720825 SGMR  10.7    28.0    58.6    82.3   122.8   154     283     536         
720826 SGMR  10.5    27.5    60.2    85.2   136.6   166     293     547         
720827 SGMR  10.6    27.4    61.1    93.0   137.8   169     289     543         
720828 SGMR  11.1    27.2    60.4    93.4   145.5   177     298     549         
720829 SGMR  11.5    28.1    64.4   102.7   162.0   191     312     556         
720830 SGMR  10.5    28.8    63.7    96.8   159.8   184     308     558         
720831 SGMR  10.4    27.9    61.2    95.8   145.7   171     297     551         
720832 SGMR  14.5    27.8    57.4    79.5   124.3   165     294     546         
720901 SGMR  10.3    27.7    62.9    95.4   137.6   166     291     546         
720902 SGMR  11.4    28.3    63.4    96.4   135.5   163     289     547         
720903*SGMR  11.1    31.0    62.7    95.7   120.6   150     288     536         
720904 SGMR  10.6    24.6    56.9    80.1   117.3   151     276     535         
720905 SGMR  10.1    23.8    54.4    82.7   118.5   152     285     546         
720906 SGMR   9.7    25.9    54.5    78.6   113.7   151     282     544         
720907 SGMR  10.3    25.0    53.2    74.2   104.9   143     275     541         
720908 SGMR  14.4    27.0    53.8    73.6   109.8   149     282     540         
720909 SGMR  16.0    29.7    53.8    73.6   108.9   149     283     530         
720910 SGMR  12.7    25.4    52.1    70.0   102.0   145     281     531         
720911 SGMR  11.1    25.2    52.0    67.5    96.8   139     277     535         
720912 SGMR   9.8    23.5    49.8    64.4    94.8   135     271     523         
720913 SGMR   9.9    24.0    49.2    66.8    91.2   131     268     517         
720914*SGMR   9.8    24.6    50.4    66.8    94.0   133     270     519         
720915 SGMR  10.3    26.2    52.1    70.0    97.6   137     273     521         
720916 SGMR  10.1    25.5    52.0    71.2    97.1   137     273     526         
720917 SGMR  11.6    25.7    52.4    69.9    95.1   135     269     520         
720918 SGMR  10.3    25.5    54.5    72.5    96.9   138     270     527         
720919*SGMR  10.4    24.8    54.3    72.6    99.8   140     279     533         
720920 SGMR  10.5    25.9    56.6    76.9   106.3   147     283     533         
720921 SGMR  10.4    27.1    56.8    82.7   112.8   153     289     538         
720922 SGMR  10.6    25.9    54.6    80.2   112.2   152     288     533         
720923 SGMR  11.2    26.8    57.7    81.7   118.8   160     289     538         
720924 SGMR  10.9    27.8    58.5    89.1   121.1   165     291     545         
720925 SGMR  13.1    28.0    59.7    88.6   120.6   158     290     541         
720926 SGMR  11.2    27.8    59.9    92.0   122.5   157     288     538         
720927 SGMR  10.9    26.8    59.3    86.3   115.6   150     285     537         
720928 SGMR  11.0    27.3    59.9    85.4   112.1   147     284     537         
720929 SGMR  10.6    27.5    57.9    84.6   112.4   150     282     535         
720930 SGMR  10.3    26.2    56.7    83.3   112.6   149     279     529         
720932 SGMR  11.0    26.4    55.7    79.1   110.0   148     281     534         
721001 SGMR  10.4    26.8    55.5    79.3   109.2   150     282     527         
721002 SGMR  10.2    26.5    54.0    75.6   105.0   145     277     522         
721003 SGMR  10.3    24.9    52.6    72.4   100.6   141     275     529         
721004 SGMR   9.2    24.9    51.8    71.4    96.7   138     272     520         
721005 SGMR   9.3    24.8    51.9    70.1    94.3   132     268     524         
721006 SGMR   9.3    25.1    51.5    70.2    94.4   131     269     522         
721007*SGMR   9.3    25.3    50.7    68.7    88.8   129     270     527         
721008 SGMR   9.5    23.6    49.7    67.1    92.6   133     271     525         
721009 SGMR   9.8    24.4    50.8    68.2    95.3   134     277     530         
721010 SGMR   9.1    23.6    50.0    64.1    90.1   129     273     525         
721011 SGMR   9.5    23.8    48.8    66.3    90.1   129     271     525         
721012 SGMR   9.4    23.3    47.4    64.8    89.7   128     271     533         
721013 SGMR   9.1    23.0    49.5    63.0    89.3   128     274     525         
721014 SGMR   9.3    23.8    50.0    65.1    90.5   131     274     522         
721015*SGMR   9.5    24.8    52.7    69.0    96.1   135     282     528         
721016 SGMR  10.0    25.1    53.2    72.6   100.7   137     282     533         
721017 SGMR  11.1    26.8    56.5    77.3   107.6   145     289     530         
721018 SGMR  10.0    26.6    54.1    77.0   105.9   141     290     535         
721019 SGMR  12.5    28.2    57.6    83.8   112.6   151     300     540         
721020 SGMR  18.3    35.4    62.1    83.8   115.2   153     302     539         
721021 SGMR  25.6    37.6    69.2    89.3   125.9   164     316     555         
721022*SGMR  20.5    32.2    63.2    98.1   133.0   170     317     554         
721023 SGMR  26.8    35.9    68.7   103.4   141.1   184     339     562         
721024 SGMR  19.0    45.8    72.0   103.2   146.2   199     351     569         
721025 SGMR  61.1    49.9    79.4   111.0   164.7   215     379     575         
721026 SGMR  18.6    33.1    64.4   104.2   162.2   225     372     574         
721027 SGMR  20.2    31.2    64.3   102.5   159.5   216     374     550         
721028*SGMR  20.8    30.1    64.9   107.0   159.7   223     373     550         
721029*SGMR  12.9    29.5    62.8    97.6   143.9   215     348     546         
721030 SGMR  19.0    29.3    60.1    97.8   141.0   202     337     543         
721031 SGMR  13.8    26.8    59.1    97.2   135.7   208     313     547         
721032 SGMR  15.0    28.8    57.2    81.5   114.5   158     298     538         
721101 SGMR  23.4    28.3    59.1    90.7   123.6   179     311     536         
721102*SGMR  10.7    27.6    57.8    85.9   118.3   161     297     536         
721103 SGMR   9.5    25.7    52.6    78.7   108.4   153     284     537         
721104 SGMR   9.2    24.8    50.3    76.5   100.7   142     285     535         
721105*SGMR   9.2    24.5    49.4    73.2    94.7   137     279     527         
721106 SGMR   9.9    24.0    48.9    65.5    88.7   125     271     523         
721107 SGMR   9.3    22.6    45.2    59.1    80.9   122     262     521         
721108*SGMR   8.8    22.4    43.4    59.8    79.3   118     259     524         
721109 SGMR   8.2    22.0    43.4    58.7    79.3   119     261     532         
721110 SGMR   8.3    22.2    42.9    58.2    79.1   118     261     520         
721111 SGMR  10.2    23.2    45.4    61.5    84.0   125     268     518         
721112 SGMR   9.8    22.5    46.0    62.8    84.4   125     268     523         
721113 SGMR   8.7    22.7    45.6    62.7    84.6   123     269     515         
721114*SGMR   8.9    23.6    45.6    63.7    79.3   119     267     515         
721115 SGMR   8.9    27.6    46.5    66.0    81.4   121     271     518         
721116 SGMR   9.5    28.6    49.6    65.9    85.3   125     273     517         
721117 SGMR   8.7    24.4    49.6    65.5    86.1   128     268     517         
721118 SGMR   8.6    24.4    49.9    69.8    90.7   130     269     523         
721119 SGMR   8.9    24.6    52.1    71.0    96.6   134     270     526         
721120 SGMR   9.5    26.6    54.5    81.0   104.3   142     276     524         
721121 SGMR   9.2    25.8    54.3    81.5   104.7   142     282     522         
721122*SGMR  10.0    31.6    55.2    84.3   108.3   144     290     530         
721123 SGMR   9.3    31.5    57.0    84.9   112.6   147     293     531         
721124 SGMR  10.4    27.1    57.6    87.0   115.2   148     295     534         
721125 SGMR  10.2    26.1    56.6    84.1   107.0   145     292     534         
721126*SGMR                                 103.5   144     287     534         
721127 SGMR   8.7    27.4    54.8    79.9    98.9   134     279     529         
721128 SGMR   7.6    23.9    51.7    75.3    93.3   132     277     527         
721129 SGMR   7.5    23.3    49.1    69.3    87.8   126     274     519         
721130 SGMR   8.0    25.1    49.5    70.4    92.0   131     278     524         
721132 SGMR   9.6    25.3    50.5    72.2    95.1   135     277     526         
721201 SGMR   7.7    27.2    49.1    68.6    88.0   125     277     524         
721202 SGMR   7.0    23.1    46.7    65.2    84.2   125     275     522         
721203 SGMR   6.4    22.5    44.1    61.5    80.3   123     270     526         
721204 SGMR   7.0    27.4    43.6    59.6    78.1   119     268     527         
721205*SGMR   6.5    27.3    42.4    58.3    74.6   119     271     522         
721206*SGMR   6.0    22.4    41.3    55.1    73.7   117     268     531         
721207 SGMR   6.6    22.7    44.2    59.3    83.7   126     274     514         
721208 SGMR  10.2    28.9    46.4    62.2    89.6   130     278     518         
721209 SGMR  11.9    24.2    44.8    67.5    91.4   138     279     522         
721210*SGMR  10.0    24.6    45.5    68.3    93.5   138     273     522         
721211 SGMR   7.2    24.0    47.7    74.5   102.9   139     273     524         
721212 SGMR   7.5    28.5    49.5    79.1   105.9   145     278     529         
721213 SGMR   7.3    23.1    50.9    81.9   109.1   143     289     525         
721214 SGMR   7.6    23.7    52.1    82.8   113.3   152     288     532         
721215 SGMR   8.1    25.9    54.4    84.7   112.8   153     291     523         
721216*SGMR   9.8    31.8    53.4    81.6   107.4   151     294     538         
721217*SGMR   9.9    38.6    59.6    83.8   108.0   142     290     528         
721218 SGMR  10.2    33.6    55.8    86.1   109.3   150     292     531         
721219 SGMR   8.7    26.1    56.4    83.4   109.4   148     291     531         
721220*SGMR  11.0    30.5    57.7    85.7   105.8   142     285     528         
721221*SGMR  11.8    37.0    58.8    89.7   111.5   148     283     525         
721222*SGMR  18.8    33.1    53.5    79.4   103.2   142     276     527         
721223 SGMR   9.5    26.7    56.6    80.5   101.6   142     269     529         
721224 SGMR   9.8    27.0    54.9    76.9    96.6   135     268     522         
721225 SGMR   8.6    25.8    54.3    78.7   100.7   140     274     526         
721226 SGMR   8.8    24.5    50.3    75.0    95.0   133     269     525         
721227 SGMR   9.6    23.5    47.6    69.8    93.1   135     270     529         
721228 SGMR   9.7    27.4    47.8    67.9    89.0   133     271     530         
721229 SGMR   8.0    28.3    48.5    66.1    91.8   134     275     534         
721230*SGMR   9.1    29.3    46.2    65.6    89.3   133     283     523         
721231*SGMR  11.8    24.2    44.9    65.3    91.2   135     276     531         
721232 SGMR   9.1    26.8    49.6    72.7    95.9   136     278     526         

