
                              FLARE INDEX OF SOLAR ACTIVITY
                                   NORTHERN HEMISPHERE
      1992
--------------------------------------------------------------------------------
Day    Jan   Feb   Mar    Apr   May   Jun    Jul   Aug   Sep    Oct   Nov   Dec
================================================================================
  1   0.00  1.38  1.40   1.32  4.00  0.00   7.32  0.28  0.00   1.22  0.00  9.21
  2   0.00  3.07  0.52   0.52  3.46  0.21   2.97  2.35  0.17   0.00  0.90 11.21
  3   0.00  6.50  0.42   7.23  0.00  0.11   6.11  3.27  0.00   1.39  2.23  4.23
  4   0.00  1.16  1.23   2.35  0.00  4.58   1.83  5.46  0.00   1.69  0.00  6.77
  5   1.40  3.19  1.54   0.47  0.06  4.42   3.73  2.90  0.00  13.05  1.52  0.11

  6   1.10  3.93  0.00   1.66  0.00 10.08   2.03  1.58  0.00   0.58  4.82  0.00
  7   5.48  0.00  0.00   0.00  0.00 12.04   1.70  1.28  5.53   0.91  0.00  0.00
  8   3.73  1.49  0.00   0.38  1.98 12.53   1.54  1.01  0.27   1.65  0.60  0.00
  9   0.61  4.67  2.42   0.21  0.17  7.83   0.34  0.00  0.55   0.23  0.78  0.00
 10   0.83  4.06  0.00   0.00  0.23  5.16   1.66  0.46 11.01   0.18  1.05  0.00

 11   1.10  3.20  0.30   0.00  0.17  4.59   0.15  3.03  4.99   0.00  1.57  0.00
 12   0.29  2.76  0.00   0.00  0.00  0.31   0.15  3.47  2.04   0.00  1.78  0.00
 13   0.00  1.52  0.00   0.00  0.00  0.46   1.94  1.73  4.63   1.00  0.77  0.00
 14   0.67  3.59  0.00   0.11  0.00  0.90   4.74  2.10  5.40   1.38  0.00  0.00
 15   0.00  1.20  0.00   2.45  0.00  0.69   0.42  3.34  5.38   0.64  0.00  0.61

 16   0.00  3.29  0.00   0.74  0.00  0.00   5.09  5.93 12.30   0.00  0.00  3.07
 17   0.00  4.63  1.40   2.89  0.00  0.87   4.86 12.57 16.35   0.26  0.00  0.00
 18   0.00  6.63  2.43   1.47  5.21  1.41   5.13  7.36  2.40   1.35  1.40  0.00
 19   5.00  7.87  0.69   0.54 10.15  1.63   0.69  8.33  0.66  14.89  0.00  0.13
 20   0.85  3.98  1.57   2.07  1.17  4.53   1.21 23.73  0.81   5.92  1.52  0.00

 21   2.33  7.56  6.27   1.94  4.47  4.39   5.51 15.16  0.27   2.18  0.00  0.28
 22   4.72  2.35  1.60   0.60  0.00  4.34   4.84 12.77  0.00   2.49  3.24  0.70
 23   0.95  1.65  2.87   5.75  0.47 19.29   0.00  4.94  0.00   9.27  4.67  0.00
 24   1.05 34.68  4.99  15.79  0.73 10.50   0.89  4.66  0.00   2.39  0.13  0.39
 25   1.48  8.09  5.06   4.77  0.00 27.31   2.16  2.95  0.75   0.41  1.19  0.00

 26   3.42 10.37  5.69   4.33  0.25  4.07   1.94  0.52  2.31   0.00  5.06  0.41
 27   0.25 35.96  2.54   3.38  2.87  0.69   1.63  1.00  1.28   3.71  5.19  0.69
 28   3.50  5.13  0.53   0.00  0.97  1.81   0.00  0.74  0.58   0.00  8.83  1.04
 29   2.32  2.70  0.25   0.48  0.00  1.43   0.28  0.00  0.79   0.00  5.76  6.98
 30   2.44        0.28   0.98  0.22  6.88   2.32  0.00  1.44   0.00  3.71  3.30

 31   4.65        0.20         1.61         2.53  0.00         0.00        2.10
================================================================================
Mean  1.55  6.09  1.43   2.08  1.23  5.10   2.44  4.29  2.66   2.15  1.89  1.65
--------------------------------------------------------------------------------
Yearly Mean = 2.71
