
                              FLARE INDEX OF SOLAR ACTIVITY
                                   SOUTHERN HEMISPHERE
      1992
--------------------------------------------------------------------------------
Day    Jan   Feb   Mar    Apr   May  Jun     Jul   Aug   Sep    Oct   Nov   Dec
================================================================================
  1  16.99  5.56  3.45  11.64  1.80  0.00   0.00  1.85  0.56   1.35  1.88  0.22
  2  17.78 17.16  0.22   2.51  3.85  0.82   0.00  4.63  6.65   8.56 12.80  1.04
  3  14.81 18.02  1.77   3.00  4.02  0.61   0.00 13.77  7.52   1.56  1.78  0.00
  4  16.32  6.50  4.65   2.71 21.61  0.00   0.00  6.31 15.15   4.20  1.09  0.00
  5  18.71  9.43  2.41   7.95 14.65  0.00   7.58  6.96 17.01   2.30  1.32  1.06

  6   3.31 44.94  0.41  12.10  4.35  0.88   3.35  7.63 33.56   1.63  3.15  0.00
  7   5.72 37.14  0.81   9.68 11.35  0.00  17.38  7.60 23.94  15.53  4.07  4.51
  8   6.69  3.83 17.11   7.35 21.78  0.00  12.83 17.25  2.77  15.24  1.63  2.65
  9   5.78  7.40  2.96   4.92  0.98  3.31  11.55  5.27  3.55  13.16  5.97  4.21
 10   1.24  3.43  8.96   4.49  0.00  2.17  17.19  4.72  0.00   8.33  3.18  3.37

 11   1.58  1.99  3.78   2.13  1.94  3.05   6.68  4.74  0.00   3.35  0.23  3.57
 12   0.45  1.68  2.96   1.50  2.77  1.20   6.59  3.83  0.00   1.94  0.53  5.60
 13   0.00  0.78  5.17   0.88  3.95  1.12  14.74  3.13  0.99   0.11  1.94  8.77
 14   5.76 22.74  3.38   3.97  4.05  0.21  15.58  5.13  0.00   0.00  2.59  8.23
 15  10.25 20.18 25.51   5.45  0.89  2.66  14.90  2.03  0.69   0.00  3.26  6.58

 16   0.45 12.85  7.33   4.57  1.23  0.86   6.45  1.36  0.79   0.00  5.43 10.88
 17   4.93 13.36  1.96  35.02  0.13 16.39   3.64  0.08  1.46   0.31  9.12  0.00
 18   1.22  6.71  0.11  10.47  0.82  3.32   4.96  0.00  0.65   2.31 28.62  0.56
 19   0.45  6.04  2.00  10.91  0.80  3.65   0.21  0.85  1.20   0.00  3.84  0.00
 20   0.00  1.58  2.55  15.95  0.00  0.46   0.00  0.00  0.00   3.27  1.14  1.13

 21   0.35 10.93  1.65  11.88  9.42  7.95   8.86  0.00  1.69   3.85  2.76  2.06
 22   0.66  4.25  0.19   7.42  4.87  0.16   1.41  0.00  0.35   0.89  1.94  0.82
 23   2.18  4.25  1.76  12.74  0.00  0.00   0.65  0.21  1.34   0.64 14.41  2.86
 24   1.54  3.86  1.12   3.27  0.22  0.00   0.42  0.44  2.13   0.94  1.55  2.42
 25  11.06  1.36  2.48   1.33  0.80  0.00   0.39  0.00  0.21   6.26  0.00  1.97

 26  14.35  0.48  1.85   1.68  0.10  1.73   1.14  0.00  1.01  20.42  0.44  1.20
 27   0.51  5.90  0.98   0.23  0.10  0.00   2.94  1.04  3.28  18.97  0.53  0.47
 28   7.29  1.63  3.30   0.89  0.00  0.00   0.00  0.64  2.79   8.35  0.99  0.09
 29  15.04 16.26  2.50   1.23  0.00  0.00   0.48  0.00  0.00  16.17  1.33  0.58
 30  47.32        5.50   8.37  0.17  0.00   1.47  4.09  0.57  36.26  2.90  0.52

 31  14.58        7.68         1.01         0.74  1.84         2.84        1.32
================================================================================
Mean  7.98 10.01  4.08   6.88  3.80  1.69   5.23  3.40  4.33   6.41  4.01  2.47
--------------------------------------------------------------------------------
Yearly Mean = 5.02
