
                              FLARE INDEX OF SOLAR ACTIVITY
                                    SOUTHERN HEMISPHERE
      1995
--------------------------------------------------------------------------------
Day    Jan   Feb   Mar    Apr   May   Jun    Jul   Aug   Sep    Oct   Nov   Dec
================================================================================
  1   0.00  6.94  0.00   0.00  0.00  0.00   0.00  0.00  0.00   0.00  0.00  0.00
  2   0.48  1.08  0.00   0.90  0.00  0.00   0.00  0.00  0.00   0.00  0.00  0.00
  3   0.09  5.17  0.89   0.00  0.00  0.53   0.00  0.00  0.00   0.00  0.00  0.00
  4   0.00  9.13  0.32   0.00  0.00  0.71   0.00  0.00  0.00   0.00  0.00  0.00
  5   0.00  3.46  0.10   0.00  0.00  0.30   0.00  0.00  0.00   0.00  0.00  0.00

  6   0.00  3.44  2.33   0.00  0.00  0.15   0.00  0.00  0.00   0.00  0.00  0.00
  7   0.00  1.00  0.52   0.00  0.00  0.31   0.38  0.00  0.00   0.08  0.00  0.00
  8   0.00  0.67  1.91   0.00  0.00  0.00   0.43  0.00  0.00   0.00  0.00  0.00
  9   0.00  0.87  0.08   0.65  0.00  0.00   0.00  0.00  0.00   2.96  2.29  0.00
 10   0.00  0.00  0.00   0.00  0.00  0.00   0.27  0.00  0.00   5.96  1.04  0.00

 11   0.00  0.00  0.00   0.39  0.00  0.00   0.00  0.00  0.00   2.69  0.00  0.00
 12   0.00  0.00  0.00   7.88  0.00  0.00   0.00  1.50  0.00   7.03  0.00  1.35
 13   0.00  0.00  0.00   2.13  0.00  0.00   0.47  0.00  0.00   4.46  0.00  0.20
 14   0.00  0.00  0.96   0.14  0.00  0.00   0.00  0.00  0.00  10.63  0.00  0.00
 15   0.60  0.23  0.41   0.13  0.00  0.00   0.00  0.00  0.00   0.25  0.00  0.00

 16   0.65  0.18  4.15   0.11  8.80  0.00   0.00  0.00  0.00   0.28  0.00  0.00
 17   0.00  1.26  0.00   0.21  1.15  0.00   0.00  0.00  0.00   0.78  0.00  0.00
 18   1.05  2.19  0.48   0.00  0.58  0.00   0.00  0.19  0.00   0.79  0.15  0.00
 19   0.00  3.44  0.00   3.09  3.08  0.00   0.00  0.00  0.00   0.82  0.00  0.00
 20   0.40  7.13  4.14   0.33  0.00  0.00   0.00  0.36  0.00   7.54  0.00  0.00

 21   0.00  0.14  0.65   0.67  0.30  0.00   0.00  0.00  0.00   3.00  0.00  0.00
 22   0.00  0.25  1.78   2.33  0.00  0.00   0.00  0.00  0.00   0.24  0.00  0.00
 23   2.92  0.20  0.67   0.00  0.00  0.00   0.00  0.00  0.00   0.02  0.00  0.00
 24   6.05  0.00  0.58   0.00  0.00  0.00   0.00  0.88  0.00   0.08  0.00  0.00
 25   0.19  0.32  0.25   0.00  0.00  0.00   0.00  0.58  0.00   0.00  0.00  0.00

 26   3.74  7.35  2.13   0.00  0.00  0.00   0.00  0.00  0.00   0.00  0.00  0.00
 27   3.57  0.00  2.61   0.00  0.00  0.00   0.00  0.00  0.15   0.00  0.00  0.00
 28   0.71  0.32  1.15   0.00  0.00  0.00   0.00  0.00  0.00   0.00  0.00  0.00
 29   1.21        1.44   0.00  0.00  0.00   0.00  0.00  0.00   0.00  0.00  0.00
 30   3.54        0.42   0.00  0.00  0.00   0.00  0.00  0.00   0.00  0.00  0.00

 31   4.00        0.00         0.00         0.00  0.00         0.00        0.00
================================================================================
Mean  0.94  1.96  0.90   0.63  0.45  0.07   0.05  0.11  0.01   1.54  0.12  0.05
--------------------------------------------------------------------------------
Yearly Mean = 0.56
