
                              FLARE INDEX OF SOLAR ACTIVITY
                                   NORTHERN HEMISPHERE
      1995
--------------------------------------------------------------------------------
Day    Jan   Feb   Mar    Apr   May   Jun    Jul   Aug   Sep    Oct   Nov   Dec
================================================================================
  1   0.00  0.00  0.00   0.00  0.00  0.00   1.32  0.21  0.00   0.00  0.00  0.00
  2   0.00  0.00  0.00   0.00  0.00  0.00   0.00  0.73  0.00   0.00  0.00  0.56
  3   0.00  0.00  0.00   0.00  0.00  0.49   0.00  0.00  0.08   0.00  0.00  0.00
  4   0.00  0.00  0.00   0.00  0.00  2.88   0.00  0.27  5.37   0.00  0.00  0.00
  5   0.00  0.00  0.00   0.75  0.00  6.32   0.00  2.25  7.83   0.00  0.00  0.00

  6   0.00  0.00  0.00   0.00  0.00  1.19   0.00  0.00  0.00   0.00  0.00  0.00
  7   0.00  0.00  0.00   0.00  0.00  0.00  11.63  0.00  0.00   0.00  0.00  0.00
  8   0.00  0.00  0.00   0.00  0.00  3.70   1.43  0.00  0.00   1.41  0.00  0.00
  9   0.00  0.00  0.00   0.00  0.00  0.00   1.04  0.00  0.00   0.54  0.00  0.00
 10   0.00  0.00  0.00   0.00  0.00  0.10   0.00  0.00  0.00   0.00  0.00  0.00

 11   0.00  0.61  0.00   0.00  0.00  0.00   0.00  0.00  0.00   0.00  0.00  0.00
 12   0.00  0.15  0.00   0.00  0.38  0.44   1.49  0.00  0.36   0.00  0.00  0.00
 13   0.00  0.10  0.00   0.00  2.61  0.27   0.45  0.00  0.00   0.00  0.00  0.00
 14   0.00  0.08  0.00   0.00  0.86  0.00   0.56  0.00  0.00   0.00  0.00  0.00
 15   0.00  0.00  0.00   0.42  1.38  0.00   0.00  0.00  0.00   0.13  0.00  0.00

 16   0.00  0.00  0.00   0.00  4.98  0.00   0.00  0.00  0.00   0.55  0.48  0.00
 17   0.00  0.00  0.00   0.00  1.00  0.00   0.00  0.00  0.00   0.00  0.00  0.00
 18   0.00  0.00  0.00   0.00  0.04  0.30   1.08  0.86  5.51   0.00  0.00  0.00
 19   0.00  0.23  0.00   0.00  0.00  0.00   0.00  0.27  0.00   0.00  0.00  0.00
 20   2.80  1.17  0.13   0.00  0.00  0.00   0.00  0.00  2.10   0.00  0.00  0.00

 21   4.10  0.66  0.48   0.00  0.00  0.22   0.49  0.36  0.15   1.04  0.00  0.00
 22   0.15  0.00  0.00   0.23  0.00  0.00   0.00  0.00  3.52   0.00  0.22  0.00
 23   0.15  0.00  0.00   0.00  0.00  0.75   0.00  0.53  0.00   0.00  0.00  0.00
 24   0.00  0.00  0.00   0.00  0.00  0.00   0.00  1.11  0.00   0.00  0.00  0.00
 25   0.53  0.00  0.00   0.00  0.00  0.00   0.00  0.10  0.18   0.00  0.00  0.00

 26   0.83  0.00  0.00   0.00  0.00  0.00   0.00  0.50  0.49   0.00  0.00  0.00
 27   0.94  0.00  0.00   0.00  0.00  0.00   0.00  0.29  0.00   0.00  0.00  0.36
 28   0.96  0.00  0.00   0.00  0.17  0.39   0.00  1.36  0.00   0.00  1.46  0.00
 29   0.00        0.00   0.00  0.18  1.24   0.00  0.00  0.00   0.00  0.00  0.25
 30   0.00        0.00   0.00  0.00  3.40   0.00  0.60  0.00   0.00  0.00  0.00

 31   0.00        0.00         0.00         0.00  0.28         0.00        0.00
================================================================================
Mean  0.34  0.11  0.02   0.05  0.37  0.72   0.63  0.31  0.85   0.12  0.07  0.04
--------------------------------------------------------------------------------
Yearly Mean = 0.30
