
                              FLARE INDEX OF SOLAR ACTIVITY
                                   NORTHERN HEMISPHERE
      1991
--------------------------------------------------------------------------------
Day    Jan   Feb   Mar    Apr   May   Jun    Jul   Aug   Sep    Oct   Nov   Dec
================================================================================
  1   3.00  0.12  4.36   4.25  0.00  7.29  13.57  3.51  0.67   0.21  6.67  0.49
  2   0.00  1.89  2.97  16.94  0.00  9.56  11.15  8.99  5.92   3.38  3.88  2.22
  3   0.07  1.30  1.71   0.86  0.40  3.44  13.15 13.68  7.10   2.65  3.02  7.99
  4   3.48  1.62  5.77   6.03  0.00 13.66  15.19  4.83  8.21   1.08  1.53  5.96
  5   1.55  0.37  1.30   2.40  3.15  9.62  64.69 10.70  7.84   2.92  0.31  7.93

  6   3.69 11.98  1.79  14.27  3.48 28.48  24.71 12.41  1.58   2.38  5.67 10.24
  7   0.52  1.53  3.42   3.68  3.85 38.90  46.31  3.72  0.00   5.10  3.01  9.67
  8   4.02 11.14  0.55  15.17 12.08  6.17   6.81  3.81  2.44   5.81  4.85 36.13
  9   4.60  2.29  5.13   8.02  5.19 22.28  15.07  0.63  0.94   4.03  7.83 10.86
 10   8.80 10.18  2.39  19.60  7.93 21.55   9.66  0.00  0.00   1.46  6.75  8.19

 11   5.35  8.82  0.00  12.88  9.96 34.21  62.63  1.83  0.52   1.31  0.67  4.21
 12   4.40  9.33  2.98   4.52  2.94 12.75  13.21  1.42  3.04   1.57  6.90  5.90
 13   5.89  6.89  0.49   6.42  3.97 17.29   4.58  2.60  3.24   4.05  3.40  5.86
 14   2.71 12.10  0.20   6.45  1.35  9.42   1.69  0.48  0.60  20.25  5.33  7.21
 15   8.39  2.72  0.87  14.31  3.28 35.67   1.54  0.20  0.09   3.04  2.48  4.72

 16   6.62  8.36  0.00  20.97 13.62  5.21   0.00  5.85  0.37   3.25  0.11  3.45
 17   3.80  1.49  0.30  11.65  4.23  8.79   0.00  0.42  2.38   2.69  1.12  4.83
 18   8.54  1.71  1.56   7.72 48.85  9.45   5.02  7.92  6.36   0.60  0.00  0.00
 19   2.96  0.60  0.00   5.02  1.73  1.92   0.00  2.54  1.44   0.00  0.00  4.59
 20   1.49  4.16  0.00  43.29  0.00  3.05   6.01  1.51  3.06   0.90  0.00  0.00

 21   0.22  0.00  0.00   0.28 12.30  1.92   1.75  1.02  2.26   4.70  0.00  0.00
 22   0.20  3.58  0.11   0.29  7.19  0.65  28.32  1.83  0.79   0.95  0.73  0.54
 23   0.46  0.00  2.52   0.26  3.10  2.15   7.63  4.20  0.55   1.45  0.00  0.00
 24   0.73  1.53  1.92   0.00  3.06  3.38  10.06  1.85  1.10   2.62  0.00  1.98
 25   0.37  6.51  2.39   1.02  4.47  4.60   6.26 34.14  0.67   3.33  0.00  0.00

 26   4.31  0.00  0.00   2.93  3.65  1.58   5.31  2.83  0.00   2.13  0.00  0.00
 27  13.24 10.21  0.37   0.98 11.40  4.15   5.81  6.50  0.00   6.53  0.75  0.00
 28   5.77  0.36  0.61   0.81 16.94  4.11   6.35  7.67  3.21   5.33  0.00  0.00
 29   7.03        5.58   0.65 26.93  2.05   4.80  3.13  0.00   1.18  0.18  0.00
 30   1.71        0.00   0.94  4.67 13.43  14.67  2.81  1.83   0.59  0.00  0.00

 31   9.53        0.28        14.39         4.78  0.00         3.65        0.00
================================================================================
Mean  3.98  4.31  1.60   7.75  7.55 11.22  13.25  4.94  2.21   3.20  2.17  4.61
--------------------------------------------------------------------------------
Yearly Mean = 5.57
