
                              FLARE INDEX OF SOLAR ACTIVITY
                                   SOUTHERN HEMISPHERE
      1991
--------------------------------------------------------------------------------
Day    Jan   Feb   Mar    Apr   May   Jun    Jul   Aug   Sep    Oct   Nov   Dec
================================================================================
  1   4.30 19.23  2.76   5.37  4.84 14.21   9.24 13.37  5.88  14.36  6.42  6.42
  2   5.13 23.28  4.85   0.73  3.25 26.67   0.00  0.91  8.73  12.19 11.98  4.78
  3   5.81 14.23  1.40   3.69 11.08  2.78   7.69  2.94 14.92  17.60  2.44  5.84
  4   9.88 23.26  0.77   1.34  5.81  2.69   3.73  1.58  1.83   8.42  3.11  2.26
  5   4.74  6.12 14.17   3.04  5.42  9.02   3.53  3.65 11.13  11.41  8.85  3.36

  6   3.19 21.13  7.68   6.77  8.68 18.67   2.40  3.72  7.82   2.31 13.40  5.52
  7   9.99  6.53 27.84   2.94  5.19  5.79   1.99  7.07 31.90   3.52  6.75  1.32
  8  15.16  1.32 16.22   8.75  8.67  7.58   1.31  5.32 16.99   3.58 25.77  1.45
  9   3.46  0.00 28.15  13.56  5.08  8.16   4.55  0.00  8.99   2.44 14.73  7.56
 10   4.06  0.00  9.13   9.17  6.65  7.78  15.04  0.44  2.39   5.17 10.99 11.69

 11   7.63  3.82  9.53  15.29  4.40  3.33   0.40  0.70  7.00   4.17  3.62 13.17
 12  15.19  1.47 13.35  14.62  9.96  2.33   9.31  3.29  1.40   5.66  1.77 11.58
 13   8.18 10.98 18.67   5.74  4.62  0.96  10.21  2.75  0.26   2.83  3.09  5.08
 14   3.89  2.44 12.07  12.72  5.77  8.13  10.96  8.75  6.23  20.63  1.25 11.46
 15   2.71 10.52 22.73  19.95 10.10  4.54   3.97 32.78  3.49  10.17  6.57  4.84

 16   0.90  3.03 17.85  20.21  3.56  1.95   8.02 15.63  5.81   6.29  4.75 15.54
 17  13.07  4.33 37.41   7.52 22.06  2.19  27.47 14.02  1.42   5.69  5.06  6.20
 18  13.27 11.03 31.78   1.94  9.17  2.23   3.80 12.12  0.00   1.73  2.52  4.70
 19   4.33 19.02 12.74   2.02  9.33  7.68   9.26  7.90  0.46   0.00  8.77  5.10
 20   5.19  9.68 49.38   3.31 10.78  8.90   9.21 14.35  0.15   2.02  8.51  7.40

 21  20.04 10.82 46.92   7.64  4.76  6.17   3.07  3.18  1.24   0.80  1.92  1.25
 22  42.52  3.39 37.95   1.46  7.00 14.21  10.42 10.90  8.42   8.67  1.37  8.45
 23   8.90 12.95 87.92   4.31  1.58  3.42  12.13 12.43  7.98   4.25  4.95 21.11
 24   8.36 11.30 48.23   2.84  1.31  3.46   8.97  9.50  4.65  22.02  4.30 20.53
 25  32.08 19.33 19.49   8.69  0.21  1.15   3.35  6.36  4.75  19.05  1.69  7.34

 26  16.56  3.93 18.46   1.29  1.48  0.00   6.29  5.00 10.17  16.83  6.29 32.15
 27  34.38 10.59 13.31   4.60  3.65 15.69   2.27  0.16  7.77  31.45  5.50 15.75
 28  32.57  4.16  5.91   9.86  4.54  5.78   2.12  0.86  5.98  18.14  3.88 10.54
 29  27.60        9.44   2.13  7.64  5.03   4.27 31.94 32.27  19.39  7.03 12.21
 30  26.77        8.83   3.79  2.45  3.12   4.29 14.24 12.63  15.96 11.27 40.91

 31  69.97        7.60         9.94        10.86 10.98         6.69       12.72
================================================================================
Mean 14.83  9.57 20.73   6.84  6.42  6.79   6.78  8.28  7.75   9.79  6.62 10.27
--------------------------------------------------------------------------------
Yearly Mean = 9.58
