
                              FLARE INDEX OF SOLAR ACTIVITY
                                   NORTHERN HEMISPHERE
       1980
--------------------------------------------------------------------------------
Day    Jan   Feb   Mar    Apr   May   Jun    Jul   Aug   Sep    Oct   Nov   Dec
================================================================================
  1   3.71  7.29  3.85   5.94  3.29  0.38   0.40  1.25 15.50  13.06 21.61  5.40
  2   1.59  7.31  6.16  17.33  3.33  0.46   0.56  3.25 16.93   5.19 18.42  5.56
  3   2.81  6.83  0.00  21.79  3.04  0.60   0.00  2.24 13.33  12.92 22.02  4.36
  4   9.60 22.06  3.57  14.96  0.67  1.56   2.14  3.50 12.03   5.19 18.02  2.60
  5  11.08  3.01  2.70  15.07  2.00  2.72  12.17  0.78  8.86   9.60 18.74  0.54

  6  12.05  5.47  3.90  16.67  0.69  4.35   6.77  4.45  6.44   5.04 27.43  0.29
  7   4.40 16.53  6.73  41.47  6.43 12.85   8.94  2.38 12.19  14.42 34.79 11.99
  8  12.54  6.23  1.40  16.99  4.92  5.77   9.12  0.38 14.60  16.73 29.54  8.17
  9  14.16  5.28  1.85   7.21  1.09  1.69   5.56  8.15 11.05   7.58 11.44  5.88
 10  13.87  9.41  0.00  13.85  2.92  3.36   7.35  1.83  5.31   8.16 22.28  5.42

 11   4.89 13.90  0.00  16.67  0.00  2.63   4.10  2.41 10.23   6.02 24.30  0.82
 12   9.04 19.52  0.00  12.44  1.48 13.48  13.71  3.85 11.95  13.35 11.29  0.75
 13  28.85  6.43  0.27  19.90  0.00 10.63   0.67 32.97  5.58  15.94  2.83  9.48
 14  10.02  1.81  0.13   6.15  0.63 13.06   0.99  7.31  4.03   9.52  5.21 21.34
 15   5.02  0.95  2.38   5.63  1.65  3.83   1.65  7.85  2.90  33.82  3.13 18.87

 16   8.08  1.67  0.53  16.88  4.46  0.35   5.88  5.32  7.49   9.33 20.62 16.94
 17   2.21  3.68  0.00   6.33 15.48  1.65   6.46  5.52  2.46   0.53 20.03 26.90
 18   2.44  3.63  1.47   4.55  5.59  1.42   6.96  8.25  2.71   0.29 20.94 23.31
 19   4.57  1.97  1.84   1.61  5.13  3.50   1.48  5.19  4.35   1.40 31.75 21.24
 20   1.52  4.63  2.12   9.39  0.45  3.08   2.40  6.84  5.52   1.62 20.73  6.08

 21   4.06  1.34  0.26   5.37  0.33  3.49   3.02 17.73  4.58   9.15 14.60  7.40
 22   0.31  3.85  0.74   6.24 19.55  6.21   0.92 21.54  9.42  10.02 20.81  5.89
 23   3.25  1.75  1.05   1.58  0.29 18.81   1.26  8.00 13.01   5.50 22.00  6.69
 24   7.13  1.48  9.69   6.36  9.14  6.85   3.44 20.16  8.38   4.60 19.19  7.66
 25  15.26  5.81  8.44   9.73  4.02  4.29   2.73 23.21  7.56   9.62 11.24  6.75

 26   9.53  1.23 12.51   7.53  1.99  2.65   2.76  9.05  4.81   0.50  8.79  3.21
 27  13.66  3.29 11.23   4.89  1.09  4.40   1.81 20.02  4.69   9.38  5.63  5.06
 28  11.42  3.42 18.53   1.96  7.10  3.33   0.33  8.29  8.81  10.40  3.77  6.11
 29  12.20  6.77 19.37   4.25  3.73  0.94   0.38 11.79  2.65  11.58 11.36  3.04
 30   4.39       10.35   2.81  0.71  1.23   3.17 17.73 23.10   7.56  7.84  3.56

 31   3.69        7.38         0.00         5.55  5.82        21.77        3.19
================================================================================
Mean  7.98  6.06  4.47  10.72  3.59  4.65   3.96  8.94  8.68   9.35 17.01  8.21
--------------------------------------------------------------------------------
Yearly Mean = 7.79
