
                              FLARE INDEX OF SOLAR ACTIVITY
                                   SOUTHERN HEMISPHERE
       1980
--------------------------------------------------------------------------------
Day    Jan   Feb   Mar    Apr   May   Jun    Jul   Aug   Sep    Oct   Nov   Dec
================================================================================
  1   3.17 14.98 13.59   1.82 16.08 10.66   6.12  2.48 12.20   0.35  8.02  5.63
  2   4.08  5.00  3.26   2.29 10.46 19.23   2.82  1.63 12.78   2.23 11.15 26.46
  3   2.73 10.07  8.85   2.71 10.85 14.44   5.69 18.42 15.51   7.94  0.77  8.20
  4   1.00  3.02  7.35   3.10 10.06 18.52   3.69  2.61 17.53   0.87  1.54  7.40
  5  17.66 10.23  5.02   6.95 11.12 11.81   0.99  2.25  2.97   3.35 25.04 12.21

  6  14.73 31.68  3.00   1.84 11.15 10.56   0.00  0.57  4.88   4.29 64.43  6.24
  7  11.56 14.02  3.93   3.38  4.83  5.11   1.06  4.35  3.48   1.02 25.46  7.71
  8  10.79  9.15  1.99   6.38  5.06  6.60   0.79  4.81 12.02  10.50 14.28  5.91
  9  20.17  5.54  0.86   5.69 10.64  7.12   3.92  8.74  3.02  12.94 23.53 24.73
 10  15.64  8.83  2.63  15.02  7.13  7.35   7.63  9.72  3.86  16.13 31.76  8.52

 11   6.97  4.56  4.31  20.96 10.61  4.46  16.32 21.30 16.58  22.25 36.42  0.00
 12   9.63  6.13  3.14  19.92  7.98  5.19  13.02  8.90  5.17   6.33 24.35  3.25
 13   9.68 24.85  6.02  18.23  7.37 10.81  20.10 20.41  2.81   9.90 21.77  9.98
 14   8.25  3.37  2.51  12.83  9.26 13.77   6.70  9.17  1.99  26.49 33.04  5.63
 15   0.00 14.18  4.71   7.17  8.42  6.10   6.17  8.98  1.59   7.94 13.71  6.04

 16   7.48  5.24  0.18   8.48 14.90  5.46   6.55  4.68  5.59  16.54 17.57  1.46
 17   5.50  2.03  1.65   2.81 21.08  5.40  19.28  4.21 10.77  18.80  8.27  5.15
 18   1.21  2.49  6.68   2.06  3.88  6.48  23.27  4.67  9.81  17.35  1.81  4.28
 19   2.93  6.69 16.50   2.47  8.67 31.85  10.71  7.93  9.15  11.26  1.19  7.92
 20   5.29 12.95  8.28   0.47  3.22 26.81  23.90  9.00 15.63   6.68  1.23  7.89

 21   2.13  5.09  6.08   7.10 12.28 22.46  21.51  1.40  3.62   5.44  0.63  3.27
 22   7.65  3.48  3.80   6.41  3.74 15.67  13.25  0.82  1.47  10.49  4.63  4.88
 23  22.31  4.52 11.28   9.59  6.49 28.44  38.51  0.56  3.47   3.62  0.94  4.00
 24  17.08  2.50  9.24  16.47 14.06 22.83   9.27  0.43  6.73   3.77  7.86  2.70
 25  40.98  6.92 11.66   9.60  8.82 26.10   7.64  0.86 12.06   2.99  3.53  2.10

 26   4.22  6.67  5.36  13.17 11.52 11.58   9.49  6.15  6.30   7.47  0.27  5.29
 27   3.24 11.56  4.39  10.30  9.73 12.40   5.79  4.98 13.40   8.15  8.66  7.92
 28  10.28  4.94  4.81  12.42 23.28 11.20   3.41  4.34  2.53  12.77  9.32  7.58
 29   4.45 10.02  2.01  23.24 11.99  3.87   9.29 10.54  7.73   3.94  2.15 11.46
 30   4.32        2.15  13.96  7.08 23.23   4.69  5.04  2.63   8.06  8.23 10.40

 31   6.44        2.83         8.67         1.80 18.05         3.42       19.55
================================================================================
Mean  9.08  8.59  5.42   8.89 10.01 13.52   9.79  6.71  7.58   8.81 13.72  7.86
--------------------------------------------------------------------------------
Yearly Mean = 9.15
