Kandilli Observatory
                              FLARE INDEX OF SOLAR ACTIVITY
                                   SOUTHERN HEMISPHERE
      2003
--------------------------------------------------------------------------------
Day    Jan   Feb   Mar    Apr   May   Jun    Jul   Aug   Sep    Oct   Nov   Dec
================================================================================
  1   0.89  1.48  0.32   2.31  8.81  0.61   0.00  0.00  0.00   0.90  4.83  0.00
  2   0.13  1.16  1.06   2.34  2.28  0.90   0.00  9.95  0.00   2.85 29.91  0.21
  3   4.76  0.00  0.00   3.52  0.46  0.00   0.00  3.14  0.10   1.12  1.05  0.00
  4   4.42  0.56  0.00   6.90  1.68  0.00   0.00  0.19  0.07   0.24 12.09  0.26
  5   2.44  0.14  0.00   3.03  0.92  0.00   0.00  0.80  0.00   0.90  0.41  0.11

  6   0.79  1.28  0.00   0.57  0.12  0.00   0.00  0.00  0.00   0.00  0.00  0.00
  7   5.49  1.85  0.00   0.00  0.43  0.00   0.00  0.75  1.69   1.85  0.00  0.00
  8   9.97  0.00  0.40   0.26  0.00  7.61   3.18  0.10  0.00   0.00  0.00  0.00
  9   9.12  0.42  0.49   0.91  0.00  2.82   1.02  0.13  0.00   0.43  0.00  0.00
 10   0.83  0.00  0.12  13.17  0.16  1.44   0.13  0.91  0.53   0.00  0.11  0.00

 11   5.87  1.21  2.11   0.00  0.00  3.06   0.00  0.00  0.00   0.00  1.55  0.00
 12   2.08  3.30  0.00   0.00  0.00  3.31   0.00  1.78  0.09   0.00  0.00  0.00
 13   2.43  0.22  1.21   0.00  0.00  0.79   0.21  3.02  1.36   0.00  0.00  0.00
 14   0.17  0.00  0.00   0.61  0.00  0.85   0.00  2.08  0.82   0.00  0.00  0.00
 15   0.69  0.09  2.03   0.00  0.00  0.64   0.00  1.52  1.06   0.17  0.00  0.00

 16   0.65  0.00  6.77   0.00  0.00  0.53   1.32  0.59  1.02   0.18  0.00  0.00
 17   0.00  0.00  4.95   0.14  0.15  1.60   3.08  0.93  0.60   0.00  3.63  0.00
 18   0.50  0.00 43.40   0.00  0.57  0.15   1.88  0.84  0.81   0.00  0.28  0.00
 19   0.00  0.00 19.48   0.00  0.56  0.00   1.14  6.33  0.21   0.00  0.00  0.00
 20   0.28  0.37  1.35   0.09  0.91  0.82   5.06  0.00  0.00   0.00  0.14  0.00

 21   1.27  0.00  0.86   0.93  0.00  0.65   6.05  0.00  0.00   0.38  0.21  0.08
 22   0.51  0.00  0.00   0.00  5.72  0.00   3.35  0.00  0.00   0.55  0.00  0.28
 23   8.15  0.00  0.00   0.00  0.48  0.13   2.31  0.00  0.00   5.78  0.65  0.00
 24   4.87  0.00  0.00   1.62  0.61  0.00   0.00  0.00  0.00   8.05  0.32  0.00
 25   0.00  0.00  0.16   0.00  1.36  0.15   0.00  3.13  0.00  11.22  0.44  0.60

 26   0.00  0.00  0.57   0.00 17.72  0.00   0.00  0.05  0.00  53.11  0.30  0.00
 27   0.97  0.00  0.00   0.28 43.83  0.00   0.00  0.24  0.00  10.84  5.14  0.00
 28   0.00  0.58  0.00   0.57  1.06  0.00   0.00  0.26  0.00 115.67  0.25  0.00
 29   0.46        4.63  11.37  0.13  0.95   0.81  0.15  0.00  29.71  1.27  0.00
 30   0.17        0.00   0.23  8.47  1.47   0.88  1.27  0.52   2.48  0.00  0.00

 31   0.00        0.84        25.96         0.00  1.38         1.27        0.00
================================================================================
Mean  2.19  0.45  2.93   1.63  3.95  0.95   0.98  1.28  0.30   7.99  2.09  0.05
--------------------------------------------------------------------------------
Yearly Mean = 2.09
