Kandilli Observatory
                              FLARE INDEX OF SOLAR ACTIVITY
                                   NORTHERN HEMISPHERE
      2003
--------------------------------------------------------------------------------
Day    Jan   Feb   Mar    Apr   May   Jun    Jul   Aug   Sep    Oct   Nov   Dec
================================================================================
  1   0.22  0.00  0.23   0.00  0.00  0.13   0.68  0.00  0.00   2.44  2.38  0.00
  2   0.00  0.00  0.38   0.00  0.21  5.38   6.60  0.00  0.00   2.03  0.56  0.00
  3   0.41  0.00  0.00   0.00  0.00  0.58   3.70  0.13  0.07   0.00 14.74  0.00
  4   0.00  0.00  0.00   3.64  0.00  0.11   8.70  0.00  0.00   0.00  0.00  0.00
  5   0.00  0.44  0.73   0.00  0.00  0.74   1.81  0.00  0.00   0.00  0.00  0.00

  6   0.00  5.59  0.00   0.00  0.00  5.97   2.43  0.00  0.00   0.00  0.00  0.00
  7   0.00  0.00  0.35   0.00  0.00  0.92   0.36  0.00  0.00   0.00  0.00  0.00
  8   0.08  0.00  0.79   0.05  0.00  5.15   0.45  0.00  0.00   0.00  0.00  0.00
  9   0.00  0.00  0.33   0.00  0.00  9.49   7.73  0.00  0.00   0.00  0.00  0.00
 10   0.00  0.00  0.33   0.00  0.00 34.42   0.50  0.00  0.00   0.00  0.09  0.00

 11   0.00  0.00  0.00   0.00  0.00 20.08   0.07  0.00  0.00   0.00  0.00  0.00
 12   0.00  2.13  0.64   0.00  0.00 12.71   0.62  0.00  0.00   0.00  0.00  0.00
 13   0.00  0.74  1.21   0.27  0.00  2.92   1.13  0.00  0.00   0.00  0.00  0.00
 14   0.00  1.16  0.00   0.00  0.00  0.00   0.75  0.00  0.00   0.00  0.00  0.09
 15   0.00  0.00  0.29   0.00  0.00  0.15   0.00  0.00  0.00   0.00  0.86  0.00

 16   6.20  0.00  0.00   0.00  0.27  0.00   0.00  0.00  0.00   0.00  1.23  0.00
 17   0.15  0.00  0.00   0.00  0.00  0.48   4.46  0.00  0.21   0.00  5.92  0.55
 18   0.00  1.57  2.14   0.00  0.00  1.40   1.09  0.00  0.00   3.10 16.39  1.23
 19   1.28  6.61  0.00   0.15  2.00  0.00   0.95  0.39  0.00   9.37  6.67  2.21
 20   0.49  1.76  0.00   0.54  0.00  0.00   0.27  0.00  0.56   9.87 22.80  0.68

 21   1.27  6.74  0.00   2.04  0.00  0.22   0.15  0.00  0.00   3.62  0.95  0.76
 22   1.32  1.10  0.00   1.39  0.00  0.29   1.10  0.33  0.21   9.78  0.45  1.44
 23   0.00  0.00  0.00   5.37  0.00  0.13   0.07  0.35  0.37   2.17  0.27  2.74
 24   0.00  2.17  0.00   1.84  0.72  2.01   0.00  1.12  2.89   2.00  0.00  1.80
 25   1.31  0.32  1.36   3.92  0.64  0.06   0.00  0.00  0.36   5.62  0.00  4.57

 26   1.51  0.09  0.77   5.00  0.00  0.00   0.26  1.55  0.69  18.51  0.00  3.54
 27   0.68  0.00  2.71   5.30  0.00  0.00   0.08  4.13  1.69  17.77  0.00  0.00
 28   0.00  0.39  0.00   0.23  0.00  0.00   0.75  1.26  1.15  28.65  0.00  0.00
 29   0.66        0.00   0.00  0.00  0.00   0.33  0.00  2.68   2.16  0.00  0.00
 30   0.00        0.32   0.00  8.61  4.32   3.32  0.66  3.31   5.71  0.00  0.00

 31   0.00        0.00         0.00         0.12  0.00         4.76        0.00
================================================================================
Mean  0.50  1.10  0.41   0.99  0.40  3.59   1.56  0.32  0.47   4.12  2.44  0.63
--------------------------------------------------------------------------------
Yearly Mean = 1.37

