
                              FLARE INDEX OF SOLAR ACTIVITY
                                   SOUTHERN HEMISPHERE
       1981
--------------------------------------------------------------------------------
Day    Jan   Feb   Mar    Apr   May   Jun    Jul   Aug   Sep    Oct   Nov   Dec
================================================================================
  1   1.03  6.69 18.56  16.38  0.70  0.28   2.84  8.20 19.24   2.84 11.85  2.77
  2   1.29  6.98 26.42   3.29  5.19  0.31  20.29  2.60 14.27   2.52  7.58  5.98
  3   5.75  3.27 25.13   7.19  0.94  3.69  35.27  8.77 18.48  13.79  7.48  3.21
  4   2.17  5.04 16.05   7.63  0.54  1.88   4.11 15.44  7.43   4.27 25.23  4.71
  5   2.42 11.35 16.70   1.94  0.73  0.30   4.52  5.58 14.54   7.90 12.38  8.10

  6   3.93 20.98  3.60   2.36  1.46  8.42   0.57 16.55  9.71  11.19 15.81  5.96
  7   5.34  4.89  6.13   1.60  4.50  2.74   2.04 21.48  6.53  12.95 17.89 10.72
  8   9.33  2.13  5.00   2.06  2.99  0.44   4.94  5.38  4.44  16.04  7.25 13.45
  9   9.46  8.85  5.04   2.60  1.30  8.47   6.85  3.00  7.24  19.83 21.87  6.48
 10   3.11  4.49  4.41   0.81  0.40  6.92   6.75  9.98  1.27  28.94  8.25  3.14

 11   4.39  0.59  3.36   1.79  0.42 11.21   7.19 24.50  1.64  46.83  2.91  8.36
 12   5.39  0.56  4.50   0.00  2.81  7.14  11.83 26.74  0.67  37.59  3.42  9.15
 13   5.78  4.46 11.86   3.58  1.21  3.77   2.95 20.27  1.41  24.45 13.33  4.52
 14   1.56  7.20  5.13   4.92  0.00  3.85   6.50 14.45  0.72  27.42 10.77  5.53
 15   0.92  1.04  2.84   2.06  0.48  1.52  18.42  7.39  2.58  13.90  5.72  9.18

 16   1.54  0.79  4.38   2.31  2.93 13.88  18.15 12.04  3.90  40.29  0.41  2.75
 17   2.71  0.96  1.66   1.58  0.69 15.40  30.88 13.90  2.65  26.72  6.42  3.90
 18   0.96  0.60  0.00   0.96  3.27 13.33  26.37 14.00  4.67  31.24 16.96  2.14
 19   2.47  0.14  0.00   3.51  0.63  5.74  35.23 23.81  1.60  24.36  3.30  0.62
 20   0.27  0.00  3.20   3.60  1.69  1.06  12.36 28.94  4.50  21.00  3.36  0.74

 21   0.56  1.51  5.11   2.18  3.23  4.96   4.05 27.94  0.60  18.42  4.58  0.77
 22   2.86  3.52  3.84   3.71  0.00  2.43   9.13 18.27  4.85   9.42  8.35  3.35
 23   4.56  8.21  7.31   1.41  1.32  2.39   8.71 10.04  1.05   2.85  2.42  1.44
 24   8.17 26.24  3.42  10.42 16.09  6.52   9.85 10.71  2.45  11.22  5.82  3.61
 25  15.25  8.00  3.46   0.71  3.29  0.78  14.71 14.23  2.54   5.73  3.33  4.72

 26  21.71 43.91  3.31   1.15  0.15  8.97  32.79 16.30  5.17   0.42  8.54  3.15
 27  19.34 12.07  9.85   2.04  1.59  8.82  27.60 38.23  7.19   7.15  5.05 23.04
 28  20.79  9.60 18.72   1.57  2.39  5.21  11.42 14.02  5.77   6.64  7.03  2.50
 29   8.20       12.89   5.48  0.32 10.73   9.83 16.46  4.47   1.50  3.57  3.09
 30  11.17        8.92   0.29  1.19  3.00  20.15 14.71  9.91   0.25  6.89  3.97

 31  11.10       10.29         1.13        14.83 10.44         6.50        1.24
================================================================================
Mean  6.24  7.29  8.10   3.30  2.05  5.47  13.58 15.30  5.72  15.62  8.59  5.24
--------------------------------------------------------------------------------
Yearly Mean = 8.07
