Kandilli Observatory
                              FLARE INDEX OF SOLAR ACTIVITY
                                   SOUTHERN HEMISPHERE
      1996
--------------------------------------------------------------------------------
Day    Jan   Feb   Mar    Apr   May   Jun    Jul   Aug   Sep    Oct   Nov   Dec
================================================================================
  1   0.00  0.00  0.00   0.00  0.00  0.00   0.00  0.36  0.00   0.00  0.00  1.74
  2   0.00  0.00  0.00   0.00  0.00  0.00   0.00  0.78  0.00   0.00  0.00  2.08
  3   0.00  0.00  0.00   0.00  0.00  0.00   0.00  1.16  0.00   0.00  0.00  0.00
  4   0.00  0.00  0.00   0.48  0.00  0.00   0.11  0.54  0.77   0.00  0.00  0.00
  5   0.22  0.00  0.00   0.00  0.00  0.00   0.00  0.83  0.00   0.00  0.00  0.00

  6   0.00  0.00  0.00   0.00  0.00  0.42   0.00  0.36  0.00   0.00  0.00  0.00
  7   0.00  0.00  0.00   0.00  0.23  0.00   1.36  0.00  0.00   0.00  0.00  0.00
  8   0.00  0.00  0.00   0.00  3.19  0.00   3.66  0.20  0.00   0.00  0.00  0.00
  9   0.00  0.00  0.00   0.00  0.70  0.64   9.28  0.00  0.00   0.00  0.00  0.76
 10   0.00  0.00  0.00   0.00  0.30  0.00   7.44  0.00  0.00   0.00  0.00  0.20

 11   0.00  0.00  4.04   0.00  1.81  0.00   3.11  0.00  0.00   0.00  0.00  0.92
 12   0.00  0.00  0.30   0.00  0.90  0.00   5.50  0.00  0.00   0.00  0.00  2.69
 13   0.00  0.00  0.00   0.00  0.00  0.00   0.00  0.00  0.00   0.00  0.00  1.02
 14   0.00  0.00  0.11   0.00  0.51  0.00   0.00  0.00  0.00   0.00  0.00  0.15
 15   0.00  0.00  0.00   0.00  0.00  0.00   0.00  0.00  0.00   0.00  0.00  0.00

 16   0.00  0.00  0.00   0.00  0.00  0.00   0.00  0.00  0.00   0.00  0.00  0.36
 17   0.00  0.00  0.00   0.00  0.00  0.00   0.00  0.00  0.00   0.00  0.00  0.00
 18   0.00  0.00  0.00   0.00  0.17  0.00   0.00  0.00  0.00   0.00  0.00  0.00
 19   0.00  0.00  0.00   0.00  0.00  0.00   0.00  0.00  0.00   0.00  0.00 10.71
 20   0.00  0.00  0.00   0.07  0.00  0.00   0.00  0.00  0.00   0.00  0.00  0.00

 21   0.00  0.00  0.00   6.40  0.00  0.00   0.00  0.00  0.00   0.00  0.50  0.25
 22   0.00  0.00  0.00  11.48  0.00  0.00   0.00  0.00  0.00   0.00  0.00  0.00
 23   0.00  0.00  0.00   0.52  0.00  0.00   0.00  0.00  0.00   0.00  1.18  0.19
 24   0.00  0.00  0.00   0.00  0.00  0.00   0.00  0.00  0.00   0.00  1.29  0.00
 25   0.00  0.00  0.00   0.00  0.00  0.00   0.00  0.33  0.00   0.00 11.75  0.00

 26   0.00  0.00  0.00   1.35  0.00  0.00   0.00  2.81  0.00   0.00  1.88  0.00
 27   0.00  0.00  0.00   0.00  0.00  0.00   0.00  0.00  0.17   0.00  0.74  0.00
 28   0.00  0.00  0.00   0.00  0.00  0.00   0.00  0.34  0.00   0.00  1.59  0.00
 29   0.00  0.00  0.00   0.00  0.00  0.00   0.34  0.00  0.00   0.00  3.33  0.00
 30   0.00        0.00   0.00  0.00  0.00   0.36  0.00  0.00   0.00  9.13  0.00

 31   0.00        0.00         0.00         0.99  1.30         0.00        0.00
================================================================================
Mean  0.01  0.00  0.14   0.68  0.25  0.04   1.04  0.29  0.03   0.00  1.05  0.68
--------------------------------------------------------------------------------
Yearly Mean = 0.35
