Kandilli Observatory
                             FLARE INDEX OF SOLAR ACTIVITY
                                   NORTHERN HEMISPHERE
      1996
--------------------------------------------------------------------------------
Day    Jan   Feb   Mar    Apr   May   Jun    Jul   Aug   Sep    Oct   Nov   Dec
================================================================================
  1   0.00  0.48  0.00   0.00  0.00  0.00   0.00  0.00  0.00   0.00  0.00  0.00
  2   0.00  0.55  0.00   0.00  0.00  0.00   0.00  0.00  0.00   0.00  0.00  0.00
  3   3.58  0.00  0.00   0.00  0.00  0.00   0.00  0.00  0.00   0.00  0.00  0.00
  4   0.00  0.00  0.00   0.00  0.00  0.00   0.00  0.00  0.00   0.00  0.00  0.00
  5   1.55  0.00  0.00   0.00  0.00  1.12   0.00  0.00  0.00   0.00  0.00  0.00

  6   0.00  0.00  0.00   0.00  0.00  0.52   0.00  0.00  0.00   0.00  0.00  0.00
  7   0.00  0.00  0.00   0.00  0.00  1.51   0.00  0.00  0.00   0.00  0.00  0.00
  8   0.10  0.00  0.00   0.00  0.00  0.00   0.00  0.00  0.00   0.00  0.00  0.00
  9   0.00  0.00  0.00   0.00  0.00  0.55   0.00  0.55  0.00   0.00  0.00  0.00
 10   0.00  0.00  0.00   0.00  0.00  0.00   0.00  0.73  0.00   0.00  0.00  0.00

 11   0.00  0.00  0.00   0.00  0.00  0.46   0.00  0.00  0.00   0.00  0.00  0.00
 12   0.00  0.00  0.00   0.00  0.00  0.00   0.00  0.00  0.00   0.00  0.00  0.00
 13   0.00  0.00  0.00   0.00  0.00  0.00   0.00  0.00  0.00   0.00  0.00  0.00
 14   0.00  0.00  0.00   0.00  0.00  0.00   0.00  0.00  0.00   0.00  0.00  0.30
 15   0.00  0.00  0.00   0.00  0.00  0.00   0.00  0.00  0.00   0.00  0.00  0.00

 16   0.00  0.00  0.00   0.00  0.00  0.00   0.00  0.00  0.00   0.00  0.00  0.00
 17   0.00  0.00  0.00   0.19  0.00  0.00   0.00  0.00  0.00   0.00  0.00  0.00
 18   0.00  0.00  0.00   0.00  0.00  0.00   0.00  0.00  0.00   0.00  0.00  0.12
 19   0.00  0.00  0.00   0.00  0.00  0.00   0.00  0.00  0.00   0.00  0.00  0.09
 20   0.00  0.00  0.00   0.66  0.00  0.10   0.00  0.00  0.00   0.00  0.00  0.23

 21   0.00  0.00  0.00   0.79  0.00  0.00   0.00  0.00  0.00   0.00  0.00  0.00
 22   0.00  0.00  0.15   0.00  0.00  0.00   0.00  4.21  0.00   0.00  0.41  0.00
 23   0.00  0.00  0.64   0.00  0.00  0.22   0.00  0.00  0.00   0.00  0.00  0.00
 24   0.00  0.00  0.00   0.00  0.00  0.00   0.00  0.00  0.00   0.00  0.00  0.00
 25   0.00  0.00  0.00   0.00  0.00  0.00   0.00  0.00  0.00   0.00  0.42  0.00

 26   0.00  0.00  1.73   0.00  0.00  0.00   0.00  0.00  0.00   0.00  0.00  0.00
 27   0.00  0.00  0.00   0.00  0.00  2.39   0.00  0.00  0.00   0.00  0.00  0.00
 28   0.00  0.00  0.00   0.00  0.00  0.00   0.00  0.00  0.00   0.00  0.00  0.00
 29   0.00  0.00  0.00   0.00  0.00  0.00   0.00  0.00  0.00   0.00  0.00  0.00
 30   0.00        0.00   0.00  0.00  0.00   0.00  0.00  0.00   0.00  0.00  0.00

 31   0.28        0.00         0.00         0.00  0.00         0.00        0.00
================================================================================
Mean  0.18  0.04  0.08   0.06  0.00  0.23   0.00  0.18  0.00   0.00  0.03  0.02
--------------------------------------------------------------------------------
Yearly Mean = 0.07
