
                              FLARE INDEX OF SOLAR ACTIVITY
                                   NORTHERN HEMISPHERE
       1983
--------------------------------------------------------------------------------
Day    Jan   Feb   Mar    Apr   May   Jun    Jul   Aug   Sep    Oct   Nov   Dec
================================================================================
  1   0.00  0.00  0.00   0.00  0.00  0.40   3.69  1.60  0.29   0.00  0.00  0.00
  2   0.00  0.00  0.64   0.00  1.23  0.00   1.55  0.89  0.15   0.31  0.13  0.00
  3   0.00  0.00  0.00   0.00  0.00  0.00   0.00  0.00  0.15   0.79  0.42  0.00
  4   0.59  0.56  0.00   0.00  1.83  0.00   0.00  0.21  4.60   1.06  1.11  0.00
  5   1.82  0.00  0.00   0.00  0.15  0.00   0.00  0.00  5.90  16.46  0.00  0.00

  6   2.83  0.00  0.00   0.00  0.00  0.00   0.00  1.12  2.25   2.38  0.00  0.00
  7   3.11  0.00  0.43   0.00  1.44  0.00   0.00  0.13  3.84   5.86  0.00  0.23
  8   0.00  0.00  0.00   0.00  1.58  0.00   0.00  0.42  0.50   4.68  0.00  0.33
  9   0.65  0.00  1.65   0.00  0.44  0.00   0.00  0.00  4.15   6.14  0.00 16.77
 10   0.15  1.08  0.00   0.00  1.15  0.00   0.00  0.54  0.65  15.90  0.00  0.00

 11   0.40  0.00  0.00   0.00  1.41  0.00   0.00  0.00  0.56   9.98  0.00  0.31
 12   2.85  0.00  0.00   0.00  2.70  0.00   0.00  1.29  0.28   9.46  0.00  0.00
 13   1.05  0.00  0.00   0.29  3.25  0.00   0.00  0.00  0.00   8.32  0.00  0.20
 14   0.31  0.00  0.00   4.16  0.25  4.38   1.83  0.09  0.48  24.12  0.00  0.00
 15   2.78  0.00  1.02   0.87  1.06  0.68   3.81  0.59  0.00   9.48  0.00  0.21

 16   2.42  0.00  0.31   2.27  0.00  3.65   2.65  4.38  0.00   8.88  0.00  0.11
 17   4.72  0.00  0.00   0.00  0.96  5.47   1.15  0.29  0.56  12.38  0.00  0.00
 18   6.61  0.00  0.00   2.42 15.23  0.58   5.65  7.38  0.29   5.14  0.00  0.00
 19   1.31  0.00  0.00   1.52  9.46  8.27   1.28  0.52  1.81   2.72  0.40  0.00
 20   0.00  0.90  0.00   0.00  8.02  4.85   2.03  4.27  0.00   0.00  0.67  0.00

 21   2.00  0.00  0.00   0.72  6.18  5.60   3.39 10.21  0.00   0.00  0.00  0.67
 22   2.71  0.40  0.00   5.49  9.06  6.57   1.94  3.07  0.00   0.25  0.00  0.00
 23   1.44  1.02  0.00   0.00  4.77  4.24   1.38  1.91  1.59   0.00  0.00  0.00
 24   3.33  0.17  0.00   0.85  1.55  6.37   6.05  0.72  0.00   0.00  0.00  0.00
 25   3.28  0.56  0.85   0.94  6.97  2.61   4.41  0.00  0.00   0.23  0.00  0.00

 26   2.58  2.02 13.08   0.31  1.95  2.38   0.60  0.00  0.00   0.00  0.00  0.00
 27   0.41  0.49  0.00   0.41  1.25  2.37   0.13  0.00  0.00   0.16  0.98  0.00
 28   1.63  0.85  0.00   1.36  0.00  3.79   0.10  0.00  0.00   0.00  0.11  0.55
 29   3.30        0.00   0.00  0.00  7.19   1.90  0.00  0.00   0.00  1.65  0.00
 30   0.44        0.00   0.00  1.00  4.42   7.10  0.00  0.00   0.00  0.70  0.00

 31   0.58        0.00         0.00         1.28  0.00         0.00        0.38
================================================================================
Mean  1.72  0.29  0.58   0.72  2.67  2.46   1.67  1.28  0.93   4.67  0.21  0.64
--------------------------------------------------------------------------------
Yearly Mean = 1.50
