
                              FLARE INDEX OF SOLAR ACTIVITY
                                    SOUTHERN HEMISPHERE
       1983
--------------------------------------------------------------------------------
Day    Jan   Feb   Mar    Apr   May   Jun    Jul   Aug   Sep    Oct   Nov   Dec
================================================================================
  1   6.86 12.04 18.48   2.09 39.47  7.92   6.31 16.08  9.47   2.56  0.00  0.00
  2   2.72  7.71  7.26   0.52  9.08 12.23  20.48  7.58 14.19   5.80  0.00  0.23
  3   1.67 26.76  3.27   3.52  8.60 14.19   6.49 37.29  4.77   1.16  1.58  0.00
  4   8.26 17.57 14.32   3.08  8.61 26.82  15.17 16.94  0.00   0.31  1.53  0.00
  5   3.29 24.07  2.05  10.46  5.73 20.50   5.88  7.67  2.03   2.10  1.83  4.75

  6  11.67  7.20  3.27   0.79  6.38 22.43   4.59 11.44  0.17   4.48  0.13 14.08
  7  18.58  1.13  0.51   4.60 12.75 15.96   1.21  6.59  0.55   2.08  7.88  8.24
  8  19.17  1.87  9.75   5.64 15.77 15.42   2.71 11.94  2.04   0.00 20.18  5.90
  9   9.07  2.46  6.44   4.08 17.40  9.82   0.90  3.26  0.00   0.11  0.25  1.83
 10   4.21  1.15 14.19   2.06 26.98 10.37  11.34  4.46  4.73   1.90  1.02  3.88

 11   2.69  0.50  3.04   3.84 16.77  7.13  11.04  6.85  1.15   6.90  0.48  0.17
 12  10.00  2.71  0.72   0.72 23.74  2.98   4.63 16.33 14.77   1.06  0.54  1.17
 13   9.11  0.00  0.00   4.54 11.98  6.41   5.02 18.71  9.22   4.18  0.00  4.44
 14   0.57  0.00  6.09  23.37 16.28  4.56   5.80 16.82  3.56   1.65  1.25  2.23
 15   2.13  0.00  3.52   2.31  8.90  3.54   0.54  9.02  6.26   0.79  0.44  5.69

 16   0.67  1.22  9.27   1.38 10.83  4.83   1.08 11.69  3.04   3.21  4.89  2.94
 17   2.94  1.05 20.31   3.90  1.60  1.94   3.45 18.39  2.67   3.47  2.49  7.40
 18   0.00  3.67 11.93   2.02  2.29  3.67   3.27  3.14  0.00   0.00  0.56  0.51
 19   0.08  0.13  6.90   8.53  2.83  6.31  11.30  4.79  0.46   0.63  0.73  3.66
 20   0.49  0.81  3.98   7.41  3.06  6.90   2.47  0.67  6.00   0.00  0.38  1.29

 21   0.39  0.00  2.40   5.13  1.24  3.23   3.11  0.00 13.96   0.38  0.11  0.22
 22   0.69  0.17  1.32  11.82  4.94  4.85  13.13  0.74  9.81   0.00  0.00  0.00
 23   1.39  1.00  3.33   3.92  8.02  2.91   3.85  0.36  2.95   0.00  0.00  0.00
 24   0.17  2.16  1.46   9.08  0.94  2.90  13.18  0.79  3.44   0.00  0.00  0.83
 25   1.47  7.19  2.48   8.92 10.61  4.31   6.67  0.45  5.40   0.00  0.00  0.33

 26   1.77  2.02  0.17  10.86  3.12 13.72   0.65  0.98  2.83   0.00  0.00  0.00
 27   3.20  8.14  2.44  12.09  5.77  4.04   4.51  4.85  7.97   0.61  0.00  0.13
 28   3.35  4.77  3.60   7.17  3.49 18.44   8.63  2.20  0.00   2.11  0.00  0.00
 29   3.67        2.23   6.15  2.67  5.96  13.41  2.88  0.00   0.90  0.00  0.00
 30   0.94        6.57  20.37  6.42  1.38   4.68  4.65  0.00   0.00  0.00  0.00

 31   5.48        0.12         8.70         9.50  2.67        14.09        0.00
================================================================================
Mean  4.41  4.91  5.53   6.35  9.84  8.85   6.61  8.07  4.38   1.95  1.54  2.26
--------------------------------------------------------------------------------
Yearly Mean = 5.40
