Kandilli Observatory
                              FLARE INDEX OF SOLAR ACTIVITY
                                   SOUTHERN HEMISPHERE
      2004
--------------------------------------------------------------------------------
Day    Jan   Feb   Mar    Apr   May   Jun    Jul   Aug   Sep    Oct   Nov   Dec
================================================================================
  1   0.45  0.00  0.00   0.00  0.39  0.00   0.00  0.00  0.00   0.00  0.00  3.55
  2   0.37  0.00  0.00   0.00  1.24  0.00   0.00  0.82  0.00   0.00  0.24  0.00
  3   0.43  0.33  0.00   0.27  0.00  0.00   0.00  0.44  0.00   0.00  0.20  0.00
  4   1.20  2.56  0.38   0.00  0.00  0.00   0.00  0.00  0.00   0.00  0.00  0.00
  5   1.65  0.71  0.12   4.86  0.00  0.00   0.00  0.00  0.00   0.00  0.00  0.00

  6   0.18  0.00  0.23   4.43  0.00  0.00   0.00  0.00  0.00   0.00  0.00  0.00
  7   0.00  0.00  0.00   0.00  0.23  1.11   0.00  0.00  0.21   0.00  0.00  0.00
  8   0.00  0.95  0.00   4.34  0.00  0.20   0.27  0.90  0.17   0.00  0.52  0.00
  9   0.44  2.05  0.66   1.27  0.00  0.00   0.00  4.81  0.40   0.00  0.09  0.23
 10   3.12  0.00  0.12   0.00  0.00  0.00   0.00  0.29  0.00   0.00  0.44  0.00

 11   0.44  0.00  2.39   5.86  0.00  0.00   0.00  4.56  0.00   0.00  0.00  0.00
 12   0.70  0.00  1.10   0.34  0.17  0.00   0.00  4.93  9.40   0.00  0.00  0.00
 13   0.24  0.00  0.29   0.00  2.09  0.00   0.75  4.07  0.00   0.00  0.00  0.00
 14   0.00  0.00  0.00   0.09  0.00  0.00   0.84 18.01  0.00   0.00  0.00  0.00
 15   1.42  0.00  0.00   0.44  0.00  0.00   0.00  6.30  0.31   0.00  0.00  0.00

 16   0.00  0.00  0.00   0.00  0.00  0.00  19.72  5.97  0.12   0.00  0.00  0.00
 17   1.90  0.00  1.45   0.00  0.78  0.00   7.19  1.16  0.00   0.00  1.61  0.00
 18   0.79  0.00  1.55   0.00  0.16  0.00   5.97  0.68  1.94   0.00  0.00  0.00
 19   4.00  0.00  0.85   0.31  0.16  1.54   1.45  0.00  0.00   0.00  0.00  0.00
 20   4.77  0.00  0.00   0.99  0.00  0.96   0.41  0.98  0.00   0.37  0.00  0.00

 21   0.91  0.00  0.00   2.19  1.21  0.56   0.96  0.00  0.17   0.67  0.00  0.00
 22   0.00  0.00  4.01  10.63  0.41  1.08   0.00  0.00  1.59   0.12  0.00  1.07
 23   0.00  0.00  1.08   2.69  1.75  2.04   0.00  0.00  0.00   0.19  0.00  0.57
 24   0.00  0.00  0.00   0.16  0.00  1.15   0.00  0.00  0.00   0.00  0.83  0.00
 25   0.63  0.11  0.00   0.00  0.00  0.00   0.00  0.00  0.00   0.00  0.00  0.00

 26   0.00  0.00  0.00   0.00  0.92  2.04   0.00  0.00  0.00   0.00  0.00  0.00
 27   0.00  0.00  0.00   0.00  0.58  0.00   0.00  0.00  0.00   0.00  0.59  1.25
 28   0.00  0.00  0.59   0.00  0.25  0.00   0.00  0.00  0.00   1.04  0.00  0.86
 29   0.00  0.00  0.00   0.00  0.00  0.00   0.00  0.00  0.00   0.61  0.59  0.11
 30   0.00        2.96   0.42  0.00  0.68   0.00  0.00  0.00   0.00  0.12  0.00

 31   0.00        0.00         0.63         0.00  0.00         0.00        0.00
================================================================================
Mean  0.76  0.23  0.57   1.31  0.35  0.38   1.21  1.74  0.48   0.10  0.17  0.25
--------------------------------------------------------------------------------
Yearly Mean = 0.63




