Kandilli Observatory
                              FLARE INDEX OF SOLAR ACTIVITY
                                   NORTHERN HEMISPHERE
      2004
--------------------------------------------------------------------------------
Day    Jan   Feb   Mar    Apr   May   Jun    Jul   Aug   Sep    Oct   Nov   Dec
================================================================================
  1   0.00  0.39  0.00   0.00  0.00  0.00   0.00  0.00  0.00   0.00  1.02  3.46
  2   0.00  0.00  0.00   0.00  0.00  0.00   0.00  0.00  0.00   0.00  0.28  3.31
  3   0.00  0.16  0.00   0.00  0.00  0.00   0.00  0.00  0.00   0.00  7.41  0.00
  4   0.00  0.00  0.00   0.00  0.00  0.00   0.00  0.00  0.00   0.00  3.14  0.00
  5   0.00  0.36  0.00   0.00  0.00  0.00   0.10  0.00  0.00   0.00  5.50  0.00

  6   0.00  0.00  0.00   0.00  0.00  0.00   0.35  0.00  0.00   0.00 20.64  0.00
  7   2.36  0.00  0.00   0.00  0.00  0.00   0.32  0.00  0.00   0.00  3.33  0.00
  8   4.72  0.00  0.00   0.00  0.00  0.00   0.00  0.00  0.00   2.26  3.87  0.70
  9   1.47  0.00  0.00   0.00  0.00  0.00   0.00  0.00  0.00   0.00  8.39  0.00
 10   0.23  0.00  0.00   0.74  0.00  0.00   0.00  0.00  0.17   0.00 37.28  0.00

 11   0.09  0.00  0.00   0.00  0.00  0.00   0.00  0.00  0.00   0.00  0.26  0.00
 12   0.00  0.00  0.00   0.00  0.00  0.00   0.69  0.00  5.08   0.00  0.00  0.00
 13   0.45  0.00  0.00   0.00  0.00  0.00   5.91  0.00  0.11   0.00  0.00  0.00
 14   0.00  0.04  0.00   0.00  0.00  0.00   1.94  0.00  6.23   0.00  0.00  0.00
 15   0.00  0.00  0.00   0.00  0.00  0.41   0.29  0.00  0.33   0.00  0.00  0.00

 16   0.33  0.14  0.00   0.00  0.00  0.00   0.52  0.00  0.22   0.00  0.60  0.00
 17   0.39  0.00  0.14   0.00  0.00  0.45   0.39  0.10  0.00   0.00  0.28  0.00
 18   0.17  0.00  1.50   0.00  1.83  0.81   0.64  0.77  0.70   0.00  0.00  0.00
 19   0.00  0.00  0.85   0.00  0.16  0.00   0.81  0.12  2.34   0.00  0.00  0.00
 20   0.00  0.00  0.12   0.00  0.00  0.00  12.53  0.00  0.00   0.55  0.00  0.00

 21   0.00  0.00  0.85   0.00  0.00  0.00   0.39  0.81  0.25   1.71  0.00  0.00
 22   0.00  4.53  0.00   0.00  0.00  0.00  13.59  0.00  0.22   1.76  0.00  0.00
 23   0.00  0.00  0.39   0.00  0.00  0.00   1.91  0.00  0.00   1.75  0.00  0.00
 24   0.00  0.31  1.22  13.68  0.22  0.00   2.81  0.00  0.00   4.82  0.00  0.00
 25   0.87  3.28  2.63   6.14  0.00  0.15  44.92  0.00  0.00   5.75  0.00  0.00

 26   0.00  9.83  0.00   0.85  0.00  0.00  19.31  0.21  0.00   0.26  0.00  0.00
 27   0.00  0.00  0.12   3.58  0.00  0.00   6.58  0.00  0.00   0.16  0.00  0.00
 28   0.00  0.00  0.00   0.00  0.00  0.00   1.70  0.00  0.00   0.97  0.00  0.06
 29   0.00  0.00  2.19   0.00  0.00  0.00   0.30  0.00  0.00   0.17  0.00  0.15
 30   0.00        3.04   0.00  0.00  0.00   0.00  0.14  0.00   4.04  1.88  6.62

 31   0.00        9.42         0.00         0.00  0.14         2.04        3.73
================================================================================
Mean  0.36  0.66  0.72   0.83  0.07  0.06   3.74  0.07  0.52   0.85  3.13  0.58
--------------------------------------------------------------------------------
Yearly Mean = 0.97




