Kandilli Observatory
                              FLARE INDEX OF SOLAR ACTIVITY
                                   NORTHERN HEMISPHERE
      2000
--------------------------------------------------------------------------------
Day    Jan   Feb   Mar    Apr   May   Jun    Jul   Aug   Sep    Oct   Nov   Dec
================================================================================
  1   0.17  0.00  1.66   9.04  1.73  5.00   1.03  0.23  1.74   1.13  1.98  1.37
  2   0.00  0.00  1.20   4.11  1.84 29.01   2.56  2.08  4.73   5.18  0.57  0.19
  3   1.03  0.09  2.31   1.32  0.00 18.87   0.28  0.90  0.08   1.76  6.90  0.64
  4   0.62  4.83  0.06  14.87  0.08  7.21   2.82  1.17  1.05   0.00  0.88  0.36
  5   0.00 11.58  0.00   2.20  0.40  4.04   1.19  0.23  0.59   2.95  3.66  0.40

  6   2.43  4.79  0.26   0.65  0.00 83.39   6.20  5.25  1.00   0.00  0.00  0.00
  7   2.92  6.29  0.00   0.15  6.11 34.19  16.21  2.14  4.57   0.00  4.16  0.00
  8   1.15  7.29  0.00   0.33  3.71 15.04  11.68  0.32  0.63   0.23 14.39  0.00
  9   1.11  3.36  0.44   0.51  6.03  3.00  13.74  5.07  5.42   4.95  0.32  0.28
 10   0.21  8.10  0.48   0.20  7.89 21.41  36.38  2.26  0.22   1.01  0.00  0.21

 11   0.54  0.57  1.87   0.54  0.20  7.93  62.73  6.48  1.25   1.50  0.23  1.74
 12   1.51  6.83  4.93   0.57  5.67  7.06  33.78 10.35  0.40   1.66  0.00  3.85
 13   4.04  0.57  0.54   0.00  2.35 10.19  37.77  6.92  0.00   7.44  0.00  2.53
 14   0.00  0.44  2.39   0.20  2.17  9.04  54.76  3.65  3.17   3.67  0.00  1.95
 15   0.34  1.79  0.00   0.12  8.20 23.57   5.78  3.47  9.58   0.70  0.00  2.54

 16   0.27  0.76  5.94   0.19  2.49  8.74  11.16  0.61 15.42   0.36  0.93  0.65
 17   0.16  0.00  1.04   0.00  3.27 22.86  14.25  3.77  5.88   1.47  1.53  1.31
 18   0.21  0.00  9.93   2.37 15.84  1.53  29.48  1.30  3.79   0.33  5.85  4.87
 19   0.18  0.00 21.87   8.49  6.96  2.68   9.36  5.15 12.28   0.79  0.79  2.04
 20   0.12  0.00 15.14   4.73  5.54  5.87  12.06 10.15  2.94   1.20  0.28  1.95

 21   0.44  0.27 11.96   3.85  2.33  9.23  73.13  3.29  1.87   4.31  1.97  4.43
 22   0.00  0.60  8.21   5.83  1.07 16.78  19.44  1.20  5.48   1.03  3.53  1.04
 23   0.00  2.43 11.84   4.15 11.93 10.49   6.77  2.28  8.07   1.95  3.59  1.00
 24   0.12  0.84 13.73  11.35  2.21  2.55   8.02  0.21  0.60   0.22 20.96  1.56
 25   3.67  2.12  3.97   4.98  3.13 12.27  14.90  1.04  5.63   0.00 31.10  0.17

 26   0.08  8.24  1.31   3.49  3.82 10.87   4.35  2.13  0.75   1.53 11.31  0.00
 27   0.13  1.60  1.98   1.10  0.08  0.58   8.56  1.79  4.15   0.00  2.65  0.00
 28   0.06  0.15  0.51   1.84  0.00  0.10   3.75  0.48  1.94   0.12  1.44  0.20
 29   0.00  0.26  0.13   0.77  0.00  0.13   0.83  1.17  0.96   0.42  1.15  0.18
 30   0.00        1.32   1.10  0.00  0.36   0.72  1.06  0.38   0.00  0.63  0.00

 31   0.07        3.68         0.38         0.00  0.00         0.00        0.15
================================================================================
Mean  0.70  2.54  4.15   2.97  3.40 12.80  16.25  2.78  3.48   1.48  4.03  1.15
--------------------------------------------------------------------------------
Yearly Mean = 4.64
