Kandilli Observatory
                              FLARE INDEX OF SOLAR ACTIVITY
                                   SOUTHERN HEMISPHERE
      2000
--------------------------------------------------------------------------------
Day    Jan   Feb   Mar    Apr   May   Jun    Jul   Aug   Sep    Oct   Nov   Dec
================================================================================
  1   0.00  0.19  1.16   7.40  0.54  4.20   1.89  0.25  0.38  14.01  0.00  1.30
  2   0.39  0.09 13.47   3.55  0.51  0.56   2.15  0.15  0.04   3.98  0.15  0.88
  3   0.00  0.68 11.06   3.80  0.00  0.00   1.09  0.38  3.83   0.61  1.43  0.00
  4   0.00  0.08  2.22  10.58  4.98  0.83   6.63  1.38  8.41   1.88  0.91  0.13
  5   0.00  0.00  6.78   1.42  1.15  6.08   0.00  0.65  0.41   0.21  0.30  0.00

  6   0.00  1.17  1.66   6.94  0.00  5.00   0.72  0.75  2.13   0.49  0.76  1.05
  7   0.00  0.31  3.99   2.79  0.00  4.55   0.79  0.20  0.00   0.84  0.54  5.71
  8   0.44  0.14  0.81   6.97  0.00  0.51   6.87  0.54  0.07   1.07  0.06  0.00
  9   0.79  7.72  0.84  10.99  0.15  0.00   0.27  0.23  0.17   0.81  6.26  0.00
 10   6.40  1.00 10.38   4.82  0.29  3.79   4.80  1.20  0.05   0.66  0.00  0.00

 11   4.33  0.50  8.36   7.61  1.89  0.57   7.16  1.90  0.44   0.32  0.00  0.00
 12   5.49  0.00  8.07   4.95  5.19  0.78   1.37  3.57 22.98   0.00  2.87  0.00
 13   1.18  1.69  5.01   1.10 12.58  0.00   0.37  0.60  0.02   0.52  0.46  0.77
 14   1.81  0.27  2.80   3.76  6.79  1.27   4.37  2.48  1.46   3.26 10.37  1.26
 15   0.98  0.99  6.89   7.55 13.23  0.49   7.94  3.63  1.13   2.48  1.76  0.24

 16   1.03  1.44  7.59   6.22  6.05  1.15   6.67  0.26  3.06   0.15  0.07  1.08
 17   2.03 15.42  6.30   2.96  7.23  0.30  17.42  1.34  1.79   0.60  4.50  5.97
 18   7.13  1.52  4.90   0.52  7.89  0.00  58.26  2.14  8.55   0.13  3.08  1.22
 19   0.28 17.21  3.16   1.30  5.46  0.13  21.66  0.71  3.96   2.11  0.66  0.54
 20   2.28  4.76  3.12   1.33  7.78  0.67  14.33  1.02  0.09   0.00  3.50  0.77

 21   1.17  8.80  0.67   2.90  4.06  0.40   5.66  0.31  0.26   0.00  0.16  0.22
 22   0.95  1.00  1.90   1.56  4.33  0.11  11.48  0.69  1.99   0.00  0.59  1.17
 23   0.00  0.26  2.18   0.19  4.10  1.45  10.85  1.23  8.91   0.00  6.53  4.36
 24   0.50  0.28  1.57   0.00  1.94  0.27   2.00  0.34 12.56   0.00  1.89  2.87
 25   0.73  0.66  3.55   0.19  2.01  7.98  11.00  1.54  1.98   0.99  0.00  3.13

 26   0.46  1.17  3.69   3.23  1.88  2.09   0.72  0.35  2.00   5.61  0.00  0.54
 27   0.35  4.54  7.55   3.90  2.61  7.41   0.30  7.10  3.29   0.00  0.00  8.45
 28   4.15  0.81  3.68   0.22  1.85  0.30   0.00  6.62  4.26   2.15  0.56  5.02
 29   0.26  4.51  1.54   0.71  1.67  0.17   0.60  1.89  4.38  14.31  3.02 10.50
 30   0.41       14.21   5.77  0.09  0.00   0.00  0.13  5.92   1.87  1.83  2.25

 31   1.20        8.87         0.00         0.00  3.50         2.62        0.11
================================================================================
Mean  1.44  2.66  5.10   3.84  3.43  1.70   6.69  1.52  3.48   1.97  1.74  1.92
--------------------------------------------------------------------------------
Yearly Mean = 2.96

