Kandilli Observatory
                              FLARE INDEX OF SOLAR ACTIVITY
                                   SOUTHERN HEMISPHERE
      2002
--------------------------------------------------------------------------------
Day    Jan   Feb   Mar    Apr   May   Jun    Jul   Aug   Sep    Oct   Nov   Dec
================================================================================
  1   0.15  0.26  2.53   0.69  2.34  2.60   1.04  8.09  2.72   1.29  0.49  0.56
  2   4.90  0.63  0.41   0.81  0.40  4.85   4.71  5.52  0.37   3.25  1.92  0.55
  3   5.02  1.40  0.00   0.13  4.74  2.03  18.78  4.42  0.28   6.67  1.90  0.71
  4   1.67  7.79  0.00   0.17  1.61  0.68   5.26  0.00  0.98   5.85  4.42  0.22
  5   4.36  3.45  0.00   0.27  1.92  0.27   3.77  0.92  2.36   2.05  3.29  0.00

  6   2.49  3.82  0.00   2.39  1.36  0.07   2.52  2.33  0.00   0.79  2.25  0.00
  7   0.77  0.53  0.00   0.35  2.83  0.00   0.33  0.00  0.00   0.37  5.27  0.00
  8   2.65  0.00  0.40   0.77  5.97  0.23   0.00  0.59  0.81   0.58  7.83  1.12
  9   1.40  0.69  6.58   1.06  1.12  0.00   0.00  0.00  5.41   0.19 11.67  0.68
 10   2.21  7.02  0.34   1.33  6.06  0.08   1.82  0.00  2.35   0.20  8.79  2.79

 11   1.10  2.29  0.00   3.40  8.37  1.50   0.14  0.49  1.56   5.63 24.73  1.00
 12   4.71  2.79  1.29   0.97  2.55  0.19   0.00  2.02  1.97   0.00  8.57  0.00
 13   1.96  0.00  2.08   1.40  1.72  0.52   0.21  3.79  1.26  12.91  2.47  4.95
 14   1.80  0.13  6.99   3.44  2.81  0.00   0.00  1.79  6.24   6.10  1.92  5.28
 15   2.29  0.33  7.87   3.64  1.39  0.09   0.00  5.25  4.04   0.42  1.31  1.96

 16   2.53  0.81  1.18   0.94  5.05  0.35   2.26 28.17  7.44   0.62  2.97  7.14
 17   0.79  3.20  1.96  26.97  1.23  0.50   2.32 10.32 22.53   1.76  2.03  4.30
 18   0.00  3.92  4.00   1.44  1.29  0.00   1.06 14.58  6.45   1.01  0.61  5.82
 19   0.31  0.76 10.52   3.58  0.32  0.00   0.51 10.43  5.04   4.48  1.27  4.02
 20   1.06  6.62  2.92   0.18  8.56  0.00   0.44 13.25  2.28  12.42  2.45  3.73

 21   0.25  9.18  2.15   5.14  4.93  0.00   0.23  7.42  1.10   4.16  3.23  2.03
 22   1.81  1.27  0.61   0.48  1.91  0.00   1.59 23.66  1.98   0.21  3.97  0.21
 23   0.61  4.21  2.20   0.33  0.08  0.00  16.94 37.92  1.29   1.50  1.81  0.61
 24   0.30  2.41  1.63   5.37  0.00  0.69   9.03 10.54  0.09   0.00  9.24  3.27
 25   0.19  7.89  0.10   0.87  0.45  0.17   1.77  3.19  0.09   0.00  0.00  0.37

 26   0.08  0.76  0.95   0.00  1.00  0.00  30.34  6.15  0.57   0.18  0.00  0.47
 27   0.37  1.42  0.00   0.00  1.46  0.00   2.02  1.26  0.00   0.00  5.00  0.30
 28   0.89  0.60  0.00   0.74  0.59  0.36   7.65  3.39  0.13   1.26  2.16  0.00
 29   0.82        1.39   0.00  1.46  0.00  13.16  5.29  3.04   2.52  0.37  0.19
 30   0.55        0.62   0.00  2.64  0.49   2.07  1.70  1.18   0.00  0.23  0.00

 31   0.59        0.00         0.50         7.53  0.37         0.00        0.21
================================================================================
Mean  1.57  2.65  1.89   2.23  2.47  0.52   4.44  6.87  2.79   2.46  4.07  1.69
--------------------------------------------------------------------------------
Yearly Mean = 2.81
