Kandilli Observatory
                              FLARE INDEX OF SOLAR ACTIVITY
                                   NORTHERN HEMISPHERE
      2002
--------------------------------------------------------------------------------
Day    Jan   Feb   Mar    Apr   May   Jun    Jul   Aug   Sep    Oct   Nov   Dec
================================================================================
  1   0.06  0.52  5.49   1.55  0.18  0.52   0.00  0.00  0.70   0.42  1.96  0.83
  2   4.84  0.00  0.55   2.23  3.55  0.64   0.00  0.00  0.90   0.71  0.09  1.88
  3   1.28  0.20  0.00   0.35  0.21  1.00   0.00  0.17  1.03   1.43  5.41  0.94
  4   3.84  0.00  0.30   1.65  0.20  1.62   0.00  0.00  0.96   5.72  1.72  2.61
  5   5.11  1.07  0.00   2.31  0.43  0.00   0.00  0.00  3.85   3.51  2.02  0.00
  
  6   1.52  0.39  0.00   2.09  0.39  0.99   0.83  2.22  0.18   0.98  5.27  0.44
  7   2.27  0.00  0.13   3.29  0.30  0.00   0.00  0.68  0.20   0.00  1.00  0.00
  8   1.88  0.00  0.00   1.92  1.95  0.32   0.00  0.25  2.56   1.26  0.00  0.41
  9  19.14  0.65  3.52   5.58  0.00  0.00   0.00  0.47  0.83   0.00  1.47  0.00
 10   5.06  1.60  0.49   5.78  0.00  0.00   0.90  0.00  2.88   0.46  0.00  0.15
 
 11   2.31  1.15  0.00   2.24  0.00  0.09   3.91  1.13  0.66   1.27  0.10  0.00
 12   2.60  6.90  0.00  10.38  0.21  0.06   7.71  0.00  2.34   1.27  0.00  0.99
 13   4.02  9.08  0.00   0.79  0.48  0.63   2.34  4.24  0.00   0.20  0.07  0.63
 14   8.35  2.00  0.43  15.28  0.00  2.48   2.44 10.88  0.00   1.00  0.23  1.80
 15   0.62  2.69  0.00   2.72  0.00  0.82  42.64  0.57  0.80   2.08  3.47  1.24
 
 16   1.47  0.00  1.88   0.68  0.00  0.00  10.60  1.48  0.00   0.40  2.13  6.95
 17   0.00  0.00  0.11   0.57  2.28  0.00  10.57  1.17  0.59   0.63  1.40  5.73
 18   0.27  0.15  0.00   0.85  1.67  0.23   5.37  1.22  0.07   5.88  0.98  0.00
 19   0.09  0.27  0.00   0.00  1.22  0.00   3.51  0.71  0.00   6.42  0.17 13.54
 20   1.00  2.59  0.00   0.76  0.38  0.17   2.01  0.97  0.39  17.92  0.00  0.00
 
 21   1.25  0.18  0.19   0.96  1.38  0.21   0.00  0.16  0.00   4.61  0.00  2.23
 22   0.60  0.66  0.00   1.38  0.00  0.86   0.08  0.17  0.35   2.69  0.00  0.00
 23   0.61  0.00  0.47   0.18  0.18  7.73   0.00  0.00  0.00   3.73  0.00  0.41
 24   0.96  2.07  0.00   3.02  2.40  0.00   0.00  0.00  0.09   1.84  0.63  0.00
 25   1.25  0.24  0.89   0.83  1.43  0.00   0.00  0.85  1.34   7.19  0.11  0.00
 
 26   2.70  1.17  1.39   0.84  2.54  0.61   0.32  0.00  2.69   0.27  0.16  0.59
 27   0.10  0.64  0.00   1.42  5.19  0.19   0.00  0.00  4.97   5.52  2.08  0.52
 28   0.67  2.24  0.49   0.25  0.57  0.00   1.04  0.00  3.02  14.48  0.14  0.00
 29   4.65        5.43   0.29  1.08  0.30   0.62  2.34  2.32   8.25  0.28  0.00
 30   0.00        8.63   4.59  0.31  0.00   0.28  8.26  9.09   4.23  0.00  0.19

 31   1.61        5.68         0.00         1.20  2.82         2.88        1.44
================================================================================
Mean  2.58  1.30  1.16   2.49  0.92  0.65   3.11  1.31  1.43   3.46  1.03  1.40
--------------------------------------------------------------------------------
Yearly Mean = 1.75

