
                              FLARE INDEX OF SOLAR ACTIVITY
                                   NORTHERN HEMISPHERE
       1985
--------------------------------------------------------------------------------
Day    Jan   Feb   Mar    Apr   May   Jun    Jul   Aug   Sep    Oct   Nov   Dec
================================================================================
  1   0.00  0.34  0.36   0.00  1.75  0.00   0.00  2.59  0.00   0.00  0.00  0.00
  2   0.00  1.67  0.00   0.20 15.79  0.00   0.00  0.63  0.26   0.00  0.00  0.00
  3   7.35  0.72  0.00   5.62  4.21  0.00   0.00  0.00  0.00   0.00  0.00  0.00
  4   0.00  0.69  0.00   0.00  0.00  0.00   0.00  0.00  0.00   0.00  0.00  0.00
  5   0.00  0.00  0.00   0.42  0.00  1.31   0.00  0.00  0.00   0.00  0.00  0.00

  6   0.00  0.00  0.00   0.00  0.28  0.23   0.00  0.15  0.78   0.00  0.00  2.34
  7   0.00  0.00  0.00   0.00  1.07  2.13   0.00  0.32  0.00   0.00  0.46  0.00
  8   0.00  0.09  0.00   0.00  1.21  0.79   0.00  0.71  0.00   0.00  1.71  0.00
  9   0.00  0.23  0.00   0.00  2.88  0.52   0.71  1.13  0.00   0.00  0.00  0.00
 10   0.41  0.00  0.00   0.00  0.00  0.72   1.25  0.79  0.00   0.00  0.00  0.63

 11   0.00  0.00  1.96   0.00  0.58  3.93   0.00  0.38  0.00   0.00  0.00  2.06
 12   0.00  0.00  1.99   0.00  0.00  0.00   0.00  0.25  0.00   0.00  0.00  4.37
 13   0.00  0.00  0.00   0.00  0.00  0.73   0.00  0.77  0.00   0.00  0.00  1.42
 14   0.00  0.00  0.00   0.00  0.21  0.92   0.13  0.00  0.00   0.00  0.15  1.21
 15   0.00  0.00  0.00   0.00  0.00  0.00   0.21  0.00  0.00   0.00  0.00  2.49

 16   0.00  0.02  0.00   0.00  0.28  0.00   0.00  0.00  0.54   1.36  1.90  0.17
 17   2.46  0.00  0.00   0.00  4.35  0.29   0.00  0.00  0.00   0.02  0.00  0.00
 18   0.00  0.00  0.00   0.00  4.58  0.27   0.00  0.00  0.00   3.06  0.00  1.10
 19   3.87  2.90  0.00   0.00  0.48  0.00   0.00  0.00  0.00   1.48  0.00  0.00
 20   0.23  0.65  0.50   2.17  0.36  0.00   0.00  0.00  0.00   3.85  0.72  0.63

 21   0.29  0.36  0.60  13.63  4.77  0.02   0.00  0.00  0.00  10.94  0.00  0.00
 22   0.00  0.48  0.00   6.00  1.88  0.00   0.00  0.00  0.00   7.13  0.00  0.00
 23   0.00  0.00  2.24   3.87  2.31  0.00   0.00  0.00  0.00   7.88  0.00  0.00
 24   0.00  0.00  0.42  25.27  0.71  0.00   0.00  0.00  0.00  11.81  0.00  0.00
 25   0.00  0.00  0.33  18.85  1.56  0.00   0.00  0.00  0.00   2.13  0.00  0.00

 26   1.36  0.00  0.80   2.03  0.00  0.00   0.90  0.00  0.00   5.72  0.00  0.00
 27   0.30  0.00  0.07   0.69  0.00  0.00   1.24  0.00  0.00   8.82  0.00  0.00
 28   0.00  0.00  0.48   4.16  0.00  1.02   1.24  0.00  0.00   0.88  0.00  0.00
 29   0.00        0.00   0.96  0.33  0.00   0.46  0.00  0.00   0.00  0.00  0.00
 30   0.00        0.23   0.96  0.00  0.00   1.36  0.00  0.00   0.00  0.00  0.00

 31   0.26        0.00         0.44         3.79  0.00         0.00        0.00
================================================================================
Mean  0.53  0.29  0.32   2.83  1.61  0.43   0.36  0.25  0.05   2.10  0.16  0.53
--------------------------------------------------------------------------------
Yearly Mean = 0.79
