
                              FLARE INDEX OF SOLAR ACTIVITY
                                   SOUTHERN HEMISPHERE
       1985
--------------------------------------------------------------------------------
Day    Jan   Feb   Mar    Apr   May   Jun    Jul   Aug   Sep    Oct   Nov   Dec
================================================================================
  1   0.72  0.00  0.00   3.10  0.63  0.00   2.43  0.00  0.00   0.00  0.00  0.00
  2   0.00  0.00  0.00   0.00  0.00  1.06  21.31  0.00  0.00   0.00  0.00  0.21
  3   0.00  0.99  0.00   0.00  0.00  3.16   2.92  0.00  0.00   0.00  0.00  0.00
  4   0.00  0.00  0.00   6.52  0.00  2.58   2.24  0.00  0.00   0.00  0.00  0.00
  5   0.00  1.00  0.00   4.44  0.00  3.42   7.11  0.00  0.00   0.00  0.00  0.00

  6   0.00  0.00  0.00   2.08  0.93  2.32   5.54  1.53  0.00   0.00  0.00  0.00
  7   0.00  2.31  0.00   2.38  1.42  0.89   3.17  2.63  0.00   0.00  0.00  0.00
  8   0.00  0.00  0.00   0.40  1.40  4.83   7.86  1.90  0.00   0.00  0.00  0.00
  9   0.00  0.00  0.00   0.27  2.69  3.12   7.94  0.85  0.00   0.00  0.00  0.00
 10   0.00  0.28  0.00   0.00  2.06  0.13   6.89  0.77  0.00   0.00  0.00  0.00

 11   0.00  0.35  0.14   0.00  5.06  0.36   3.09  0.00  0.00   0.13  0.73  0.00
 12   0.00  0.00  0.00   0.50  2.15  3.96   3.13  0.25  0.30   0.00  0.76  0.00
 13   0.40  0.00  0.00   0.00  9.41  1.15   2.01  0.00  1.50   0.00  0.73  0.00
 14   2.61  0.00  0.00   0.00  7.44  0.38   0.21  3.43  0.11   0.56  1.74  0.00
 15   2.68  0.00  3.28   0.00  0.81  6.62   0.00  0.00  4.40   0.27  3.01  9.01

 16   5.11  0.00  0.00   0.00  2.49  2.17   0.15  0.40  0.00   0.00  0.00  5.06
 17   3.19  0.00  0.08   3.75  0.95  1.38   0.09  0.00  0.87   0.00  0.64  2.50
 18   3.34  0.00  0.92   1.04  4.18  0.00   0.35  0.00  1.99   0.00  0.00  0.00
 19   5.92  0.00  0.59   0.00  0.74  0.00   0.00  0.00  1.00   0.00  1.00  0.11
 20   9.00  0.00  0.15   0.00  0.00  0.00   0.41  3.37  0.00   0.00  0.00  0.00

 21  28.90  0.00  0.35   0.00  0.00  0.00   0.92  0.17  0.26   0.21  0.00  0.29
 22  17.40  0.00  0.00   0.00  0.00  0.00   4.21  0.00  1.44   0.00  0.00  0.00
 23   8.38  0.00  1.88   0.00  0.00  1.58   0.00  0.00  0.00   0.00  0.00  0.00
 24   4.86  0.00  0.23   0.00  0.23  0.00   0.00  0.00  0.00   0.00  0.00  0.00
 25   0.27  0.00  0.00   0.22  0.00  0.00   0.00  0.58  0.00   1.65  0.00  0.00

 26   0.00  0.00  0.00   0.00  0.00  0.00   0.38  0.00  0.00   0.00  0.00  0.00
 27   0.00  0.00  0.00   0.00  0.00  1.67   0.00  0.00  0.00   0.00  0.00  0.00
 28   0.00  0.00  0.00   0.00  0.00  2.79   1.33  0.00  0.00   0.32  0.00  0.00
 29   0.00        0.00   0.00  0.00  0.25   2.78  0.00  0.00   0.00  0.00  0.00
 30   0.00        0.00   0.00  0.00  2.75   2.26  0.00  0.00   0.00  0.00  0.00

 31   0.00        0.81         0.00         0.31  0.00         0.00        0.00
================================================================================
Mean  2.99  0.18  0.27   0.82  1.37  1.55   2.87  0.51  0.40   0.10  0.29  0.55
--------------------------------------------------------------------------------
Yearly Mean = 1.00
