
                              FLARE INDEX OF SOLAR ACTIVITY
                                   NORTHERN HEMISPHERE
       1982
--------------------------------------------------------------------------------
Day    Jan   Feb   Mar    Apr   May   Jun    Jul   Aug   Sep    Oct   Nov   Dec
================================================================================
  1  12.74 14.90  6.62   8.02  1.13  2.17   0.00 10.13 23.71   4.45  6.04  1.57
  2   8.21  8.21  3.34   6.77  0.00  6.13   0.63  2.89 11.21   6.63  6.27 48.12
  3   5.79  4.26  4.79   4.00  0.08  3.79   0.00  2.83 41.19   7.58  4.79 19.19
  4  12.99  1.44  3.44   6.28  0.25  4.56   0.16 13.27 109.6   4.30  3.70 11.42
  5   3.71  4.33  2.03   2.08  0.37  0.00   0.61  5.18  5.31   6.42  0.35 14.73

  6  16.95  1.04  4.89   4.00  0.00  0.15   0.46 12.47  5.06   4.67  3.16 18.60
  7   5.82  0.55 11.21   1.42  0.27  0.00   0.52 18.89 17.46   3.79  1.07 11.68
  8  47.58  2.04  2.12   0.79  0.00  0.79  11.04 21.65  5.79   1.41  2.04 58.09
  9  12.06  1.02  2.13  10.72  0.24  0.81  52.35 11.22  3.24   1.91  0.00 32.05
 10   4.73  9.33  0.31  16.92  1.29  1.86  34.58 23.54  1.57   3.29  1.07 67.49

 11   2.76  0.48  2.64  15.77  0.85  0.00  36.44 15.17  1.56   5.71  1.18 14.01
 12   0.00  0.33  6.15   5.94  0.65 30.96  76.65 11.02  1.00   6.80  4.75  8.90
 13   0.00  5.06  6.50   4.10  0.17 24.23  18.48 12.92  0.74   3.10  0.21  0.41
 14   0.65  4.60 27.19   5.28  0.81 26.56  48.21 12.81  3.98   5.00  1.20  0.31
 15   4.29  7.66 16.30   2.06  1.52 54.27  51.38  7.54 11.53   1.21  4.87  4.98

 16   7.06 10.90 20.06   0.79  0.83 29.02  33.46  3.74  1.60   0.54  1.71  6.90
 17   1.35 12.95  5.80   0.19  1.63 15.27  39.38  5.77  8.09   0.38  0.00  2.68
 18   1.14 12.09 11.79   1.86 12.63 16.43   1.50  2.58  6.25   0.00  0.00  4.20
 19   3.32 13.83  3.81   0.00 13.07 21.02   3.40  2.00  1.75   0.00  2.85  3.69
 20   2.07  3.83  6.84   1.95 19.08 25.63  19.21  5.60  1.49   1.05  2.13  3.49

 21   2.36  2.87  2.77   1.00 14.06 35.13   1.26  2.04  4.60   4.27  2.44 14.47
 22   7.34  2.18  6.95  22.88 12.85 28.53   1.86  5.98  5.57   5.60  5.10  1.59
 23   2.64  4.08  5.63   7.06 12.23 39.03  50.70  7.27  2.36   4.98  1.92  1.31
 24  10.83  3.93 10.99   9.41  6.42 13.88  27.36  2.22 11.50  19.88  5.60 14.80
 25  16.90 14.44  7.82   8.48  8.60 19.89  11.69 16.27  6.91  22.73  1.68  0.00

 26   5.31  9.33  9.13   7.69  8.48 29.06   8.76 13.64 13.33  15.44  2.17  0.28
 27   0.67  5.41 23.75   4.11  5.81 12.90   1.24 23.02  6.47  12.86  0.00  0.19
 28  12.42 17.66 11.70   3.92  7.63  2.42   9.05 12.48  9.06   5.81  1.54  2.64
 29   0.85       16.27  11.78  5.43  0.19   3.08  9.52  8.43  18.33  0.65  8.51
 30  19.16       43.28   0.96  0.53  1.27   0.00  3.96 19.16   7.72  1.87  2.89

 31  22.19       22.37         6.85         1.86 11.92         1.73        2.87
================================================================================
Mean  8.19  6.38  9.96   5.87  4.64 14.86  17.59  9.99 11.65   6.05  2.35 12.32
--------------------------------------------------------------------------------
Yearly Mean = 9.18
