
                              FLARE INDEX OF SOLAR ACTIVITY
                                   SOUTHERN HEMISPHERE
       1982
--------------------------------------------------------------------------------
Day    Jan   Feb   Mar    Apr   May   Jun    Jul   Aug   Sep    Oct   Nov   Dec
================================================================================
  1   0.00 50.42  3.10   2.34  2.47  5.10   0.00  0.45  7.96   3.93  5.96  1.82
  2   2.97 39.71  3.81   2.09  6.49  9.54   0.52 12.91  3.79   6.06  5.02  6.07
  3   5.90 50.04  9.79   5.54 12.98 23.25   1.63  1.83  2.67   5.43  0.58  4.93
  4   6.36 21.85  5.24  13.28 10.57 17.79   3.39  8.77  2.69   1.07 12.00 13.67
  5   5.96 20.33 25.02   1.15  4.95 40.04   0.42  1.48  5.40   0.00  0.00  3.98

  6   1.70 29.17 13.48   2.34  5.38 25.25   2.67  9.58  1.15   0.75  0.00 20.17
  7   3.31 21.49  1.68   2.88  4.98 17.71   5.08  6.99 10.07   1.69  0.27 23.51
  8   1.36 19.14  6.09   5.27  1.69 24.52   0.90  9.94  5.69   0.40  4.45  6.06
  9  14.64 14.46  3.56   8.87  3.34 16.02   2.35  4.15 10.50   0.38  4.06  2.88
 10   3.80 33.13  8.40  10.65  1.66 20.11  16.69  6.42  9.74   0.33 16.41  5.18

 11   9.45 19.78  2.15   5.52  2.79 12.40   4.41  3.35  9.22   0.42 11.13 18.20
 12   2.90  8.57  3.25   6.06  9.04  8.50   8.44  6.31 19.96   0.10 41.60  2.95
 13   6.02  5.77  0.33   5.25  5.82  9.36  17.02  9.50  9.17   0.58 23.40  5.35
 14   3.25 17.74  2.58  22.51  0.46 17.23   8.25 11.40  2.10   2.19  4.50  0.00
 15   0.69  5.91  1.37   7.25  1.56 13.68   4.08  9.71  3.95   6.13 31.31 23.69

 16   2.89  1.16  9.38   3.33  0.98  7.92   7.76 11.94  2.85   3.44 17.55 14.75
 17  13.19  5.85  7.29   3.94  6.79  5.81   4.63  7.00  3.78   0.50 15.55 27.89
 18  21.53  3.28 13.62   6.73  4.40  5.95   0.06 19.38  1.56   4.19 14.43 31.18
 19  10.19  8.42 36.85   6.20  1.93  0.19   0.00 14.29 28.21   4.24 13.38 43.78
 20   7.01 16.10  8.25   0.14  0.00  0.00   1.25  7.02  1.40   1.89 26.44 13.34

 21  16.33  2.55 10.04   0.00  2.73  0.83   0.00  8.10  1.26  15.08 29.50 11.59
 22   5.80  0.00  8.94   0.00  1.05  0.72   0.00  0.15  8.36  21.29 18.42  6.54
 23   0.23  0.72  4.58   0.42  0.00  0.00   0.33  0.81  0.13   9.35  9.95 16.44
 24   0.38  1.74  1.05   0.26  2.65  0.27   0.62  1.45  3.74   4.56  5.86  9.52
 25   0.93  0.15  3.42   1.69 14.48  0.58   1.10  0.32  0.45  22.38  4.78 10.33

 26   8.75  1.56  4.26   0.98 24.83  0.00   0.09  3.16  1.56   7.48 11.04  5.51
 27  16.46  8.80  7.56   2.61 24.88  0.21   0.50  4.19  3.78  14.58  3.47 25.06
 28  16.46  4.77  9.76   5.77 15.71  0.85   2.08  3.22  5.87   9.37 16.18 19.82
 29  19.91       14.47   1.17 11.83  0.54   1.54  1.77 11.44   4.06  9.35  7.63
 30  40.00        5.10   5.05  8.09  0.36   0.48  2.21  2.20   1.37 13.07  6.30

 31  10.19       11.83         8.15         2.86  1.38         1.24       13.96
================================================================================
Mean  8.34 14.74  7.94   4.64  6.54  9.49   3.20  6.10  6.02   4.98 12.32 12.97
--------------------------------------------------------------------------------
Yearly Mean = 8.05
