Kandilli Observatory
                              FLARE INDEX OF SOLAR ACTIVITY
                                   SOUTHERN HEMISPHERE
      1997
--------------------------------------------------------------------------------
Day    Jan   Feb   Mar    Apr   May   Jun    Jul   Aug   Sep    Oct   Nov   Dec
================================================================================
  1   0.00  0.00  0.00   3.90  0.00  3.71   0.00  0.00  0.00   0.00  0.60  0.00
  2   0.00  3.86  0.00   3.06  0.00  0.00   0.00  0.00  0.00   0.29  2.79  0.00
  3   0.00  0.39  0.00   0.00  0.18  0.08   0.33  0.54  1.67   0.00 17.11  0.00
  4   0.00  0.74  0.00   0.00  0.00  0.00   0.00  0.00  0.72   0.00 23.95  0.00
  5   0.00  0.00  0.00   0.61  0.00  0.00   0.00  0.00  0.00   0.00  8.84  0.00

  6   0.00  0.00  0.00   0.61  0.00  0.00   0.00  0.00  0.10   0.00 10.44  0.00
  7   0.12  0.00  0.00   7.46  0.00  0.21   0.00  0.00  1.85   0.00  0.21  0.75
  8   0.00  0.00  0.00   0.00  0.20  0.00   0.00  0.00  4.54   0.00  0.00  0.00
  9   0.00  0.00  0.00   1.46  0.00  0.22   0.73  0.00  5.15   0.00  0.00  0.00
 10   0.00  0.00  0.00   0.20  0.00  0.00   0.00  0.00  0.74   0.00  0.00  0.00

 11   0.00  0.00  0.00   0.00  0.00  0.00   0.00  0.00  0.20   0.00  0.00  0.00
 12   0.00  0.00  0.00   0.00  0.00  0.00   0.00  0.18  0.08   0.00  0.00  0.00
 13   0.00  0.00  0.00   0.31  0.00  0.00   0.00  0.37  0.00   0.00  0.00  0.00
 14   0.00  0.00  0.00   0.40  0.00  0.00   0.00  0.00  0.69   0.00  0.00  0.00
 15   0.00  0.00  0.00   2.42  0.00  0.00   0.00  0.00  2.35   0.00  0.00  0.00

 16   0.00  0.00  0.06   0.32  0.00  0.00   0.00  0.00  0.00   0.00  0.00  0.00
 17   0.00  0.00  0.00   0.00  0.00  0.00   0.00  0.00  0.90   0.00  0.12  0.00
 18   0.33  0.00  0.00   0.00  0.00  0.00   0.00  0.00  0.16   0.00  0.57  0.00
 19   0.13  0.00  0.00   0.00  0.00  0.00   0.00  0.00  0.25   0.00  0.00  0.00
 20   0.47  0.00  0.00   0.00  0.00  0.00   0.70  0.00  0.00   0.00  0.00  0.00

 21   0.00  0.00  0.00   0.00  0.00  0.33   0.00  0.00  0.89   0.00  0.00  0.22
 22   0.00  0.00  0.00   0.00  0.00  0.00   0.00  0.00  6.66   0.00  0.30  0.66
 23   0.00  0.00  0.00   0.00  0.00  0.00   0.00  0.00  3.85   0.00  0.00  0.00
 24   0.00  0.00  0.00   0.00  0.09  0.00   0.00  0.44  5.85   0.00  0.00  0.12
 25   0.00  0.00  0.00   0.00  6.79  0.00   0.00  0.00  2.19   0.00  0.00  0.25

 26   0.00  0.00  0.00   0.33  0.53  0.00   0.00  0.00  1.58   0.00  0.00  0.87
 27   0.43  0.00  0.74   0.00  0.63  0.00   0.00  0.19  0.00   0.11  0.00  1.59
 28   0.00  0.00  2.79   0.00  0.83  0.00   0.00  0.50  0.04   1.40  4.94  0.12
 29   0.00        0.06   0.00  0.11  0.00   0.00  0.00  0.58   0.00  0.00  0.13
 30   0.00        0.00   0.00  0.00  0.00   0.00  0.00  0.00   0.78  0.00  0.24

 31   0.00        0.00         0.12         0.00  0.00         0.08        0.85
================================================================================
Mean  0.05  0.18  0.12   0.70  0.31  0.15   0.06  0.07  1.37   0.09  2.33  0.19
--------------------------------------------------------------------------------
Yearly Mean = 0.46
