Kandilli Observatory
                              FLARE INDEX OF SOLAR ACTIVITY
                                   NORTHERN HEMISPHERE
      1997
--------------------------------------------------------------------------------
Day    Jan   Feb   Mar    Apr   May   Jun    Jul   Aug   Sep    Oct   Nov   Dec
================================================================================
  1   0.00  0.00  0.00   0.00  0.00  0.00   0.00  0.00  1.08   1.56  0.00  8.76
  2   0.00  0.34  0.00   0.00  0.00  0.00   0.00  0.00  1.58   0.13  0.00  0.55
  3   0.00  0.73  0.00   0.00  0.00  0.00   0.00  0.00  1.53   0.55  0.00  4.81
  4   0.00  0.97  0.00   0.00  0.00  0.00   0.00  0.00  0.15   0.00  2.47  0.88
  5   0.00  0.00  0.00   0.00  0.00  0.00   0.00  0.00  1.44   0.33  2.46  0.00
 
  6   0.00  0.00  0.31   0.00  0.28  0.00   0.00  0.24  1.58   0.08  0.86  0.77
  7   0.00  0.00  0.17   0.00  0.00  0.00   0.00  1.79  0.42   0.00  1.03  0.00
  8   0.00  0.22  0.25   0.00  0.00  0.00   0.00  0.44  2.19   0.00  0.00  0.00
  9   0.00  0.00  0.00   0.00  0.00  0.22   0.00  1.09  0.23   1.18  0.54  0.00
 10   0.00  0.00  0.00   0.27  0.00  0.00   0.00  1.88  0.74   0.46  2.02  0.44

 11   0.00  0.00  0.00   0.00  0.00  0.00   0.00  0.21  0.55   0.77  2.56  0.53
 12   0.00  0.00  0.00   0.00  3.77  0.54   0.00  2.41  1.27   0.00  0.00  4.19
 13   0.00  0.00  0.00   0.00  0.00  0.00   0.00  0.89  4.72   1.21  0.52  0.00
 14   0.00  0.00  0.00   0.00  0.00  0.00   0.00  0.38  1.00   0.23  2.29  1.33
 15   0.00  0.00  0.00   0.38  0.00  0.00   0.00  0.00  6.43   0.00  5.48  1.21

 16   0.00  0.00  0.00   0.00  0.20  0.00   0.00  0.00  1.49   0.17  0.81  0.25
 17   0.00  0.00  0.00   0.00  0.86  0.13   0.00  0.00  2.28   0.46  1.91  0.00
 18   0.00  0.00  0.00   0.00  0.00  0.00   0.00  0.00  0.00   0.00  0.81  0.00
 19   0.00  0.21  0.00   0.00  0.00  0.00   0.00  0.00  0.00   0.00  0.37  0.39
 20   0.00  1.04  0.00   0.00  0.00  0.00   0.00  0.00  0.07   0.00  0.96  0.00

 21   0.00  0.00  0.00   0.00 11.66  0.00   0.00  0.12  0.00   0.97  3.41  0.00
 22   0.00  0.00  0.00   0.00  0.00  0.00   0.11  0.00  0.00   0.00  0.28  0.00
 23   0.00  0.00  0.00   0.00  0.81  0.00   0.00  0.00  0.00   0.00  1.75  0.00
 24   0.00  0.00  0.00   0.00  0.00  0.00   1.11  0.88  0.00   0.00  1.75  0.07
 25   0.00  0.00  0.00   0.00  0.00  0.00   3.71  2.15  0.00   0.66  0.21  0.00

 26   0.00  0.00  0.00   0.00  0.65  0.00   0.07  1.91  0.00   0.00  2.12  0.00
 27   0.00  0.00  0.00   0.00 12.28  0.00   0.67  0.00  0.00   0.15  5.53  0.27
 28   0.00  0.00  0.00   0.00  0.00  1.11   0.00  0.46  0.00   0.00 14.05  0.00
 29   0.42        0.00   0.00  0.00  0.31   1.26  3.64  0.00   0.42 10.71  0.15
 30   0.00        0.00   0.00  0.00  0.13   0.00  1.43  0.00   0.00  2.09  0.29

 31   0.00        0.00         0.00         0.00  1.38         0.00        0.60
================================================================================
Mean  0.01  0.13  0.02   0.02  0.98  0.08   0.22  0.69  0.96   0.30  2.23  0.82
--------------------------------------------------------------------------------
Yearly Mean  0.54
