
                             FLARE INDEX OF SOLAR ACTIVITY
                                  NORTHERN HEMISPHERE
      1988
--------------------------------------------------------------------------------
Day    Jan   Feb   Mar    Apr   May   Jun    Jul   Aug   Sep    Oct   Nov   Dec
================================================================================
  1   0.00  3.90  1.22   3.74  0.00  7.79   0.39 14.73  0.77   2.98  7.91  2.00
  2   0.00  0.53  4.95   1.36  2.22  1.65   2.32 11.92  0.90   5.48  7.81  4.79
  3   0.00  3.01  1.06   2.89  0.00  1.71   6.92 15.33  2.67   6.67  2.35  1.49
  4   0.28  1.14  1.04   0.17  0.62  4.27   0.60  5.47  0.92   4.79  2.83  0.00
  5   0.00  4.78  4.44   0.00  2.17  9.21   1.40  4.41  0.09   1.83  1.29  1.80

  6   2.58  0.51  4.70   0.00  0.89  8.00   3.98  5.67  0.00   3.04  4.73 10.19
  7   1.90  2.70  2.93   6.37  0.32  4.48   7.22  2.19  0.00   1.90  2.65  4.47
  8   0.83  0.75  2.06  13.11  0.00  4.51   8.06  4.50  0.00   0.48  9.33  1.03
  9   7.17  1.36  2.94   1.96  0.33  6.65  11.34  6.89  0.00   0.00 12.10 10.22
 10   3.54  0.42  3.15   1.43  0.95  3.64   5.42  6.88  0.48   1.15  9.85  8.59

 11   4.32  0.54  0.54  10.56  0.21  2.30   2.58  2.44  0.87   3.75 12.12  2.58
 12   1.73  0.00  0.00   7.99  0.19  2.83   5.27  4.46  0.52   4.41 15.69 15.93
 13   5.06  0.00  0.00   6.26  0.00  0.23   8.15  2.16  3.81   1.05 29.37  3.74
 14   3.16  0.00  0.00  10.88  0.00  0.00   1.61  1.12  1.60   2.02 29.48 13.33
 15   0.00  0.00  1.25   7.60  0.00  0.67   1.67  1.09  2.15   0.61 21.25 14.50

 16   0.51  2.13  0.00   5.33  0.06  4.35   0.87  2.60  0.35   1.90 31.27 38.69
 17   0.00  0.40  0.00   5.85  0.00  5.13   0.38  5.25  5.69   5.59 19.16  9.87
 18   0.00  0.00  0.92   7.27  0.00  0.83   2.52  1.67  3.83   6.60  8.64  6.59
 19   0.00  0.18  0.52   9.45  0.00  2.54   0.83  1.86  3.90   6.79  9.16 10.13
 20   0.00  0.42  9.00   7.79  0.87  0.72   0.00  0.78  7.59   5.54  8.52  6.83

 21   0.13  0.00  6.20   9.52  0.67  2.56   0.00  0.00  5.58   5.34 16.56  9.81
 22   0.00  0.38  1.38   4.04  0.00  0.00   0.25  0.92 17.64   9.44 11.40 17.90
 23   0.00  0.11  7.13   0.67  0.00  0.45   1.60 25.94 14.58  11.04  2.13  2.79
 24   0.00  0.00 14.85   0.33  0.00  0.94   1.49  6.05 12.79   4.93  1.98  1.58
 25   0.00  0.00  1.96   0.00  0.00  1.41   1.38  9.74  4.19   2.04  0.61  1.28

 26   1.93  0.00  2.21   0.00  0.00  1.44  10.66  3.07  4.33   1.83  4.21  1.53
 27  10.44  4.04  0.09   0.00  0.00  5.02   0.90 12.06  6.83   2.60  1.48  8.06
 28   5.96  2.08  2.02   0.00  0.00  3.69   8.26  1.30  3.17   6.69  1.74  9.44
 29   2.12  0.41  4.75   0.00  2.38  3.00  12.90  1.50  0.56   9.73  0.30  2.36
 30   1.38        3.31   0.24  0.46  2.58   9.56  5.53  4.81   0.98 14.85  4.75

 31   0.07        2.65         2.28        11.23  7.27         0.29        3.17
================================================================================
Mean  1.71  1.03  2.82   4.16  0.47  3.09   4.19  5.64  3.69   3.92 10.02  7.40
--------------------------------------------------------------------------------
Yearly Mean = 4.01
