
                              FLARE INDEX OF SOLAR ACTIVITY
                                    SOUTHERN HEMISPHERE
      1988
--------------------------------------------------------------------------------
Day    Jan   Feb   Mar    Apr   May   Jun    Jul   Aug   Sep    Oct   Nov   Dec
================================================================================
  1   1.65  0.16  5.38   2.40  1.51  6.54   8.85  0.67  2.77   5.81  3.39  2.19
  2  33.66  0.00  2.52   2.11  3.25  3.94  20.89  1.31  1.38   2.71  6.77  3.46
  3   2.07  0.00  5.11   0.49  5.32  4.94   1.42  0.56  4.85  21.81  8.06  1.97
  4   0.00  0.00  4.48   0.52  8.53  2.73   1.29  0.83  2.99   6.94  5.23  0.76
  5   0.14  0.00  0.85   1.24  2.45  2.84   5.02  0.64  4.21   4.42  2.60  0.44

  6   0.11  0.00  0.00   2.06  1.27  2.04   3.63  0.37  1.83   6.17  9.23  1.08
  7   3.22  0.26  0.22   0.83  0.42  3.63   2.43  0.46  3.29   5.21  2.38  3.25
  8   2.74  1.12  0.21   1.45  0.73  4.72   0.65  1.00  4.67   1.38  0.90  1.42
  9   4.92  0.36  0.00   4.04  0.88  3.10   0.00  3.47  1.43   4.11  1.14  0.00
 10   0.38  0.00  0.00   0.36  0.00  1.90   0.00  2.97  0.35   2.22  0.00  4.42

 11   1.56  0.69  5.67   4.25  5.77  3.30   3.25  2.18  2.35   1.71  0.00 15.71
 12   2.67  0.90  9.56   2.15  0.00  7.27  10.10  0.73  2.93  12.51  0.08  2.14
 13   3.73  0.00 10.85   6.15  0.00  0.00   3.71  0.00  7.75   6.09  5.40  2.59
 14  12.33  2.56  8.29   5.41  0.43  0.00   1.80  0.43  3.21   0.17  7.21  9.17
 15   8.46  0.79 12.90   9.94  2.41  7.38   1.65  0.57  0.77   5.49  5.06  3.81

 16   5.04  0.38 18.90   0.51  1.88  1.96   5.99  2.96  4.00   3.21  7.95 12.26
 17   0.41  0.38 11.83   0.34  2.88  3.59   2.01  2.72  2.60   1.62  4.69 18.69
 18   2.41  1.04 11.49   3.50  0.39  3.77   4.79  0.00  1.60   4.15  0.26 14.53
 19   2.81  0.36  7.58   1.95  0.49  2.69   5.96  0.82  1.62   0.58  0.34 11.10
 20   5.05  3.95  2.38   0.25  3.70  4.58   4.63  0.25  7.51   0.09  0.00 12.05

 21   1.73  0.13  3.52   0.25  8.85 18.42   6.13  0.17  5.69   1.51  0.98  1.42
 22   0.00  0.33  3.46   3.29  7.27  8.50  11.17  0.00 17.22   0.27  2.98  2.00
 23   0.60  0.22  6.42   0.00  9.60 12.54   2.65  0.23  8.75   0.90  2.58  2.69
 24   4.65  0.44  5.67   0.90  4.60 35.96  18.61  0.60 10.00   0.00  2.19  3.48
 25   1.93  1.24  6.42   2.44  9.81 14.66   7.52  0.24 14.42   0.54  0.42  8.30

 26   1.60  0.00  0.13   2.63  8.75  4.90   9.95  0.92  7.38   0.58  3.60 13.15
 27   0.94  1.44  0.23   0.36  9.39  7.76   3.65  1.13 19.94   0.69  8.17  4.10
 28   0.00  4.00  0.38   0.00  7.15 17.10   2.47  3.07 12.15   5.86  6.26 19.50
 29   0.00  2.73  2.33   0.54  4.69 25.78   1.80  6.71  8.83   8.81  4.36 12.24
 30   0.26        0.31   4.31  8.63  8.17   6.67  7.67 14.71   2.08  3.17 25.89

 31   0.00        1.06         2.66         0.46  4.13         1.15        0.95
================================================================================
Mean  3.39  0.81  4.78   2.16  3.99  7.49   5.13  1.54  6.04   3.83  3.51  6.93
--------------------------------------------------------------------------------
Yearly Mean = 4.13
