
                              FLARE INDEX OF SOLAR ACTIVITY
                                   SOUTHERN HEMISPHERE
      1993
--------------------------------------------------------------------------------
Day    Jan   Feb   Mar    Apr   May   Jun    Jul   Aug   Sep    Oct   Nov   Dec
================================================================================
  1   0.34  1.97  0.26   3.75  0.00  1.02   3.81  0.00  0.00   3.73  4.00  0.19
  2   1.72  2.72  1.06   0.52  2.14  2.35  10.35  1.27  0.00   1.04  0.33  2.52
  3   0.00  0.83  0.00   0.38  1.18  2.00  11.15  0.00  0.00   0.00  0.59  2.10
  4   0.00  4.03  0.00   0.58  0.31  0.17  24.36  0.00  0.00   1.11  0.96  2.25
  5   2.31  5.63  0.00   0.39  1.89  3.38   1.04  0.00  0.00   3.19  0.00  0.66

  6   0.92 20.49  0.00   6.69  0.36  7.20   4.10  0.00  0.00   1.14  0.00  8.74
  7  14.48  6.81  0.00   6.27  0.86 36.11  14.23  0.00  0.00   2.56  0.00  4.54
  8   1.21  5.22  0.00  26.95  1.73  7.86   0.19  0.00  0.20   0.46  0.77  3.42
  9   1.75  8.34  0.00   2.99  0.20 11.13   0.00  0.00  0.00   2.00  1.04  0.15
 10   3.72  8.50  0.00   4.34  0.13  4.00   0.00  0.00  0.00   1.02  0.00  0.00

 11   5.08 19.03  0.00   2.05  0.32  1.38   0.00  4.26  0.00   0.35  0.00  0.00
 12   6.79  7.00  0.00   5.88  0.29  0.34   0.00  0.29  0.00   3.13  0.00  1.37
 13   4.57 11.39  0.00   0.00  0.00  0.00   1.67  3.33  0.00   0.85  0.00  0.45
 14   0.39  6.07  0.58   0.00  0.00  0.00   2.39  1.09  0.00   0.00  0.00  0.79
 15   0.36  6.68  0.61   0.00  0.00  0.00   0.00  0.00  0.25   0.00  0.00  0.00

 16   5.54  8.82 11.55   1.81  0.00  0.00   0.00  0.00  5.82   1.88  0.00  0.00
 17   2.71 22.61  4.29   0.27  0.00  0.00   0.65  0.21  0.63   0.43  0.00  0.00
 18   1.09 26.63 20.65   2.82  0.38  0.08   0.34  0.00  0.25   1.82  0.00  0.00
 19   0.44  4.12  3.13   1.31  0.00  0.00   0.65  0.68  0.00   0.14  0.00  0.00
 20   1.67  1.45  3.93   4.50  0.00  1.18   1.56  0.02  0.00   0.12  0.00  0.00

 21   1.04  1.73  2.94   2.74  0.00  0.10   1.63  1.58  0.40   0.46  0.00  0.00
 22   0.00  0.22 12.96   1.35  0.00  0.99   0.88  0.00  0.00   0.00  0.00  0.00
 23   0.09  0.67 15.09   1.14  0.44  0.25   4.60  0.08  3.85   0.00  0.00  0.00
 24   3.16  0.96 28.33   5.40  0.00 13.74   1.35  0.00  3.93   0.19  0.00  0.00
 25   0.00  2.60  2.75   2.21  0.00  2.63   1.63  0.54  0.07   0.00  0.00  0.24

 26   0.00  2.34  0.16   2.35  0.00  8.48   0.00  0.00  1.71   0.45  0.11  0.00
 27   6.65  0.40  2.23   1.56  0.00 11.79   0.76  0.00  0.56   0.00  0.00  0.00
 28   0.51  0.00  1.20   2.68  0.00  6.06   0.00  0.00  2.05   0.00  0.32  0.00
 29   1.92        0.59   0.00  0.00  1.73   0.00  0.00  0.00   0.18  0.36  1.40
 30   3.60        0.58   0.13  0.00  1.58   0.25  0.00  5.10   0.92  0.00  1.21

 31   0.47        8.45         1.02         0.51  0.00        21.68        0.48
================================================================================
Mean  2.34  6.69  3.91   3.04  0.36  4.19   2.84  0.43  0.83   1.58  0.28  0.98
--------------------------------------------------------------------------------
Yearly Mean = 2.29
