
                              FLARE INDEX OF SOLAR ACTIVITY
                                   NORTHERN HEMISPHERE
      1993
--------------------------------------------------------------------------------
Day    Jan   Feb   Mar    Apr   May   Jun    Jul   Aug   Sep    Oct   Nov   Dec
================================================================================
  1   0.19  0.00  8.88   1.45  0.00  5.06   0.00  0.00  0.00   1.75  0.00  4.25
  2   0.00  2.92  5.74   0.00  0.00  1.65   0.00  1.92  0.33   4.72  0.00  0.00
  3   0.00  7.52  0.00   0.00  0.00  2.61   0.00  0.77  0.00   8.16  0.00  0.00
  4   0.00  3.18  0.00   0.00  0.61  6.45   1.26  0.00  2.44   2.45  0.00  0.23
  5   0.00  5.77  0.00   0.00  2.35  6.64   0.15  2.08  0.54   1.40  0.00  0.00

  6   0.00 22.68  0.00   0.00  2.54  1.46   0.77  1.22  0.48   0.65  0.00  0.00
  7   0.00  7.02  0.00   0.00 16.33  0.81   0.00  0.27  0.11   1.79  0.00  0.00
  8   0.00  2.86  0.00   3.39  4.49  1.48   0.00  0.69  0.11   1.38  0.00  0.00
  9   0.00  2.67  0.00   0.18  2.89  0.98   0.00  3.35  0.00   5.25  0.00  0.00
 10   0.00  0.57  0.00   1.58  4.36  0.63   0.00  6.56  0.00   0.00  0.00  0.00

 11   1.07  3.28  0.00   0.19  5.02  0.81   0.00  5.90  0.00   0.00  0.00  0.00
 12   0.00  4.15  0.00   2.48  4.62  0.47   0.21  0.77  0.00   0.00  3.41  0.00
 13   0.15  1.27  0.16   0.54  4.92  0.19   0.92  0.47  0.00   0.00 12.55  0.00
 14   0.00  0.83  0.00   0.00 17.50  0.76   0.00  0.08  0.00   0.00  1.17  0.00
 15   0.59  1.57  3.08   0.20  0.27  0.00   0.20  0.00  0.00   3.76  0.95  0.00

 16   0.89  6.00 13.66   3.76  0.00  0.00   0.00  0.00  0.00   0.00  0.86  0.02
 17   0.35  4.76  4.27   7.78  0.00  0.00   0.65  0.00  0.00   0.00  0.06  2.33
 18   0.00 12.54  1.19  10.62  0.65  1.38   0.00  0.00  0.00   0.78  2.71  2.05
 19   0.00  1.68  0.91   6.78  2.09  3.81   0.39  0.00  0.00   1.10  0.25  0.13
 20   0.39  3.34  0.39   9.74  0.29  0.41   0.31  0.00  0.00   7.07  1.73  1.26

 21   0.00 10.29  0.00   3.82  0.31  0.00   1.67  0.00  0.00   0.00  0.15  0.00
 22   0.00  2.86  0.00   2.98  0.18  0.00   0.94  0.00  0.00   0.00  1.07  6.04
 23   0.40  1.44  9.06   1.12  0.00  1.17   1.15  0.70  0.00   0.37  1.23  5.60
 24   3.26  6.91  3.40   0.23  0.60  1.60   0.35  0.00  0.00   0.00  3.35  9.81
 25   1.78  0.15  3.28   1.81  7.40  1.98   0.46  0.00  0.28   1.55  8.03 12.38

 26   0.00  0.32  1.43   0.13  8.79  0.00   0.42  0.23  0.67   1.00  1.76 14.43
 27   1.55  0.00  1.37   0.52 18.04  1.42  12.44  0.00  3.33   1.12  0.41  4.71
 28   0.00  0.87  5.00   1.73 21.21  5.18   0.23  0.00  0.82   1.26  0.00  7.85
 29   0.00        4.29   0.17  8.00  0.19   0.29  0.00  1.71   0.81  0.00  1.92
 30   0.00        9.96   0.00 16.11  0.11   0.93  0.00  2.99   0.00  0.78 17.43

 31   0.00       13.45         1.39         0.35  0.00         0.38        4.09
================================================================================
Mean  0.34  4.20  2.89   2.04  4.87  1.57   0.78  0.81  0.46   1.51  1.35  3.05
--------------------------------------------------------------------------------
Yearly Mean = 1.99
