Kandilli Observatory
                              FLARE INDEX OF SOLAR ACTIVITY
                                   NORTHERN HEMISPHERE
      2005
--------------------------------------------------------------------------------
Day    Jan   Feb   Mar    Apr   May   Jun    Jul   Aug   Sep    Oct   Nov   Dec
================================================================================
  1   0.10  0.00  0.00   0.00  0.00  0.00   0.00  4.21  0.00   0.00  0.00  0.00
  2   0.49  0.00  0.00   0.00  0.00  0.00   0.35  0.47  0.00   0.00  0.00  0.00
  3   1.62  0.00  0.00   0.00  0.00  0.00   0.00  0.68  0.00   0.00  0.00  0.00
  4   6.22  0.00  0.00   0.00  0.00  0.00   0.00  0.33  0.00   0.00  0.00  0.00
  5   0.00  0.00  0.00   0.00  0.00  0.00   0.22  1.54  0.00   0.00  0.00  0.00

  6   0.00  0.00  0.58   0.00  0.00  0.00   1.96  0.04  0.00   0.00  0.00  0.00
  7   0.00  0.00  0.00   0.00  0.00  0.20   4.14  0.00  0.00   0.00  0.00  0.39
  8   0.00  0.00  0.00   0.00  0.00  0.00   0.05  0.00  0.00   0.00  0.00  0.00
  9   0.00  0.00  1.16   0.00  0.19  0.36   5.97  0.00  0.00   0.00  0.00  0.00
 10   0.00  0.00  0.00   0.00  2.56  0.00   0.34  0.00  0.00   0.00  0.00  0.00

 11   0.00  0.00  0.00   0.00  4.93  0.00   2.87  0.00  0.00   0.00  0.00  0.00
 12   0.26  0.00  0.76   0.18 33.44  2.87  19.68  0.00  0.00   0.00  0.00  0.00
 13   0.13  0.00  0.30   0.00 24.16  0.00   4.26  0.00  0.00   0.00  0.00  0.00
 14   6.63  0.00  0.00   0.00  0.00  3.95   0.84  0.00  0.00   0.00  0.00  0.00
 15  40.40  0.00  0.15   0.00  0.00  0.00   0.00  0.00  0.00   0.00  0.00  0.00

 16   6.81  0.00  0.00   0.00  1.41  0.20   0.00  0.00  0.00   0.00  0.00  0.00
 17  33.60  0.00  0.00   0.14  0.20  0.00   0.00  0.00  0.64   0.00  0.00  0.00
 18  14.81  0.00  0.00   0.29  0.00  0.00   0.00  0.00  0.00   0.00  0.00  0.00
 19  20.30  0.00  0.00   0.00  0.00  0.00   0.00  0.00  0.00   0.00  0.00  0.00
 20  23.75  0.00  0.00   0.00  0.00  0.00   0.00  0.00  0.00   0.00  0.00  0.00

 21   0.54  0.00  0.00   0.00  0.00  0.00   0.00  0.00  0.00   0.00  0.00  0.00
 22   0.00  0.00  0.00   0.00  0.00  0.00   0.00  0.00  0.00   0.00  0.00  0.80
 23   0.00  0.00  0.00   0.00  0.00  0.00   0.00  3.04  0.30   0.00  0.00  0.46
 24   0.00  0.00  0.94   0.00  0.45  0.00   0.00  0.10  0.00   0.00  0.00  0.00
 25   0.00  0.00  0.33   0.00  0.00  0.00   0.00  1.28  0.00   0.00  0.00  0.00

 26   0.00  0.00  0.00   0.00  0.00  0.00   0.00  0.00  0.00   0.00  0.00  0.00
 27   0.00  0.00  0.00   0.00  0.00  0.11   0.00  0.24  0.00   0.00  0.00  0.00
 28   0.00  0.00  0.00   0.00  0.00  0.12   0.63  0.25  0.00   0.00  0.00  0.43
 29   0.00        0.00   0.00  0.00  0.00   0.00  0.00  0.00   0.00  0.00  0.00
 30   0.00        0.00   0.00  0.00  0.00  16.47  0.00  0.00   0.00  0.00  0.00

 31   0.00        0.00         0.00         0.90  7.89         0.00        0.00
================================================================================
Mean  5.02  0.00  0.14   0.02  2.17  0.26   1.89  0.65  0.03   0.00  0.00  0.07
--------------------------------------------------------------------------------
Yearly Mean = 0.87


