Kandilli Observatory
                              FLARE INDEX OF SOLAR ACTIVITY
                                   SOUTHERN HEMISPHERE
      2005
--------------------------------------------------------------------------------
Day    Jan   Feb   Mar    Apr   May   Jun    Jul   Aug   Sep    Oct   Nov   Dec
================================================================================
  1   0.00  0.00  0.00   0.00  0.42  1.37   0.00  0.06  0.00   0.00  0.00  0.52
  2   0.00  0.00  0.00   0.00  0.00  0.14   1.83  1.63  0.00   0.00  0.00 10.14
  3   0.00  0.00  0.00   0.00  0.00  4.62   1.10  4.18  0.15   0.00  0.20  6.42
  4   0.00  0.00  0.00   0.00  1.47  2.12   0.21  1.35  0.00   0.00  0.00  6.55
  5   0.00  0.00  0.00   0.15  0.36  0.33   1.58  0.00  0.00   0.24  0.00  0.00

  6   0.00  0.00  0.00   0.09 15.95  4.71   0.00  0.00  0.00   0.00  0.00  0.00
  7   0.00  0.00  0.00   0.00  0.00  0.49   0.00  0.00 20.60   0.00  0.00  0.00
  8   0.00  0.00  0.00   0.00  0.00  2.22   1.05  0.00 27.89   0.00  0.00  0.00
  9   3.61  0.00  0.00   0.00  0.00  0.19   0.00  0.00 17.72   0.00  0.00  0.00
 10   0.00  0.00  0.00   0.00  1.26  0.06   0.17  0.00 43.74   0.00  0.00  0.00

 11   0.00  0.00  0.00   0.00  4.42  0.00   0.00  0.00  9.00   0.00  0.00  0.00
 12   0.12  0.00  0.00   0.00  2.44  0.64   0.00  0.00 24.07   0.00  0.00  0.00
 13   2.71  1.36  0.86   0.00  0.00  0.00   0.00  0.00 34.00   0.14  0.39  0.00
 14   3.17  0.00  0.81   0.00  0.70  0.17   0.00  0.00  6.50   0.35  1.71  0.00
 15   3.35  1.16  0.00   0.00  0.42  0.20   0.43  0.00 14.17   0.00  1.16  0.00

 16   0.00  3.80  0.37   0.00  6.95  0.37   0.47  0.00 13.85   0.00  0.00  0.00
 17   0.00  0.00  1.68   0.47  6.86  0.00   0.00  0.00  7.06   0.00  0.78  0.00
 18   0.00  0.29  0.44   0.00  0.46  1.02   0.00  0.00  0.39   0.00  0.87  0.00
 19   0.25  0.00  0.51   0.00  0.00  0.26   0.00  0.00  0.00   0.00  0.31  0.00
 20   0.00  0.00  0.16   0.00  0.00  0.00   0.00  0.00  0.71   0.00  0.41  0.00

 21   0.00  0.00  0.27   0.00  0.00  0.44   0.00  0.00  0.00   0.00  0.00  0.00
 22   0.00  0.00  0.00   0.00  0.00  0.39   0.00 10.31  0.00   0.00  0.00  0.00
 23   0.00  0.00  0.00   0.00  0.00  0.00   0.00  0.00  0.00   0.00  0.00  0.00
 24   0.00  0.00  0.00   0.00  0.32  0.00   0.00  0.00  0.00   0.00  0.00  0.00
 25   0.00  0.00  0.00   0.00  0.00  0.49   0.00  0.00  0.00   0.00  0.00  0.53

 26   0.00  0.00  0.00   0.56  3.88  0.00   0.00  0.00  0.00   0.00  0.00  0.00
 27   0.00  0.00  0.00   0.00  8.75  0.00   0.00  0.00  0.00   0.00  0.00  0.00
 28   0.00  0.00  0.00   0.00  0.72  0.00   0.00  0.00  0.00   0.00  0.00  0.00
 29   0.00        0.00   0.47  0.00  0.00   0.00  0.88  0.00   0.00  1.94  0.00
 30   0.00        0.00   0.00  0.00  0.00   0.00  0.16  0.00   0.00  0.00  0.00

 31   0.09        0.00         0.00         0.00  0.00         0.00        0.00
================================================================================
Mean  0.43  0.24  0.16   0.06  1.79  0.67   0.22  0.60  7.33   0.02  0.26  0.78
--------------------------------------------------------------------------------
Yearly Mean = 1.04
