Kandilli Observatory
                              FLARE INDEX OF SOLAR ACTIVITY
                                   NORTHERN HEMISPHERE
      1998
--------------------------------------------------------------------------------
Day    Jan   Feb   Mar    Apr   May   Jun    Jul   Aug   Sep    Oct   Nov   Dec
================================================================================
  1   0.51  0.00  0.00   0.00  8.65  0.50   1.57  0.32  6.43   0.00  1.22  4.81
  2   1.15  0.37  0.00   0.00  3.25  0.18   1.02  0.00  0.98   0.09  0.25  3.42
  3   0.54  0.00  0.00   0.00  1.64  3.20   0.07  0.00  2.60   0.50  4.85  2.36
  4   0.31  0.00  0.00   0.00  3.45  0.00   0.41  1.19  0.15   0.98 12.83  0.99
  5   0.00  0.00  0.83   0.00 12.09  0.65  12.08  0.00  2.25   0.65 39.93  0.57

  6   0.00  0.00  0.00   0.00  4.41  0.48   0.00  1.86  1.24   0.00  9.10  2.08
  7   0.00  0.00  0.00   0.00  6.46  0.21   1.35  7.45  0.00   1.47  3.94  1.34
  8   0.00  0.00  0.00   0.00  5.45  0.00   0.50  4.16  4.03   0.46 39.20  1.12
  9   0.00  0.00  0.00   0.00  2.90  0.00   1.04 10.81  3.80   0.63  6.00  1.79
 10   0.00  0.00  0.00   0.00  0.00  0.00   0.00  3.10  4.02   0.61  3.84  0.00

 11   0.00  0.00  0.00   0.00  0.08  0.00   0.40  0.23 10.71   1.33  0.90  0.00
 12   0.00  0.00  0.17   0.02  0.00  0.28   0.00  0.55  2.99   0.00  2.03  0.00
 13   0.00  0.00  0.51   0.00  0.00  0.00   0.28  2.80  7.58   2.33  1.35  0.00
 14   0.00  0.00  0.00   0.00  0.43  1.10   1.39  2.54  0.21   0.86  0.95  0.00
 15   0.00  0.00  0.00   2.79  0.62  0.10   0.19  0.63  0.30   0.35  0.09  0.37

 16   0.77  0.00  0.00   0.62  0.44  0.00   0.00  0.85  0.00   1.88  0.00  0.42
 17   0.00  0.00  0.00   0.00  0.00  2.16   0.00  1.75  0.00   4.93  0.00  3.41
 18   0.52  0.00  0.00   0.38  0.00  1.15   0.00 11.72  0.00   3.02  0.00 19.40
 19   0.16  0.00  4.46   0.99  0.00  0.49   0.00  5.40  0.60   4.36  0.00  1.25
 20   0.00  0.00  0.00   0.00  0.00  3.98   1.10  4.86 12.09   1.35  0.00  3.45

 21   0.00  0.00  0.00   0.28  0.00  1.60   0.80  1.16  6.28   0.00  0.00  3.01
 22   0.00  0.00  0.33   1.29  0.00  2.38   0.78 16.53  0.90   0.23  0.00  1.79
 23   0.00  0.00  0.28   0.11  0.32  3.56   2.52  7.53 26.95   0.38  0.00  1.95
 24   0.00  2.27  0.39   0.00  1.51  4.30   5.00 34.06  1.40   0.00  0.41  6.86
 25   2.09  0.00  0.37   0.00  0.00  2.82   1.02  0.18  3.45   0.34  1.30  1.99

 26   0.69  0.00  1.10   0.00  0.80  1.50   0.00  0.00  0.88   0.23  1.58  7.35
 27   0.00  0.00  0.00   0.00  5.03  7.24   0.68  1.27  2.39   0.00  1.21  3.05
 28   0.00  0.31  1.23   0.00  2.35  2.42   1.49  0.00  1.27   0.98 43.66 21.10
 29   0.00        0.55   0.00  1.56  1.45   0.41  1.59  1.27   0.10  3.10 13.14
 30   0.00        0.14   4.23  0.00  2.25   0.29 12.75  9.63   0.00  2.66  6.04

 31   0.00        0.00         0.17        11.11  8.16         0.04        4.33
================================================================================
Mean  0.22  0.11  0.33   0.36  1.99  1.47   1.47  4.63  3.81   0.91  6.01  3.79
--------------------------------------------------------------------------------
Yearly Mean 2.10
