Kandilli Observatory
                              FLARE INDEX OF SOLAR ACTIVITY
                                    SOUTHERN HEMISPHERE
      1998
--------------------------------------------------------------------------------
Day    Jan   Feb   Mar    Apr   May   Jun    Jul   Aug   Sep    Oct   Nov   Dec
================================================================================
  1   2.36  0.00  1.05   3.88  6.18  0.00   2.35  2.07  7.00   0.67  0.33  0.16
  2   0.20  0.00  2.99   3.45 25.34  0.27   0.14  1.71  1.38   0.34  8.14  0.00
  3   0.00  0.00  6.44   4.05  8.19  0.38   1.47  0.14  6.70   0.00  0.00  0.00
  4   0.00  0.00  1.72   5.02  6.40  2.01   8.78  0.45  0.54   0.00  0.71  0.00
  5   0.00  0.00  3.71   2.41 10.64  0.90   2.17  1.69  1.16   0.00  1.40  0.11

  6   0.00  0.79  0.30   4.49 15.81  0.17   0.02  4.87  2.67   0.00  0.75  0.96
  7   0.00  0.60  0.00   0.00  4.06  2.04   0.00  1.77  0.36  13.82  0.48  1.71
  8   2.37  0.20  0.11   5.88  0.96  5.58   0.00  0.13  0.25   3.69  1.43 22.66
  9   0.00  0.00  0.44   2.95  0.00  0.50   1.02  0.94  0.53   2.19  0.00  5.32
 10   0.13  0.09  0.00   2.27  1.13  1.12   2.45  3.86  0.63   0.00  0.07  1.85

 11   0.00  0.25  1.11   8.89  3.65  0.77   1.24  0.09  0.00   0.52  0.56  5.31
 12   2.95  2.06  0.00   0.60  3.17  3.31   0.00  0.49  0.00   0.72  0.34  4.54
 13   1.41  0.14  1.21   1.31  1.98  5.17   0.34  1.11  0.00   0.00  0.15  3.15
 14   4.00  2.29  3.12   0.25  4.11  1.04   2.90  2.54  0.69   3.09  0.44  2.44
 15   5.08  7.04 12.06   2.49  0.34  0.00   5.02  0.85  0.13   0.42  0.00  0.96

 16   0.35  0.00 22.84   0.23  1.11  0.48   6.23  0.00  0.00   2.98  0.00  3.02
 17   0.51  3.18  3.15   0.00  0.00  0.00   1.28  0.00  0.00   0.00  0.39  5.98
 18   0.09  7.92  6.23   0.00  0.00  0.10   0.00  0.00  2.72   0.00  0.00  0.50
 19   0.10  1.88  5.75   0.00  0.00  0.83   2.69  0.00  1.09   0.00  0.00  0.33
 20   0.00  3.99  0.00   0.00  0.00  0.00   3.23  1.84  0.61   0.74  0.00  0.00

 21   0.00  0.00  0.32   0.00  0.00  0.00   1.09  0.00  0.00   0.67  0.00  0.00
 22   0.60  0.27  1.92   0.00  0.00  0.15   0.45  0.00  0.33   2.07  0.09  0.00
 23   0.21  0.21  0.00   0.00  0.00  0.00   0.62  0.00  1.15   1.19  5.00  0.00
 24   0.00  0.00  1.22   0.00  0.00  0.00   1.11  0.00  1.33   0.53  0.96  0.00
 25   0.33  0.00  0.79   7.44  0.00  0.00   1.57  0.00  2.11   0.34  2.08  0.00

 26   1.77  0.99 12.62   0.11  0.14  0.00   1.92  0.00  2.51   0.00  1.24  0.08
 27   0.00  0.00 16.92  26.95  6.03  0.00   0.00  0.00  3.56   0.00 14.87  0.23
 28   0.00  0.13  0.40   1.65  0.11  0.10   0.59  0.26  0.34   0.00  0.00  1.46
 29   0.43        0.00  55.99  0.48  3.17   0.00  0.00  0.00   0.25  0.00  0.53
 30   0.11        1.11   5.65  0.00  0.00   0.00  2.66  1.38   0.00  0.72  0.00

 31   0.00        4.03         0.27         0.21  2.61         0.00        0.00
================================================================================
Mean  0.74  1.14  3.60   4.87  3.23  0.94   1.58  0.97  1.31   1.10  1.34  1.98
--------------------------------------------------------------------------------
Yearly Mean = 1.90
